arm r39-s1 | run 2026-09-15-213428-8eab1085 | tank r=26.5 m (2.2e+03 m2), 45 m deep, 4 ring(s)
columns of 1 m: 2211 | lineage.jsonl: 17263 births, 81 clades

        t      n      cols    x sd    z sd     nn h    nn 3d   leaf   leaf y   stom   stom y   mixo   mixo y    jnt    jnt y  plain  plain y  clade 1m  jointed  joint y  rigid y
    100.0     42   42/2211   12.68   11.98     3.27     5.00     25   -15.47     11   -21.94      0        -      4   -11.15      2   -17.56         0       24   -14.84   -19.54
    200.0     44   44/2211   11.79   12.98     2.92     4.16     37   -11.51      4   -16.94      0        -      3   -18.10      0        -         0       30   -11.27   -14.99
    300.0     62   61/2211   11.02   12.21     1.97     2.66     58    -9.60      3   -16.35      0        -      1   -18.65      0        -         4       38    -9.29   -11.32
    400.0     85   82/2211    7.90   12.07     1.27     1.91     83    -7.41      2    -2.25      0        -      0        -      0        -         4       50    -7.66    -6.76
    500.0    125  115/2211    7.23   14.53     1.24     1.91    123    -7.47      2    -2.72      0        -      0        -      0        -         8       65    -8.29    -6.42
    600.0    171  152/2211    8.21   16.20     1.10     1.75    169    -7.14      2    -2.60      0        -      0        -      0        -        19       79    -8.27    -6.07
    700.0    212  187/2211    9.03   16.07     1.03     1.67    211    -6.49      1    -3.59      0        -      0        -      0        -        24       88    -7.69    -5.61
    800.0    263  223/2211   10.21   15.86     0.94     1.53    262    -6.54      1    -3.64      0        -      0        -      0        -        34       93    -8.11    -5.66
    900.0    324  268/2211   10.43   14.48     0.85     1.52    323    -6.58      1    -3.65      0        -      0        -      0        -        66       96    -8.26    -5.86
   1000.0    391  324/2211   10.97   12.22     0.76     1.35    390    -6.29      1    -4.73      0        -      0        -      0        -       111      100    -7.91    -5.73
   1100.0    461  379/2211   12.21   11.26     0.75     1.28    460    -6.32      1    -3.78      0        -      0        -      0        -       135      101    -8.01    -5.84
   1200.0    513  413/2211   11.80   11.13     0.66     1.29    512    -6.57      1    -1.42      0        -      0        -      0        -       157      102    -7.82    -6.24
   1300.0    563  423/2211   10.24   10.77     0.60     1.23    562    -6.88      1    -2.04      0        -      0        -      0        -       177      101    -7.72    -6.68
   1400.0    613  464/2211   10.80   12.06     0.61     1.30    612    -6.97      1    -5.60      0        -      0        -      0        -       197      102    -8.07    -6.75
   1500.0    652  479/2211   11.52   13.79     0.62     1.30    651    -7.77      1    -3.52      0        -      0        -      0        -       196      101    -8.79    -7.58
   1600.0    694  511/2211    9.56   13.53     0.62     1.35    693    -9.39      1    -3.70      0        -      0        -      0        -       191      102    -9.89    -9.29
   1700.0    726  553/2211   10.17   13.80     0.63     1.41    725    -9.08      1    -3.67      0        -      0        -      0        -       173      101    -9.35    -9.02
   1800.0    761  573/2211   12.20   14.14     0.65     1.49    760    -9.63      1    -2.79      0        -      0        -      0        -       162      101    -9.55    -9.63
   1900.0    789  595/2211   12.60   13.60     0.65     1.54    788    -9.72      1    -1.34      0        -      0        -      0        -       160      101    -8.93    -9.83
   2000.0    814  591/2211   12.58   10.83     0.57     1.55    813   -10.51      1    -1.74      0        -      0        -      0        -       174      101   -10.73   -10.46
   2100.0    844  638/2211   14.27   10.73     0.63     1.57    843   -11.97      1   -10.02      0        -      0        -      0        -       173      101   -12.66   -11.87
   2200.0    875  651/2211   15.56   11.73     0.65     1.69    874   -13.89      1   -14.77      0        -      0        -      0        -       136      100   -15.10   -13.74
   2300.0    898  670/2211   13.92   10.88     0.61     1.74    897   -14.56      1   -14.94      0        -      0        -      0        -       126      100   -16.04   -14.37
   2400.0    919  699/2211   13.06   10.59     0.61     1.82    918   -14.71      1   -10.19      0        -      0        -      0        -       128      100   -16.17   -14.53
   2500.0    948  720/2211   13.42   11.58     0.64     1.88    947   -14.43      1    -9.67      0        -      0        -      0        -       120       98   -15.58   -14.29
   2600.0    980  758/2211   13.80   12.03     0.66     1.89    980   -14.68      0        -      0        -      0        -      0        -       115       97   -16.33   -14.50
   2700.0   1001  765/2211   13.03   11.62     0.65     1.91   1001   -14.87      0        -      0        -      0        -      0        -       100       96   -16.02   -14.75
   2800.0   1026  755/2211   12.71   11.69     0.59     1.88   1026   -15.30      0        -      0        -      0        -      0        -        86       96   -14.93   -15.34
   2900.0   1053  801/2211   13.55   12.81     0.62     1.96   1053   -15.52      0        -      0        -      0        -      0        -        80       96   -16.06   -15.47
   3000.0   1083  809/2211   13.19   13.16     0.63     1.95   1083   -16.55      0        -      0        -      0        -      0        -        89       96   -17.60   -16.45
   3100.0   1112  851/2211   12.71   13.00     0.63     2.03   1112   -16.60      0        -      0        -      0        -      0        -        99       96   -16.49   -16.61
   3200.0   1144  833/2211   12.81   12.87     0.58     2.03   1144   -16.29      0        -      0        -      0        -      0        -        83       96   -15.78   -16.34
   3300.0   1168  866/2211   13.46   13.00     0.62     2.10   1168   -16.97      0        -      0        -      0        -      0        -        93       93   -16.52   -17.01
   3400.0   1196  894/2211   13.32   12.57     0.59     2.01   1196   -17.20      0        -      0        -      0        -      0        -        83       90   -16.52   -17.25
   3500.0   1237  918/2211   12.90   11.98    ~0.59    ~2.08   1237   -17.31      0        -      0        -      0        -      0        -        74       90   -15.59   -17.45
   3600.0   1268  902/2211   13.22   12.11    ~0.59    ~2.08   1268   -16.69      0        -      0        -      0        -      0        -        89       90   -15.18   -16.80
   3700.0   1295  948/2211   13.61   13.01    ~0.57    ~1.96   1294   -17.07      0        -      0        -      0        -      1   -27.30       101       85   -15.28   -17.21
   3800.0   1324  941/2211   13.22   13.00    ~0.56    ~1.93   1323   -16.79      0        -      0        -      0        -      1   -30.20        95       85   -14.94   -16.93
   3900.0   1354  977/2211   12.75   12.74    ~0.56    ~1.93   1354   -16.39      0        -      0        -      0        -      0        -       108       85   -14.33   -16.52
   4000.0   1394  985/2211   13.25   13.00    ~0.56    ~2.06   1393   -16.56      1   -11.52      0        -      0        -      0        -       100       85   -15.09   -16.65
   4100.0   1407  973/2211   13.51   13.39    ~0.54    ~1.97   1406   -17.75      1   -11.06      0        -      0        -      0        -       129       85   -18.14   -17.72
   4200.0   1436 1003/2211   13.05   13.04    ~0.57    ~1.93   1434   -17.13      1    -8.47      0        -      0        -      1   -18.43       102       83   -17.02   -17.13
   4300.0   1480 1039/2211   12.66   12.87    ~0.54    ~1.94   1479   -16.79      1    -7.13      0        -      0        -      0        -       104       78   -15.88   -16.83
   4400.0   1513 1053/2211   12.97   13.36    ~0.51    ~1.97   1512   -16.70      1    -9.72      0        -      0        -      0        -       118       78   -16.44   -16.71
   4500.0   1542 1055/2211   13.05   13.44    ~0.53    ~1.96   1541   -16.79      1   -11.46      0        -      0        -      0        -       113       73   -16.07   -16.82
   4600.0   1570 1076/2211   12.74   12.58    ~0.52    ~1.87   1569   -16.83      1    -9.11      0        -      0        -      0        -       114       73   -16.65   -16.84
   4700.0   1612 1125/2211   12.91   12.13    ~0.52    ~1.84   1611   -17.50      1   -23.94      0        -      0        -      0        -       127       70   -17.25   -17.52
   4800.0   1651 1113/2211   13.44   12.28    ~0.49    ~1.88   1650   -17.85      1    -5.92      0        -      0        -      0        -       142       67   -17.01   -17.88
   4900.0   1665 1137/2211   13.55   12.14    ~0.51    ~1.82   1663   -17.69      1    -7.49      0        -      0        -      1   -21.21       129       65   -17.19   -17.70
   5000.0   1692 1141/2211   13.79   12.17    ~0.48    ~1.82   1691   -17.56      1   -19.06      0        -      0        -      0        -       148       59   -16.12   -17.61
   5100.0   1722 1165/2211   13.94   12.46    ~0.51    ~1.85   1721   -17.65      1   -24.75      0        -      0        -      0        -       148       57   -16.00   -17.71
   5200.0   1746 1206/2211   13.79   12.69    ~0.54    ~1.84   1745   -18.06      1   -21.69      0        -      0        -      0        -       140       52   -15.58   -18.14
   5300.0   1751 1193/2211   13.54   12.73    ~0.54    ~1.81   1750   -17.97      1   -21.13      0        -      0        -      0        -       157       49   -15.27   -18.05
   5400.0   1765 1178/2211   13.25   12.76    ~0.50    ~1.84   1764   -17.60      1   -14.19      0        -      0        -      0        -       139       47   -13.69   -17.71
   5500.0   1773 1180/2211   12.90   13.11    ~0.50    ~1.86   1772   -17.62      1   -16.53      0        -      0        -      0        -       157       45   -12.50   -17.75
   5600.0   1797 1192/2211   12.82   13.11    ~0.51    ~1.84   1796   -17.80      1   -20.06      0        -      0        -      0        -       140       44   -12.45   -17.94
   5700.0   1803 1225/2211   13.05   13.30    ~0.51    ~1.96   1802   -17.70      1   -16.18      0        -      0        -      0        -       136       42   -12.99   -17.81
   5800.0   1818 1229/2211   13.20   13.01    ~0.51    ~1.92   1817   -17.61      1   -11.41      0        -      0        -      0        -       126       41   -14.29   -17.68
   5900.0   1829 1232/2211   13.28   12.77    ~0.51    ~1.86   1828   -17.83      1   -16.25      0        -      0        -      0        -       168       38   -13.48   -17.93
   6000.0   1828 1218/2211   13.69   12.69    ~0.53    ~1.86   1827   -18.37      1   -18.50      0        -      0        -      0        -       147       36   -13.95   -18.45
   6100.0   1827 1221/2211   13.78   12.78    ~0.53    ~1.86   1826   -17.99      1   -16.34      0        -      0        -      0        -       142       35   -13.49   -18.07
   6200.0   1845 1237/2211   13.36   12.81    ~0.52    ~1.86   1844   -17.91      1   -16.19      0        -      0        -      0        -       133       33   -12.33   -18.01
   6300.0   1854 1243/2211   13.12   12.80    ~0.50    ~1.81   1852   -18.35      2   -24.65      0        -      0        -      0        -       148       31   -12.45   -18.46
   6400.0   1851 1223/2211   13.30   13.05    ~0.50    ~1.86   1849   -18.44      2   -25.70      0        -      0        -      0        -       136       28   -11.81   -18.55
   6500.0   1863 1209/2211   12.99   12.98    ~0.48    ~1.81   1861   -18.24      2   -22.34      0        -      0        -      0        -       148       28   -12.69   -18.33
   6600.0   1876 1228/2211   12.61   12.70    ~0.49    ~1.88   1874   -18.76      2   -21.42      0        -      0        -      0        -       125       27   -15.09   -18.81
   6700.0   1894 1236/2211   12.92   12.99    ~0.49    ~1.80   1892   -19.11      2   -24.43      0        -      0        -      0        -       147       27   -14.57   -19.18
   6800.0   1870 1230/2211   13.19   13.16    ~0.49    ~1.91   1866   -18.94      3   -26.19      0        -      0        -      1   -37.33       143       26   -14.38   -19.03
   6900.0   1898 1242/2211   13.25   12.95    ~0.53    ~1.80   1895   -19.19      3   -21.84      0        -      0        -      0        -       144       25   -12.89   -19.27
   7000.0   1917 1247/2211   13.24   12.70    ~0.49    ~1.86   1914   -19.54      3   -21.46      0        -      0        -      0        -       147       25   -13.14   -19.63
   7100.0   1924 1270/2211   13.58   13.03    ~0.50    ~1.90   1920   -20.10      3   -16.49      0        -      0        -      1   -32.03       116       24   -14.26   -20.18
   7200.0   1896 1253/2211   13.66   13.04    ~0.51    ~1.92   1893   -19.75      3   -19.47      0        -      0        -      0        -       125       21   -14.18   -19.82
   7300.0   1907 1238/2211   13.16   12.48    ~0.47    ~1.89   1904   -19.83      3   -35.16      0        -      0        -      0        -       139       19   -13.52   -19.92
   7400.0   1926 1264/2211   12.97   12.47    ~0.48    ~1.95   1923   -20.05      3   -32.36      0        -      0        -      0        -       138       18   -13.09   -20.13
   7500.0   1937 1261/2211   13.27   12.55    ~0.49    ~1.90   1933   -20.06      4   -27.83      0        -      0        -      0        -       132       17   -12.53   -20.14
   7600.0   1929 1276/2211   13.38   12.58    ~0.48    ~1.95   1924   -19.83      4   -26.40      0        -      0        -      1   -41.27       159       16   -11.48   -19.93
   7700.0   1920 1256/2211   13.33   12.44    ~0.50    ~1.93   1916   -19.85      4   -26.34      0        -      0        -      0        -       153       15   -11.71   -19.93
   7800.0   1934 1259/2211   13.46   12.92    ~0.50    ~1.95   1930   -20.22      4   -28.17      0        -      0        -      0        -       132       13   -10.62   -20.30
   7900.0   1901 1247/2211   13.40   13.22    ~0.50    ~1.93   1897   -20.27      4   -30.92      0        -      0        -      0        -       107       12   -11.38   -20.35
   8000.0   1907 1232/2211   13.31   12.94    ~0.49    ~1.98   1903   -20.20      4   -31.48      0        -      0        -      0        -       132       11   -10.45   -20.28
   8100.0   1907 1241/2211   13.06   12.87    ~0.51    ~1.89   1903   -20.30      4   -32.37      0        -      0        -      0        -       172       11    -9.87   -20.39
   8200.0   1918 1239/2211   13.25   13.24    ~0.50    ~1.88   1911   -20.31      7   -34.93      0        -      0        -      0        -       171       11   -11.03   -20.42
   8300.0   1896 1246/2211   13.41   13.61    ~0.47    ~1.89   1885   -20.61     11   -37.77      0        -      0        -      0        -       145       11   -12.11   -20.76
   8400.0   1907 1259/2211   13.33   13.18    ~0.49    ~1.89   1894   -20.58     13   -35.17      0        -      0        -      0        -       153       10   -13.14   -20.72
   8500.0   1905 1254/2211   13.39   12.70    ~0.48    ~1.97   1891   -20.69     14   -34.36      0        -      0        -      0        -       158        9   -13.14   -20.83
   8600.0   1922 1245/2211   13.37   13.14    ~0.50    ~1.91   1904   -20.69     18   -39.15      0        -      0        -      0        -       140        8   -12.88   -20.89
   8700.0   1897 1238/2211   13.43   13.39    ~0.49    ~1.96   1875   -20.67     22   -41.13      0        -      0        -      0        -       145        8   -13.92   -20.93
   8800.0   1898 1230/2211   12.95   13.15    ~0.49    ~1.91   1871   -20.30     27   -38.23      0        -      0        -      0        -       143        8   -14.86   -20.57
   8900.0   1917 1272/2211   12.82   13.06    ~0.50    ~1.91   1887   -20.21     30   -37.41      0        -      0        -      0        -       141        6   -17.51   -20.48
   9000.0   1905 1224/2211   13.27   13.32    ~0.48    ~1.92   1866   -20.38     39   -37.78      0        -      0        -      0        -       142        5   -17.32   -20.74
   9100.0   1876 1240/2211   13.08   13.04    ~0.50    ~1.96   1830   -19.96     46   -37.53      0        -      0        -      0        -       145        4   -19.70   -20.39
   9200.0   1891 1238/2211   12.94   12.64    ~0.50    ~1.83   1838   -19.90     53   -34.99      0        -      0        -      0        -       153        4   -19.67   -20.32
   9300.0   1904 1257/2211   13.06   12.61    ~0.49    ~1.92   1842   -19.91     62   -37.07      0        -      0        -      0        -       148        2    -3.50   -20.48
   9400.0   1883 1232/2211   13.10   13.15    ~0.51    ~1.88   1813   -19.81     70   -40.21      0        -      0        -      0        -       128        2    -6.83   -20.59
   9500.0   1883 1226/2211   12.73   12.92    ~0.50    ~1.93   1803   -19.87     80   -37.14      0        -      0        -      0        -       123        2    -8.80   -20.62
   9600.0   1886 1239/2211   12.53   12.63    ~0.50    ~1.98   1799   -20.22     87   -32.45      0        -      0        -      0        -       105        2    -9.75   -20.80
   9700.0   1915 1270/2211   12.87   12.87    ~0.50    ~1.96   1823   -20.06     92   -34.97      0        -      0        -      0        -       143        2   -10.71   -20.78
   9800.0   1871 1229/2211   13.38   13.07    ~0.51    ~1.91   1774   -19.60     97   -36.14      0        -      0        -      0        -       104        2   -11.38   -20.47
   9900.0   1890 1223/2211   13.29   13.09    ~0.48    ~1.94   1785   -19.65    105   -33.59      0        -      0        -      0        -       146        2    -8.72   -20.44
  10000.0   1896 1241/2211   13.18   13.05    ~0.49    ~1.89   1783   -19.88    113   -30.46      0        -      0        -      0        -       154        2    -8.20   -20.53
  10100.0   1903 1254/2211   13.27   13.23    ~0.50    ~1.92   1784   -19.86    119   -31.86      0        -      0        -      0        -       152        0        -   -20.61
  10200.0   1890 1250/2211   13.13   12.98    ~0.49    ~1.85   1760   -19.81    130   -32.26      0        -      0        -      0        -       143        0        -   -20.67
  10300.0   1888 1245/2211   12.79   12.67    ~0.49    ~1.90   1744   -19.96    144   -31.63      0        -      0        -      0        -       136        0        -   -20.85
  10400.0   1891 1237/2211   12.93   12.37    ~0.51    ~1.94   1741   -20.12    150   -31.96      0        -      0        -      0        -       120        0        -   -21.06
  10500.0   1891 1248/2211   13.13   12.54    ~0.51    ~1.96   1727   -19.86    164   -30.34      0        -      0        -      0        -       146        0        -   -20.77
  10600.0   1875 1250/2211   13.26   12.33    ~0.49    ~1.91   1703   -19.86    172   -30.59      0        -      0        -      0        -       107        0        -   -20.84
  10700.0   1873 1202/2211   13.32   12.20    ~0.49    ~1.94   1682   -19.95    191   -33.22      0        -      0        -      0        -       116        0        -   -21.31
  10800.0   1889 1236/2211   13.32   12.40    ~0.49    ~1.96   1681   -20.08    208   -33.93      0        -      0        -      0        -       110        0        -   -21.60
  10900.0   1881 1217/2211   13.32   13.00    ~0.47    ~1.94   1653   -20.71    228   -31.86      0        -      0        -      0        -       124        0        -   -22.06
  11000.0   1867 1238/2211   12.98   13.23    ~0.49    ~1.95   1621   -20.19    246   -31.71      0        -      0        -      0        -       125        0        -   -21.71
  11100.0   1883 1198/2211   12.73   13.05    ~0.48    ~1.93   1612   -20.08    271   -31.28      0        -      0        -      0        -       115        0        -   -21.69
  11200.0   1892 1260/2211   13.04   13.17    ~0.51    ~1.93   1594   -19.93    298   -32.19      0        -      0        -      0        -       120        0        -   -21.86
  11300.0   1869 1235/2211   13.34   13.22    ~0.50    ~1.98   1541   -19.79    328   -31.66      0        -      0        -      0        -       109        0        -   -21.87
  11400.0   1878 1239/2211   13.11   13.10    ~0.52    ~1.99   1524   -19.68    354   -32.26      0        -      0        -      0        -       127        0        -   -22.05
  11500.0   1884 1265/2211   12.95   12.90    ~0.52    ~1.99   1513   -20.22    371   -30.79      0        -      0        -      0        -       130        0        -   -22.30
  11600.0   1899 1264/2211   13.21   12.81    ~0.50    ~2.04   1506   -19.96    393   -31.61      0        -      0        -      0        -       115        0        -   -22.37
  11700.0   1878 1241/2211   13.17   12.78    ~0.49    ~2.04   1457   -19.30    421   -31.25      0        -      0        -      0        -       133        0        -   -21.98
  11800.0   1878 1253/2211   12.96   12.71    ~0.51    ~2.01   1434   -19.19    444   -30.36      0        -      0        -      0        -       128        0        -   -21.83
  11900.0   1892 1233/2211   12.69   12.84    ~0.51    ~1.97   1429   -19.43    463   -30.27      0        -      0        -      0        -       100        0        -   -22.08
  12000.0   1904 1248/2211   12.66   12.95    ~0.49    ~2.00   1422   -19.07    482   -30.30      0        -      0        -      0        -       136        0        -   -21.91
  12100.0   1897 1254/2211   12.69   13.14    ~0.48    ~2.00   1396   -18.94    501   -29.95      0        -      0        -      0        -       117        0        -   -21.85
  12200.0   1915 1254/2211   12.59   13.12    ~0.50    ~1.97   1392   -19.08    523   -29.68      0        -      0        -      0        -       143        0        -   -21.98
  12300.0   1933 1245/2211   12.62   13.17    ~0.49    ~1.92   1393   -19.08    540   -30.26      0        -      0        -      0        -       135        0        -   -22.21
  12400.0   1933 1252/2211   12.97   13.02    ~0.48    ~1.92   1369   -19.12    564   -29.32      0        -      0        -      0        -       138        0        -   -22.09
  12500.0   1935 1279/2211   13.10   12.87    ~0.49    ~1.94   1349   -19.02    585   -29.20      0        -      0        -      1   -19.45       143        0        -   -22.10
  12600.0   1940 1260/2211   13.06   12.75    ~0.49    ~2.02   1341   -18.90    599   -28.96      0        -      0        -      0        -       155        0        -   -22.01
  12700.0   1950 1266/2211   13.24   12.92    ~0.50    ~1.92   1335   -19.08    615   -29.25      0        -      0        -      0        -       128        0        -   -22.29
  12800.0   1940 1250/2211   13.12   12.92    ~0.50    ~1.98   1310   -19.89    630   -27.98      0        -      0        -      0        -       144        0        -   -22.52
  12900.0   1943 1273/2211   12.65   12.83    ~0.45    ~1.98   1292   -19.87    651   -28.04      0        -      0        -      0        -       129        0        -   -22.61
  13000.0   1961 1272/2211   12.68   12.94    ~0.50    ~2.02   1292   -19.51    669   -28.77      0        -      0        -      0        -       122        0        -   -22.67
  13100.0   1972 1307/2211   12.75   12.90    ~0.50    ~1.96   1290   -19.76    682   -27.84      0        -      0        -      0        -       149        0        -   -22.55
  13200.0   1969 1279/2211   12.80   12.66    ~0.51    ~1.95   1279   -20.28    690   -25.81      0        -      0        -      0        -       136        0        -   -22.22
  13300.0   1972 1294/2211   12.65   12.69    ~0.50    ~1.90   1272   -20.01    700   -27.00      0        -      0        -      0        -       129        0        -   -22.49
  13400.0   1975 1314/2211   12.86   12.99    ~0.51    ~1.95   1266   -19.61    709   -27.46      0        -      0        -      0        -       131        0        -   -22.43
  13500.0   1984 1302/2211   13.04   13.17    ~0.47    ~1.92   1268   -19.79    716   -27.34      0        -      0        -      0        -       115        0        -   -22.52
  13600.0   1993 1304/2211   12.89   13.14    ~0.49    ~2.00   1273   -19.70    720   -27.15      0        -      0        -      0        -       149        0        -   -22.39
  13700.0   2000 1308/2211   12.94   13.22    ~0.49    ~1.96   1267   -19.53    733   -27.70      0        -      0        -      0        -       117        0        -   -22.52
  13800.0   2004 1280/2211   13.07   13.30    ~0.50    ~1.92   1256   -19.39    748   -27.90      0        -      0        -      0        -       158        0        -   -22.57
  13900.0   2005 1287/2211   13.01   13.31    ~0.48    ~1.92   1246   -19.67    759   -27.29      0        -      0        -      0        -       171        0        -   -22.55
  14000.0   1994 1285/2211   12.98   13.03    ~0.50    ~1.95   1211   -19.31    783   -27.39      0        -      0        -      0        -       160        0        -   -22.48
  14100.0   1998 1291/2211   13.24   12.92    ~0.49    ~1.98   1202   -18.84    796   -27.75      0        -      0        -      0        -       158        0        -   -22.39
  14200.0   2005 1318/2211   13.37   12.91    ~0.47    ~1.93   1210   -18.86    795   -27.59      0        -      0        -      0        -       126        0        -   -22.32
  14300.0   2003 1324/2211   13.36   12.72    ~0.51    ~1.97   1213   -18.70    790   -27.50      0        -      0        -      0        -       140        0        -   -22.17
  14400.0   1994 1286/2211   13.20   12.70    ~0.47    ~1.98   1213   -18.77    780   -27.53      0        -      0        -      1   -24.81       127        0        -   -22.20
  14500.0   1972 1324/2211   13.22   12.92    ~0.51    ~2.03   1204   -19.10    767   -26.91      0        -      0        -      1   -17.43       141        0        -   -22.13
  14600.0   1966 1281/2211   13.17   12.91    ~0.49    ~1.97   1220   -19.09    745   -27.10      0        -      0        -      1   -19.11       125        0        -   -22.12
  14700.0   1935 1274/2211   12.85   12.85    ~0.50    ~2.00   1216   -18.44    718   -26.81      0        -      0        -      1   -24.58       116        0        -   -21.55
  14800.0   1933 1271/2211   12.83   12.99    ~0.49    ~1.98   1246   -18.72    686   -26.93      0        -      0        -      1   -26.90       120        0        -   -21.64
  14900.0   1926 1269/2211   13.06   13.06    ~0.49    ~2.02   1279   -19.00    647   -26.49      0        -      0        -      0        -       117        0        -   -21.51
  15000.0   1915 1265/2211   13.09   12.93    ~0.52    ~1.96   1314   -19.01    601   -26.46      0        -      0        -      0        -       128        0        -   -21.35
  15100.0   1884 1205/2211   12.97   12.86    ~0.51    ~1.99   1337   -19.41    547   -26.24      0        -      0        -      0        -       118        0        -   -21.40
  15200.0   1878 1237/2211   13.29   13.20    ~0.49    ~1.97   1376   -19.00    502   -25.52      0        -      0        -      0        -       119        0        -   -20.74
  15300.0   1854 1238/2211   13.26   13.31    ~0.53    ~1.95   1414   -18.86    440   -24.27      0        -      0        -      0        -       160        0        -   -20.15
  15400.0   1845 1220/2211   12.97   13.10    ~0.50    ~1.88   1461   -19.21    384   -24.36      0        -      0        -      0        -       158        0        -   -20.28
  15500.0   1805 1200/2211   13.01   12.97    ~0.50    ~1.92   1504   -19.36    301   -23.39      0        -      0        -      0        -       180        0        -   -20.04
  15600.0   1817 1192/2211   13.02   13.38    ~0.50    ~1.86   1560   -19.02    257   -22.83      0        -      0        -      0        -       175        0        -   -19.56
  15700.0   1803 1218/2211   12.85   13.40    ~0.52    ~1.89   1591   -19.08    212   -22.11      0        -      0        -      0        -       167        0        -   -19.44
  15800.0   1801 1198/2211   12.97   13.21    ~0.50    ~1.86   1616   -19.45    185   -22.01      0        -      0        -      0        -       158        0        -   -19.71
  15900.0   1785 1189/2211   13.43   13.28    ~0.48    ~1.88   1627   -19.42    158   -22.03      0        -      0        -      0        -       158        0        -   -19.65
  16000.0   1783 1183/2211   13.27   13.12    ~0.51    ~1.87   1651   -19.10    132   -21.82      0        -      0        -      0        -       169        0        -   -19.30
  16100.0   1805 1193/2211   12.80   12.73    ~0.52    ~1.95   1691   -19.26    114   -21.80      0        -      0        -      0        -       188        0        -   -19.42
  16200.0   1813 1170/2211   12.93   12.64    ~0.49    ~1.83   1715   -19.36     98   -22.12      0        -      0        -      0        -       177        0        -   -19.51
  16300.0   1800 1196/2211   13.51   12.89    ~0.51    ~1.89   1719   -19.26     80   -21.86      0        -      0        -      1   -20.60       175        0        -   -19.38
  16400.0   1809 1206/2211   13.11   12.71    ~0.49    ~1.90   1734   -19.07     75   -20.79      0        -      0        -      0        -       167        0        -   -19.14
  16500.0   1814 1228/2211   12.82   12.48    ~0.50    ~1.88   1749   -19.74     65   -20.48      0        -      0        -      0        -       135        0        -   -19.76
  16600.0   1817 1193/2211   13.00   12.67    ~0.49    ~1.84   1768   -19.89     49   -21.50      0        -      0        -      0        -       153        0        -   -19.93
  16700.0   1808 1214/2211   13.01   12.68    ~0.50    ~1.89   1767   -19.42     41   -21.64      0        -      0        -      0        -       131        0        -   -19.47
  16800.0   1798 1189/2211   12.64   12.39    ~0.51    ~1.93   1766   -19.76     32   -19.87      0        -      0        -      0        -       144        0        -   -19.77
  16900.0   1799 1177/2211   12.96   12.76    ~0.50    ~1.92   1774   -20.23     25   -19.70      0        -      0        -      0        -       153        0        -   -20.22
  17000.0   1743 1149/2211   13.37   13.06    ~0.52    ~1.96   1723   -19.49     20   -20.61      0        -      0        -      0        -       141        0        -   -19.50
  17100.0   1759 1206/2211   13.27   12.62    ~0.52    ~1.98   1739   -18.98     20   -22.77      0        -      0        -      0        -       147        0        -   -19.02
  17200.0   1773 1173/2211   12.89   12.04    ~0.52    ~1.92   1755   -19.38     17   -25.97      0        -      0        -      1   -26.19       153        0        -   -19.44
  17300.0   1787 1180/2211   13.09   12.41    ~0.49    ~1.86   1772   -19.24     14   -23.08      0        -      0        -      1   -25.07       193        0        -   -19.28
  17400.0   1802 1218/2211   13.21   13.16    ~0.53    ~1.89   1788   -19.37     13   -24.17      0        -      0        -      1   -26.78       153        0        -   -19.41
  17500.0   1777 1196/2211   12.98   12.71    ~0.50    ~1.87   1765   -19.10     11   -26.38      0        -      0        -      1   -27.09       140        0        -   -19.15
  17600.0   1787 1210/2211   13.12   12.62    ~0.52    ~1.94   1776   -19.60     10   -25.09      0        -      0        -      1   -27.18       143        0        -   -19.63
  17700.0   1796 1195/2211   13.29   13.10    ~0.53    ~1.88   1785   -19.75      9   -22.47      0        -      0        -      2   -21.02       148        0        -   -19.76
  17800.0   1803 1182/2211   13.35   13.22    ~0.48    ~1.94   1793   -19.36      8   -22.52      0        -      0        -      2   -19.00       125        0        -   -19.38
  17900.0   1799 1222/2211   13.23   12.93    ~0.50    ~1.88   1790   -19.10      7   -22.21      0        -      0        -      2   -16.64       151        0        -   -19.10
  18000.0   1790 1197/2211   13.04   13.07    ~0.47    ~1.91   1782   -18.75      6   -21.90      0        -      0        -      2   -18.70       152        0        -   -18.76
  18100.0   1779 1199/2211   13.42   13.33    ~0.52    ~1.90   1772   -18.50      6   -15.73      0        -      0        -      1   -16.09       158        0        -   -18.48
  18200.0   1782 1193/2211   13.30   12.96    ~0.49    ~1.89   1775   -18.37      6   -15.74      0        -      0        -      1   -14.09       169        0        -   -18.36
  18300.0   1808 1209/2211   13.03   12.22    ~0.51    ~1.85   1800   -19.80      7   -18.18      0        -      0        -      1   -12.96       182        0        -   -19.79
  18400.0   1831 1201/2211   12.87   12.02    ~0.50    ~1.82   1823   -19.50      7   -18.86      0        -      0        -      1   -15.53       176        0        -   -19.49
  18500.0   1824 1213/2211   12.72   12.20    ~0.52    ~1.84   1816   -18.19      7   -16.54      0        -      0        -      1   -16.96       195        0        -   -18.19
  18600.0   1809 1193/2211   12.63   12.33    ~0.52    ~1.86   1801   -18.59      7   -16.52      0        -      0        -      1   -15.56       194        0        -   -18.58
  18700.0   1786 1199/2211   12.39   12.49    ~0.51    ~1.95   1779   -19.32      6   -16.08      0        -      0        -      1   -11.47       185        0        -   -19.30
  18800.0   1810 1207/2211   12.85   12.84    ~0.50    ~1.84   1804   -17.85      5   -20.23      0        -      0        -      1    -1.14       161        0        -   -17.85
  18900.0   1825 1236/2211   13.47   13.18    ~0.52    ~1.90   1820   -18.46      4   -20.73      0        -      0        -      1    -3.06       190        0        -   -18.45
  19000.0   1840 1224/2211   13.16   12.70    ~0.50    ~1.84   1834   -18.28      4   -27.01      0        -      0        -      2   -23.27       186        0        -   -18.30
  19100.0   1851 1224/2211   13.18   12.44    ~0.50    ~1.84   1846   -18.19      4   -27.05      0        -      0        -      1   -20.60       181        0        -   -18.21
  19200.0   1853 1215/2211   13.49   13.17    ~0.48    ~1.89   1848   -18.59      4   -26.55      0        -      0        -      1   -24.32       197        0        -   -18.61
  19300.0   1817 1212/2211   13.30   13.08    ~0.50    ~1.95   1812   -19.08      4   -30.08      0        -      0        -      1   -32.34       186        0        -   -19.11
  19400.0   1832 1202/2211   12.85   12.25    ~0.49    ~1.89   1828   -19.80      3   -26.53      0        -      0        -      1   -27.87       171        0        -   -19.81
  19500.0   1836 1190/2211   13.03   12.15    ~0.49    ~1.86   1833   -19.53      2   -21.98      0        -      0        -      1   -25.97       159        0        -   -19.54
  19600.0   1868 1232/2211   13.56   12.52    ~0.46    ~1.91   1865   -19.33      2   -19.64      0        -      0        -      1   -26.71       172        0        -   -19.33
  19700.0   1878 1229/2211   13.41   13.02    ~0.49    ~1.92   1875   -19.32      2   -19.79      0        -      0        -      1   -26.33       159        0        -   -19.32
  19800.0   1884 1262/2211   13.24   12.93    ~0.51    ~1.91   1881   -19.00      2   -16.05      0        -      0        -      1   -33.85       148        0        -   -19.00
  19900.0   1883 1263/2211   13.49   13.30    ~0.52    ~1.95   1880   -19.33      2   -17.93      0        -      0        -      1   -27.12       136        0        -   -19.34
  20000.0   1864 1229/2211   13.82   13.71    ~0.49    ~2.00   1861   -20.86      2   -23.33      0        -      0        -      1   -26.88       129        0        -   -20.86
  20100.0   1866 1252/2211   13.77   13.42    ~0.50    ~2.00   1863   -20.70      2   -25.06      0        -      0        -      1   -21.44       159        0        -   -20.70
  20200.0   1899 1252/2211   13.49   13.31    ~0.50    ~1.95   1896   -20.82      2   -24.89      0        -      0        -      1   -14.73       164        0        -   -20.82
  20300.0   1902 1228/2211   13.38   13.39    ~0.47    ~1.90   1899   -20.92      2   -25.85      0        -      0        -      1   -13.43       167        0        -   -20.93
  20400.0   1884 1239/2211   13.25   13.27    ~0.51    ~1.93   1881   -20.74      2   -24.01      0        -      0        -      1   -17.57       161        0        -   -20.74
  20500.0   1882 1233/2211   12.80   12.93    ~0.50    ~1.92   1877   -20.37      4   -27.36      0        -      0        -      1   -15.39       156        0        -   -20.38
  20600.0   1873 1243/2211   12.70   12.57    ~0.50    ~1.97   1868   -20.32      4   -22.66      0        -      0        -      1   -18.80       143        0        -   -20.33
  20700.0   1863 1227/2211   13.15   12.96    ~0.50    ~1.91   1858   -19.82      4   -27.42      0        -      0        -      1   -16.90       183        0        -   -19.84
  20800.0   1799 1212/2211   13.18   13.22    ~0.49    ~1.96   1794   -19.31      4   -29.14      0        -      0        -      1   -20.78       155        0        -   -19.33
  20900.0   1789 1217/2211   12.87   12.84    ~0.52    ~1.92   1784   -18.75      4   -26.72      0        -      0        -      1   -17.77       131        0        -   -18.77
  21000.0   1789 1213/2211   12.62   12.79    ~0.51    ~1.92   1783   -18.54      4   -25.94      0        -      0        -      2   -15.93       157        0        -   -18.56
  21100.0   1781 1161/2211   13.07   13.42    ~0.49    ~1.91   1773   -18.32      5   -29.99      0        -      0        -      3   -17.32       150        0        -   -18.35
  21200.0   1774 1195/2211   12.83   13.17    ~0.51    ~1.88   1766   -18.24      5   -29.96      0        -      0        -      3   -20.13       134        1   -27.41   -18.27
  21300.0   1791 1210/2211   11.93   12.47    ~0.51    ~1.88   1782   -19.20      5   -24.67      0        -      0        -      4   -30.13       170        1   -24.51   -19.24
  21400.0   1810 1187/2211   11.93   12.67    ~0.47    ~1.87   1804   -19.24      5   -24.34      0        -      0        -      1   -22.37       163        1   -26.09   -19.25
  21500.0   1808 1198/2211   12.43   12.77    ~0.49    ~1.85   1802   -18.57      5   -24.96      0        -      0        -      1   -10.89       153        1   -31.83   -18.57
  21600.0   1814 1188/2211   12.22   12.26    ~0.50    ~1.82   1807   -18.75      6   -25.75      0        -      0        -      1    -4.38       163        0        -   -18.76
  21700.0   1820 1200/2211   12.19   11.92    ~0.51    ~1.89   1813   -19.69      6   -21.59      0        -      0        -      1    -3.98       147        0        -   -19.68
  21800.0   1838 1198/2211   12.69   12.60    ~0.51    ~1.91   1831   -19.42      6   -22.71      0        -      0        -      1    -7.78       167        0        -   -19.42
  21900.0   1823 1172/2211   13.14   13.08    ~0.50    ~1.88   1815   -20.08      6   -22.54      0        -      0        -      2   -18.92       151        0        -   -20.09
  22000.0   1840 1218/2211   12.74   12.78    ~0.50    ~1.85   1833   -19.86      6   -25.75      0        -      0        -      1   -10.76       154        0        -   -19.87
  22100.0   1856 1194/2211   12.43   13.00    ~0.50    ~1.86   1849   -20.05      6   -31.11      0        -      0        -      1   -14.11       168        0        -   -20.09
  22200.0   1860 1211/2211   12.70   13.60    ~0.48    ~1.82   1850   -20.03      8   -30.11      0        -      0        -      2    -9.81       184        0        -   -20.06
  22300.0   1856 1208/2211   13.00   13.75    ~0.50    ~1.83   1845   -20.45     10   -29.54      0        -      0        -      1   -18.70       202        0        -   -20.50
  22400.0   1860 1213/2211   12.63   13.16    ~0.49    ~1.78   1849   -20.27     10   -27.87      0        -      0        -      1   -39.92       206        0        -   -20.32
  22500.0   1881 1219/2211   12.47   12.93    ~0.46    ~1.79   1870   -19.87     10   -27.70      0        -      0        -      1   -39.73       188        0        -   -19.92
  22600.0   1890 1218/2211   12.95   13.06    ~0.48    ~1.81   1876   -19.88     13   -32.61      0        -      0        -      1   -28.91       202        0        -   -19.97
  22700.0   1857 1226/2211   13.13   13.09    ~0.48    ~1.86   1842   -19.34     14   -32.78      0        -      0        -      1   -28.96       183        0        -   -19.45
  22800.0   1858 1227/2211   12.74   12.97    ~0.49    ~1.87   1843   -19.04     14   -30.21      0        -      0        -      1   -32.82       195        0        -   -19.13
  22900.0   1871 1228/2211   12.85   13.31    ~0.50    ~1.88   1855   -18.57     15   -30.42      0        -      0        -      1   -37.40       176        0        -   -18.67
  23000.0   1874 1227/2211   13.11   13.58    ~0.49    ~1.87   1857   -19.40     16   -30.25      0        -      0        -      1   -43.44       190        0        -   -19.51
  23100.0   1853 1250/2211   13.22   13.03    ~0.52    ~1.86   1834   -19.39     18   -31.39      0        -      0        -      1   -41.35       191        0        -   -19.52
  23200.0   1849 1201/2211   13.19   12.77    ~0.50    ~1.85   1828   -18.87     20   -32.60      0        -      0        -      1   -36.29       199        0        -   -19.03
  23300.0   1867 1229/2211   13.20   12.95    ~0.50    ~1.83   1843   -18.58     23   -32.21      0        -      0        -      1   -37.79       216        0        -   -18.75
  23400.0   1877 1226/2211   13.03   12.79    ~0.49    ~1.85   1850   -18.39     26   -31.62      0        -      0        -      1   -38.09       231        0        -   -18.58
  23500.0   1873 1255/2211   12.74   12.71    ~0.51    ~1.82   1845   -18.49     27   -32.08      0        -      0        -      1   -37.52       215        0        -   -18.69
  23600.0   1856 1237/2211   13.04   12.88    ~0.50    ~1.87   1821   -18.35     34   -30.89      0        -      0        -      1   -38.72       174        0        -   -18.60
  23700.0   1860 1281/2211   13.30   13.16    ~0.53    ~1.91   1815   -18.25     44   -30.39      0        -      0        -      1   -42.44       150        0        -   -18.55
  23800.0   1854 1246/2211   13.29   13.48    ~0.50    ~1.87   1807   -18.78     46   -27.43      0        -      0        -      1   -42.75       172        0        -   -19.01
  23900.0   1875 1243/2211   12.82   13.39    ~0.52    ~1.87   1825   -18.83     49   -27.88      0        -      0        -      1   -36.65       158        0        -   -19.08
  24000.0   1883 1256/2211   12.94   13.37    ~0.50    ~1.90   1827   -18.72     55   -27.20      0        -      0        -      1   -37.31       155        0        -   -18.97
  24100.0   1887 1249/2211   12.91   13.10    ~0.50    ~1.87   1822   -18.66     64   -28.61      0        -      0        -      1   -40.16       164        0        -   -19.01
  24200.0   1892 1240/2211   12.61   12.49    ~0.50    ~1.89   1824   -18.72     67   -27.97      0        -      0        -      1   -39.79       179        0        -   -19.06
  24300.0   1891 1199/2211   12.53   12.37    ~0.47    ~1.87   1815   -19.00     75   -31.44      0        -      0        -      1   -36.24       156        0        -   -19.51
  24400.0   1886 1244/2211   12.82   12.52    ~0.52    ~1.89   1805   -18.87     80   -31.35      0        -      0        -      1   -33.84       172        0        -   -19.41
  24500.0   1907 1260/2211   12.78   12.80    ~0.49    ~1.88   1818   -19.16     88   -29.79      0        -      0        -      1   -33.56       165        0        -   -19.66
  24600.0   1899 1231/2211   12.77   13.08    ~0.51    ~1.83   1801   -19.00     97   -29.43      0        -      0        -      1   -32.34       183        0        -   -19.54
  24700.0   1902 1239/2211   12.97   13.61    ~0.51    ~1.84   1795   -18.77    106   -32.11      0        -      0        -      1   -34.13       196        0        -   -19.52
  24800.0   1893 1241/2211   13.24   13.64    ~0.50    ~1.92   1774   -18.62    118   -33.08      0        -      0        -      1   -36.12       142        0        -   -19.54
  24900.0   1884 1244/2211   13.60   13.48    ~0.50    ~1.95   1752   -19.00    131   -32.45      0        -      0        -      1   -12.37       139        0        -   -19.93
  25000.0   1880 1249/2211   13.48   13.11    ~0.49    ~1.90   1739   -18.99    140   -32.51      0        -      0        -      1   -21.37       187        0        -   -20.00
  25100.0   1898 1218/2211   13.32   12.75    ~0.49    ~1.96   1743   -18.84    154   -33.30      0        -      0        -      1   -33.73       164        0        -   -20.02
  25200.0   1909 1255/2211   13.01   12.45    ~0.50    ~1.88   1743   -18.68    165   -33.12      0        -      0        -      1   -36.98       166        0        -   -19.94
  25300.0   1916 1240/2211   12.81   12.36    ~0.49    ~1.90   1740   -18.61    175   -32.03      0        -      0        -      1   -41.41       166        0        -   -19.85
  25400.0   1939 1248/2211   12.75   12.59    ~0.48    ~1.91   1753   -18.66    185   -32.57      0        -      0        -      1   -40.65       174        0        -   -20.00
  25500.0   1940 1253/2211   12.86   12.64    ~0.50    ~1.91   1746   -18.88    193   -31.45      0        -      0        -      1   -40.79       147        0        -   -20.14
  25600.0   1946 1274/2211   12.79   12.45    ~0.50    ~1.94   1744   -18.67    202   -31.85      0        -      0        -      0        -       130        0        -   -20.04
  25700.0   1924 1286/2211   13.09   12.51    ~0.51    ~1.91   1708   -17.93    216   -30.93      0        -      0        -      0        -       163        0        -   -19.39
  25800.0   1914 1281/2211   13.28   12.68    ~0.51    ~1.89   1681   -17.41    233   -32.16      0        -      0        -      0        -       166        0        -   -19.20
  25900.0   1914 1298/2211   13.05   12.69    ~0.53    ~1.99   1659   -17.27    255   -31.86      0        -      0        -      0        -       139        0        -   -19.21
  26000.0   1923 1265/2211   12.98   12.82    ~0.51    ~1.91   1655   -17.65    268   -30.35      0        -      0        -      0        -       130        0        -   -19.42
  26100.0   1933 1284/2211   13.16   12.86    ~0.50    ~1.93   1655   -17.75    278   -29.88      0        -      0        -      0        -       157        0        -   -19.50
  26200.0   1943 1276/2211   13.07   12.74    ~0.50    ~1.90   1653   -17.78    290   -30.99      0        -      0        -      0        -       152        0        -   -19.75
  26300.0   1957 1290/2211   12.87   12.78    ~0.49    ~1.87   1658   -18.33    299   -30.29      0        -      0        -      0        -       157        0        -   -20.15
  26400.0   1970 1274/2211   13.13   12.97    ~0.48    ~1.98   1663   -18.63    307   -30.04      0        -      0        -      0        -       155        0        -   -20.41
  26500.0   1968 1281/2211   13.41   13.26    ~0.50    ~1.98   1655   -18.63    313   -30.35      0        -      0        -      0        -       155        0        -   -20.49
  26600.0   1965 1314/2211   13.46   13.31    ~0.50    ~1.90   1638   -18.45    327   -30.34      0        -      0        -      0        -       166        0        -   -20.43
  26700.0   1966 1317/2211   13.34   13.30    ~0.52    ~1.94   1629   -18.47    337   -30.06      0        -      0        -      0        -       148        0        -   -20.46
  26800.0   1977 1283/2211   13.33   13.59    ~0.48    ~1.97   1631   -19.63    346   -27.39      0        -      0        -      0        -       138        0        -   -20.99
  26900.0   1976 1294/2211   13.29   13.38    ~0.48    ~1.98   1621   -19.56    355   -28.04      0        -      0        -      0        -       140        0        -   -21.08
  27000.0   1981 1308/2211   13.20   12.95    ~0.49    ~1.91   1621   -19.47    360   -28.89      0        -      0        -      0        -       166        0        -   -21.18
  27100.0   2004 1307/2211   13.07   13.06    ~0.50    ~1.93   1638   -19.64    366   -28.83      0        -      0        -      0        -       174        0        -   -21.32
  27200.0   2014 1284/2211   13.18   13.18    ~0.49    ~1.95   1641   -19.65    373   -28.81      0        -      0        -      0        -       132        0        -   -21.35
  27300.0   1998 1339/2211   13.13   13.09    ~0.51    ~1.99   1616   -19.11    382   -29.22      0        -      0        -      0        -       145        0        -   -21.05
  27400.0   2015 1302/2211   13.03   12.67    ~0.47    ~1.94   1624   -19.66    391   -28.18      0        -      0        -      0        -       157        0        -   -21.32
  27500.0   2035 1302/2211   12.89   12.90    ~0.50    ~1.95   1635   -19.75    400   -28.44      0        -      0        -      0        -       152        0        -   -21.46
  27600.0   2023 1294/2211   13.16   13.06    ~0.49    ~1.97   1617   -19.52    406   -29.50      0        -      0        -      0        -       137        0        -   -21.52
  27700.0   2015 1330/2211   13.16   12.93    ~0.48    ~1.96   1595   -19.42    420   -29.65      0        -      0        -      0        -       140        0        -   -21.55
  27800.0   2019 1318/2211   12.97   12.91    ~0.47    ~1.91   1586   -19.52    432   -29.23      0        -      0        -      1   -12.45       161        0        -   -21.60
  27900.0   2033 1322/2211   13.13   12.91    ~0.48    ~2.04   1583   -19.30    449   -29.37      0        -      0        -      1   -17.35       128        0        -   -21.52
  28000.0   2008 1283/2211   13.28   13.10    ~0.46    ~1.98   1542   -19.04    465   -29.41      0        -      0        -      1   -19.22       132        0        -   -21.44
  28100.0   2016 1329/2211   12.92   13.17    ~0.49    ~2.00   1525   -19.00    490   -28.53      0        -      0        -      1   -16.94       149        0        -   -21.31
  28200.0   2013 1304/2211   12.85   12.94    ~0.49    ~1.91   1510   -19.38    502   -27.54      0        -      0        -      1   -17.38       140        0        -   -21.42
  28300.0   2026 1294/2211   13.27   12.94    ~0.48    ~1.94   1512   -18.92    513   -28.47      0        -      0        -      1   -18.32       151        0        -   -21.33
  28400.0   2021 1304/2211   13.28   13.21    ~0.48    ~1.96   1495   -18.78    525   -28.86      0        -      0        -      1   -17.82       146        0        -   -21.40
  28500.0   2022 1323/2211   13.14   13.01    ~0.48    ~1.94   1479   -19.10    542   -27.44      0        -      0        -      1   -15.57       172        0        -   -21.34
  28600.0   2021 1307/2211   13.20   12.94    ~0.48    ~1.98   1476   -19.22    544   -27.36      0        -      0        -      1   -14.91       159        0        -   -21.41
  28700.0   2026 1307/2211   13.40   13.13    ~0.48    ~1.96   1480   -19.67    545   -27.46      0        -      0        -      1   -15.93       168        0        -   -21.77
  28800.0   2021 1306/2211   13.30   12.96    ~0.49    ~1.91   1474   -19.54    546   -27.64      0        -      0        -      1   -13.08       142        0        -   -21.73
  28900.0   2015 1318/2211   13.03   12.89    ~0.48    ~1.94   1468   -19.37    546   -27.95      0        -      0        -      1   -12.14       167        0        -   -21.69
  29000.0   2026 1324/2211   13.05   12.86    ~0.50    ~1.92   1476   -19.30    549   -28.43      0        -      0        -      1   -14.04       179        0        -   -21.77
  29100.0   2026 1325/2211   13.09   12.93    ~0.48    ~1.95   1475   -19.32    550   -28.27      0        -      0        -      1   -18.85       149        0        -   -21.75
  29200.0   2018 1301/2211   13.16   12.83    ~0.48    ~1.93   1471   -19.18    546   -28.67      0        -      0        -      1   -16.76       165        0        -   -21.74
  29300.0   2012 1335/2211   13.36   12.72    ~0.51    ~1.92   1476   -19.67    535   -27.81      0        -      0        -      1   -22.65       174        0        -   -21.83
  29400.0   2023 1327/2211   13.44   13.02    ~0.47    ~1.99   1488   -19.64    533   -28.74      0        -      0        -      2   -22.66       181        0        -   -22.04
  29500.0   1997 1302/2211   13.43   13.00    ~0.46    ~1.93   1477   -19.85    520   -28.47      0        -      0        -      0        -       141        0        -   -22.10
  29600.0   1997 1299/2211   13.42   12.86    ~0.50    ~2.00   1487   -19.69    510   -28.72      0        -      0        -      0        -       135        0        -   -21.99
  29700.0   1995 1298/2211   13.29   12.89    ~0.50    ~1.94   1493   -19.62    502   -28.54      0        -      0        -      0        -       151        0        -   -21.87
  29800.0   1987 1311/2211   13.20   12.90    ~0.48    ~1.95   1503   -19.65    484   -28.86      0        -      0        -      0        -       166        0        -   -21.90
  29900.0   1931 1289/2211   13.19   12.98    ~0.48    ~2.02   1474   -19.26    457   -28.70      0        -      0        -      0        -       146        0        -   -21.50
  30000.0   1920 1265/2211   12.97   12.96    ~0.47    ~1.94   1492   -19.11    428   -28.23      0        -      0        -      0        -       156        0        -   -21.15

300 of 300 samples printed
