arm r39-s3 | run 2026-09-17-085758-8eab1085 | tank r=26.5 m (2.2e+03 m2), 45 m deep, 4 ring(s)
columns of 1 m: 2211 | lineage.jsonl: 11080 births, 83 clades

        t      n      cols    x sd    z sd     nn h    nn 3d   leaf   leaf y   stom   stom y   mixo   mixo y    jnt    jnt y  plain  plain y  clade 1m  jointed  joint y  rigid y
    100.0     40   40/2211   14.17   13.13     2.81     6.45     29   -16.47      7   -17.25      0        -      3   -14.50      1   -33.61         0       30   -14.98   -22.63
    200.0     50   50/2211   11.85   13.65     2.35     3.02     43    -8.52      5   -10.63      0        -      1   -15.71      1   -36.54         2       38    -6.84   -17.67
    300.0     79   77/2211   10.10   10.43     1.68     2.26     74    -7.98      4    -7.44      0        -      1   -17.85      0        -         2       59    -8.22    -7.64
    400.0    137  130/2211   11.30    9.22     1.45     1.98    134    -7.74      3    -3.94      0        -      0        -      0        -        14       84    -9.31    -5.03
    500.0    216  200/2211   13.07   10.88     1.06     1.65    212    -5.08      4    -5.10      0        -      0        -      0        -        29      116    -5.60    -4.48
    600.0    290  264/2211   13.00    9.84     1.06     1.66    285    -4.36      4    -4.37      0        -      1    -1.93      0        -        43      143    -4.41    -4.29
    700.0    414  308/2211   11.41    8.40     0.72     1.53    409   -11.36      4    -9.09      0        -      1    -1.39      0        -        92      188    -6.94   -14.95
    800.0    536  413/2211   12.06    9.87     0.67     1.50    531   -12.70      4   -10.60      0        -      1    -1.76      0        -       121      223    -7.01   -16.69
    900.0    603  452/2211   12.11   11.39     0.63     1.54    598   -10.41      4   -10.65      0        -      1    -1.93      0        -       146      236    -6.75   -12.75
   1000.0    638  487/2211   11.55   11.95     0.70     1.50    633    -9.48      4    -9.93      0        -      1    -1.73      0        -       124      237    -6.46   -11.25
   1100.0    700  531/2211   11.47   10.81     0.66     1.52    695    -9.24      4    -8.20      0        -      1    -1.50      0        -       147      244    -7.30   -10.26
   1200.0    744  567/2211   13.24   11.70     0.68     1.51    741    -9.35      3    -4.33      0        -      0        -      0        -       165      245    -7.45   -10.25
   1300.0    751  595/2211   13.91   13.73     0.66     1.55    748    -9.24      3    -5.76      0        -      0        -      0        -       172      243    -7.93    -9.85
   1400.0    787  646/2211   13.22   12.99     0.71     1.59    784    -8.00      3    -9.59      0        -      0        -      0        -       161      242    -7.44    -8.26
   1500.0    830  661/2211   12.47   11.95     0.72     1.56    827    -7.93      3   -24.66      0        -      0        -      0        -       168      244    -8.39    -7.83
   1600.0    869  678/2211   13.07   12.41     0.67     1.59    866    -7.81      3   -24.33      0        -      0        -      0        -       179      243    -8.48    -7.62
   1700.0    904  696/2211   13.58   12.93     0.68     1.54    901    -7.83      3   -23.31      0        -      0        -      0        -       180      242    -8.59    -7.62
   1800.0    948  714/2211   12.31   11.34     0.65     1.56    945    -8.09      3   -24.30      0        -      0        -      0        -       204      240    -9.22    -7.77
   1900.0   1009  728/2211   11.50   10.59     0.59     1.50   1006   -10.17      3   -23.97      0        -      0        -      0        -       196      240   -10.73   -10.05
   2000.0   1031  760/2211   13.19   12.30     0.60     1.49   1028    -9.77      3   -23.95      0        -      0        -      0        -       206      240   -10.85    -9.49
   2100.0   1062  758/2211   13.41   12.71     0.57     1.48   1059    -9.37      3   -24.43      0        -      0        -      0        -       233      240   -10.75    -9.02
   2200.0   1096  815/2211   12.33   12.09     0.61     1.51   1092    -8.95      3   -22.88      0        -      0        -      1    -1.96       236      241   -10.90    -8.43
   2300.0   1133  842/2211   12.19   12.25     0.62     1.50   1128    -8.93      4   -16.60      0        -      0        -      1    -1.99       241      239   -11.35    -8.32
   2400.0   1170  822/2211   13.78   13.59     0.54     1.53   1165    -9.62      4   -17.26      0        -      0        -      1    -3.50       255      238   -12.25    -8.98
   2500.0   1210  876/2211   13.61   12.77    ~0.57    ~1.50   1205    -9.16      4   -16.59      0        -      0        -      1    -3.23       279      232   -11.22    -8.69
   2600.0   1275  886/2211   12.21   10.96    ~0.54    ~1.52   1271   -10.64      3    -6.12      0        -      0        -      1    -2.88       300      239   -12.63   -10.16
   2700.0   1328  915/2211   12.40   11.60    ~0.56    ~1.44   1324   -10.99      3    -6.50      0        -      0        -      1    -1.50       277      237   -12.66   -10.60
   2800.0   1370  919/2211   12.95   12.73    ~0.51    ~1.41   1365   -11.10      3    -7.67      0        -      0        -      2    -0.79       306      237   -12.97   -10.68
   2900.0   1415  949/2211   12.54   12.15    ~0.51    ~1.49   1410   -10.98      3    -7.66      0        -      0        -      2    -2.01       305      236   -12.75   -10.61
   3000.0   1471  915/2211   11.42   11.32    ~0.47    ~1.51   1464   -12.14      3   -10.36      0        -      0        -      4   -19.88       328      232   -13.15   -11.97
   3100.0   1506  994/2211   12.45   12.78    ~0.50    ~1.62   1497   -11.53      5   -13.69      0        -      0        -      4   -10.61       300      229   -12.20   -11.42
   3200.0   1549  995/2211   13.41   13.23    ~0.47    ~1.47   1540   -11.60      5   -14.91      0        -      0        -      4   -10.75       321      227   -12.36   -11.47
   3300.0   1575 1035/2211   12.98   12.25    ~0.49    ~1.51   1565   -10.87      6   -13.70      0        -      0        -      4   -11.26       339      226   -11.98   -10.70
   3400.0   1621 1030/2211   12.53   11.84    ~0.51    ~1.53   1611   -10.93      6   -16.75      0        -      0        -      4   -13.34       341      227   -12.16   -10.76
   3500.0   1666 1060/2211   13.31   12.84    ~0.50    ~1.56   1656   -11.14      6   -15.21      0        -      0        -      4   -10.21       339      227   -12.76   -10.90
   3600.0   1691 1062/2211   13.66   13.01    ~0.47    ~1.56   1681   -10.99      6   -15.16      0        -      0        -      4   -10.12       351      223   -12.84   -10.73
   3700.0   1737 1119/2211   12.55   11.85    ~0.49    ~1.50   1726   -10.34      7   -15.88      0        -      0        -      4   -11.81       353      219   -11.35   -10.22
   3800.0   1781 1155/2211   12.90   11.93    ~0.47    ~1.53   1771   -10.43      7   -17.26      0        -      0        -      3    -7.11       384      213   -10.72   -10.41
   3900.0   1833 1149/2211   13.66   12.76    ~0.49    ~1.47   1822   -10.42      8   -14.15      0        -      0        -      3    -7.12       404      213   -10.54   -10.42
   4000.0   1877 1154/2211   13.53   12.51    ~0.45    ~1.45   1865   -10.15      8   -12.64      0        -      0        -      4    -7.70       417      211   -10.16   -10.15
   4100.0   1908 1203/2211   12.98   11.55    ~0.45    ~1.45   1896   -10.29      8   -12.65      0        -      0        -      4   -10.13       414      209    -9.80   -10.36
   4200.0   1957 1186/2211   13.51   12.59    ~0.46    ~1.48   1945   -10.24      8   -12.23      0        -      0        -      4    -7.41       404      208    -9.74   -10.30
   4300.0   2000 1191/2211   14.15   13.59    ~0.43    ~1.46   1988   -10.47      8   -14.98      0        -      0        -      4    -8.49       430      207    -9.99   -10.54
   4400.0   2040 1250/2211   13.75   12.96    ~0.45    ~1.49   2028   -10.30      8   -13.59      0        -      0        -      4    -6.38       434      206    -9.83   -10.36
   4500.0   2096 1289/2211   13.44   12.59    ~0.47    ~1.46   2082   -10.84     10   -11.36      0        -      0        -      4    -5.97       443      206   -10.21   -10.90
   4600.0   2139 1294/2211   13.85   13.31    ~0.44    ~1.46   2125   -11.02     10   -12.91      0        -      0        -      4    -7.86       479      203   -10.12   -11.11
   4700.0   2170 1293/2211   13.76   13.42    ~0.43    ~1.41   2156   -11.01     10   -13.00      0        -      0        -      4    -6.82       466      203   -10.11   -11.10
   4800.0   2209 1326/2211   13.00   12.61    ~0.45    ~1.46   2195   -10.92     10   -10.67      0        -      0        -      4    -4.70       470      202   -10.23   -10.97
   4900.0   2247 1351/2211   13.11   12.68    ~0.43    ~1.49   2233   -11.36     10   -10.07      0        -      0        -      4    -5.56       491      201   -10.97   -11.38
   5000.0   2285 1341/2211   13.62   13.11    ~0.44    ~1.45   2271   -11.22     10   -11.18      0        -      0        -      4    -6.82       498      201   -10.79   -11.25
   5100.0   2310 1351/2211   13.54   12.89    ~0.44    ~1.41   2296   -10.99     10   -11.34      0        -      0        -      4    -6.10       510      200   -10.25   -11.05
   5200.0   2328 1354/2211   13.15   12.64    ~0.42    ~1.43   2314   -11.04     10   -10.52      0        -      0        -      4    -5.78       518      197   -10.29   -11.10
   5300.0   2346 1359/2211   13.51   13.09    ~0.41    ~1.47   2332   -11.53     10    -9.64      0        -      0        -      4    -6.22       539      195   -10.56   -11.60
   5400.0   2354 1337/2211   13.23   13.14    ~0.42    ~1.45   2340   -11.46     10   -10.50      0        -      0        -      4    -5.91       532      194   -10.37   -11.55
   5500.0   2369 1364/2211   12.91   12.78    ~0.41    ~1.48   2354   -11.67     11   -11.09      0        -      0        -      4    -5.87       525      192   -10.34   -11.77
   5600.0   2385 1372/2211   12.64   12.38    ~0.42    ~1.44   2370   -11.57     11   -12.19      0        -      0        -      4    -5.23       522      191   -10.23   -11.68
   5700.0   2403 1381/2211   12.60   12.24    ~0.41    ~1.48   2385   -11.61     14   -17.15      0        -      0        -      4    -4.51       507      191   -10.25   -11.75
   5800.0   2410 1360/2211   12.46   11.98    ~0.41    ~1.48   2391   -11.65     15   -14.62      0        -      0        -      4    -7.96       523      188   -10.31   -11.77
   5900.0   2427 1409/2211   12.75   12.14    ~0.42    ~1.52   2408   -11.63     15   -13.92      0        -      0        -      4    -7.63       547      188   -10.19   -11.76
   6000.0   2440 1395/2211   13.07   12.32    ~0.41    ~1.44   2421   -12.02     15   -17.05      0        -      0        -      4    -7.90       518      187    -9.97   -12.21
   6100.0   2449 1417/2211   12.72   12.05    ~0.41    ~1.45   2430   -11.96     15   -17.34      0        -      0        -      4    -8.80       516      185    -9.64   -12.18
   6200.0   2461 1442/2211   13.22   12.59    ~0.42    ~1.48   2441   -11.77     16   -20.73      0        -      0        -      4   -10.17       523      185   -10.19   -11.96
   6300.0   2466 1415/2211   13.68   12.86    ~0.43    ~1.53   2447   -11.94     15   -22.47      0        -      0        -      4   -11.35       497      184   -10.73   -12.11
   6400.0   2478 1402/2211   13.46   12.68    ~0.43    ~1.50   2459   -12.28     15   -20.37      0        -      0        -      4   -15.36       484      182   -10.77   -12.46
   6500.0   2486 1440/2211   12.75   12.14    ~0.41    ~1.53   2467   -12.07     15   -20.16      0        -      0        -      4   -12.93       498      182   -10.65   -12.24
   6600.0   2498 1424/2211   13.26   12.55    ~0.41    ~1.57   2478   -12.47     16   -21.44      0        -      0        -      4   -14.10       487      181   -10.95   -12.66
   6700.0   2504 1399/2211   13.60   12.84    ~0.42    ~1.57   2482   -12.67     18   -20.66      0        -      0        -      4   -15.71       482      180   -10.92   -12.87
   6800.0   2520 1448/2211   12.78   12.20    ~0.40    ~1.50   2497   -12.81     19   -19.44      0        -      0        -      4   -18.71       479      178   -10.84   -13.02
   6900.0   2530 1431/2211   12.68   12.41    ~0.41    ~1.51   2507   -12.79     19   -19.85      0        -      0        -      4   -19.32       476      176   -10.66   -13.02
   7000.0   2541 1445/2211   13.60   13.27    ~0.40    ~1.55   2517   -13.09     20   -21.33      0        -      0        -      4   -18.85       461      175   -10.98   -13.33
   7100.0   2546 1453/2211   13.92   13.11    ~0.42    ~1.52   2521   -13.66     20   -19.43      0        -      0        -      5   -22.09       510      174   -11.54   -13.88
   7200.0   2555 1453/2211   13.39   12.47    ~0.42    ~1.59   2530   -13.71     20   -20.50      0        -      0        -      5   -21.72       439      173   -11.85   -13.92
   7300.0   2563 1476/2211   13.71   12.82    ~0.43    ~1.63   2538   -13.93     20   -18.74      0        -      0        -      5   -21.03       445      172   -12.23   -14.11
   7400.0   2560 1444/2211   14.29   13.21    ~0.42    ~1.59   2535   -14.55     20   -17.03      0        -      0        -      5   -22.06       442      171   -13.11   -14.69
   7500.0   2572 1459/2211   13.63   12.81    ~0.43    ~1.54   2547   -14.84     20   -15.37      0        -      0        -      5   -30.94       438      171   -12.74   -15.03
   7600.0   2578 1492/2211   13.10   12.46    ~0.42    ~1.55   2553   -15.14     20   -17.03      0        -      0        -      5   -31.85       442      171   -12.65   -15.36
   7700.0   2591 1486/2211   13.45   12.94    ~0.43    ~1.57   2564   -15.16     21   -16.99      0        -      0        -      6   -31.99       405      169   -12.61   -15.40
   7800.0   2592 1478/2211   13.50   13.23    ~0.41    ~1.61   2564   -15.55     21   -17.56      0        -      0        -      7   -34.36       436      168   -13.42   -15.77
   7900.0   2594 1465/2211   13.03   12.77    ~0.41    ~1.65   2568   -15.66     21   -16.66      0        -      0        -      5   -28.44       377      168   -14.19   -15.79
   8000.0   2602 1501/2211   13.00   12.74    ~0.43    ~1.70   2575   -15.71     22   -17.20      0        -      0        -      5   -26.67       384      166   -14.19   -15.85
   8100.0   2605 1437/2211   13.59   13.63    ~0.41    ~1.62   2578   -16.04     22   -18.04      0        -      0        -      5   -15.21       388      166   -14.29   -16.17
   8200.0   2614 1469/2211   13.72   13.58    ~0.42    ~1.62   2586   -16.20     23   -18.43      0        -      0        -      5   -14.97       363      165   -14.63   -16.32
   8300.0   2615 1498/2211   13.60   12.93    ~0.42    ~1.65   2587   -15.98     23   -17.91      0        -      0        -      5   -22.85       374      163   -14.22   -16.13
   8400.0   2623 1477/2211   13.78   12.85    ~0.41    ~1.65   2596   -15.97     23   -17.52      0        -      0        -      4   -21.02       362      161   -13.26   -16.17
   8500.0   2621 1470/2211   14.18   13.23    ~0.41    ~1.71   2594   -16.27     23   -18.27      0        -      0        -      4   -19.76       419      160   -13.09   -16.50
   8600.0   2627 1484/2211   13.78   13.12    ~0.41    ~1.71   2600   -16.21     23   -19.14      0        -      0        -      4   -25.55       381      159   -13.02   -16.45
   8700.0   2636 1500/2211   13.18   12.85    ~0.42    ~1.71   2609   -16.30     23   -19.78      0        -      0        -      4   -30.88       363      158   -13.16   -16.56
   8800.0   2646 1478/2211   13.49   13.40    ~0.41    ~1.73   2619   -16.41     23   -18.86      0        -      0        -      4   -24.62       385      157   -12.89   -16.66
   8900.0   2646 1482/2211   13.64   13.64    ~0.40    ~1.64   2619   -16.85     23   -18.98      0        -      0        -      4   -21.45       407      156   -13.41   -17.10
   9000.0   2645 1492/2211   13.32   13.35    ~0.41    ~1.74   2617   -16.33     24   -19.67      0        -      0        -      4   -22.05       415      152   -12.18   -16.62
   9100.0   2646 1468/2211   13.20   13.21    ~0.42    ~1.60   2618   -16.21     24   -21.05      0        -      0        -      4   -29.21       382      150   -12.02   -16.53
   9200.0   2643 1460/2211   13.84   13.75    ~0.38    ~1.67   2614   -16.77     25   -21.68      0        -      0        -      4   -22.95       402      150   -12.83   -17.07
   9300.0   2639 1472/2211   14.09   13.44    ~0.39    ~1.70   2608   -16.95     27   -21.98      0        -      0        -      4   -24.14       412      148   -13.40   -17.23
   9400.0   2644 1493/2211   13.78   12.80    ~0.42    ~1.74   2612   -16.72     28   -22.86      0        -      0        -      4   -29.70       396      146   -12.86   -17.03
   9500.0   2656 1489/2211   13.77   12.74    ~0.42    ~1.67   2624   -16.87     28   -23.50      0        -      0        -      4   -30.16       403      146   -12.83   -17.20
   9600.0   2662 1472/2211   13.95   12.95    ~0.41    ~1.66   2630   -17.27     28   -24.29      0        -      0        -      4   -26.49       401      145   -13.02   -17.61
   9700.0   2644 1489/2211   13.56   13.05    ~0.42    ~1.66   2610   -17.18     30   -25.02      0        -      0        -      4   -25.60       431      145   -13.11   -17.53
   9800.0   2641 1493/2211   12.94   12.97    ~0.41    ~1.70   2608   -16.99     30   -24.62      0        -      0        -      3   -34.26       409      144   -12.77   -17.34
   9900.0   2652 1468/2211   13.11   13.17    ~0.40    ~1.66   2616   -16.96     33   -27.07      0        -      0        -      3   -34.06       396      144   -12.99   -17.34
  10000.0   2654 1470/2211   13.30   13.17    ~0.40    ~1.66   2617   -17.31     34   -28.17      0        -      0        -      3   -34.23       402      144   -13.93   -17.67
  10100.0   2660 1496/2211   13.10   12.78    ~0.43    ~1.66   2620   -17.34     37   -29.27      0        -      0        -      3   -34.59       379      142   -13.97   -17.72
  10200.0   2657 1512/2211   13.01   12.69    ~0.41    ~1.68   2615   -17.66     39   -29.79      0        -      0        -      3   -35.29       341      142   -14.03   -18.07
  10300.0   2663 1497/2211   13.14   13.11    ~0.42    ~1.69   2617   -17.54     43   -30.91      0        -      0        -      3   -36.22       356      142   -13.77   -18.00
  10400.0   2664 1515/2211   13.22   13.20    ~0.42    ~1.73   2616   -17.46     45   -30.56      0        -      0        -      3   -37.11       328      140   -13.43   -17.94
  10500.0   2667 1526/2211   13.17   12.74    ~0.40    ~1.71   2617   -17.39     47   -32.00      0        -      0        -      3   -36.63       337      135   -13.14   -17.91
  10600.0   2660 1506/2211   13.07   12.66    ~0.44    ~1.70   2608   -17.51     49   -32.33      0        -      0        -      3   -36.03       363      134   -13.70   -18.02
  10700.0   2658 1514/2211   13.29   12.81    ~0.41    ~1.68   2599   -17.36     56   -33.57      0        -      0        -      3   -35.59       315      134   -13.55   -17.94
  10800.0   2655 1513/2211   13.36   12.90    ~0.41    ~1.67   2592   -17.16     60   -33.19      0        -      0        -      3   -31.17       334      133   -12.99   -17.78
  10900.0   2651 1557/2211   13.21   13.14    ~0.42    ~1.70   2581   -16.88     67   -32.93      0        -      0        -      3   -31.78       332      132   -13.16   -17.52
  11000.0   2662 1515/2211   12.89   13.34    ~0.45    ~1.66   2585   -16.92     73   -32.67      0        -      0        -      4   -33.22       335      132   -13.54   -17.58
  11100.0   2656 1493/2211   13.16   13.57    ~0.40    ~1.69   2576   -17.34     77   -32.36      0        -      0        -      3   -28.36       334      130   -13.88   -17.99
  11200.0   2655 1493/2211   13.37   13.64    ~0.41    ~1.69   2568   -17.53     85   -31.70      0        -      0        -      2   -17.49       312      130   -14.28   -18.17
  11300.0   2658 1515/2211   13.14   13.48    ~0.42    ~1.71   2564   -17.63     92   -31.97      0        -      0        -      2   -16.05       333      129   -14.39   -18.31
  11400.0   2659 1496/2211   12.95   13.23    ~0.42    ~1.70   2561   -17.69     96   -31.96      0        -      0        -      2   -17.57       346      127   -14.26   -18.40
  11500.0   2657 1504/2211   13.05   13.23    ~0.41    ~1.77   2553   -17.68    102   -31.16      0        -      0        -      2   -21.07       373      124   -13.76   -18.42
  11600.0   2653 1480/2211   13.36   13.32    ~0.41    ~1.72   2544   -17.73    107   -31.22      0        -      0        -      2   -26.89       375      122   -13.89   -18.49
  11700.0   2660 1497/2211   13.13   13.06    ~0.42    ~1.69   2546   -17.61    112   -30.53      0        -      0        -      2   -35.61       351      122   -13.32   -18.40
  11800.0   2664 1493/2211   13.06   13.15    ~0.41    ~1.74   2547   -17.63    115   -30.28      0        -      0        -      2   -31.84       360      121   -13.23   -18.43
  11900.0   2671 1496/2211   13.38   13.26    ~0.43    ~1.77   2551   -17.63    118   -30.08      0        -      0        -      2   -25.27       373      120   -12.97   -18.43
  12000.0   2660 1501/2211   13.45   13.23    ~0.44    ~1.71   2537   -17.54    121   -29.80      0        -      0        -      2   -27.36       340      119   -13.03   -18.34
  12100.0   2652 1540/2211   13.20   12.74    ~0.43    ~1.80   2523   -17.42    127   -29.43      0        -      0        -      2   -24.23       352      118   -12.95   -18.24
  12200.0   2657 1529/2211   13.15   12.88    ~0.42    ~1.76   2522   -17.44    133   -29.07      0        -      0        -      2   -29.43       349      117   -12.38   -18.29
  12300.0   2659 1517/2211   13.56   12.99    ~0.41    ~1.74   2515   -17.55    142   -28.59      0        -      0        -      2   -36.95       336      117   -12.66   -18.41
  12400.0   2653 1494/2211   13.22   12.96    ~0.41    ~1.79   2503   -17.70    148   -29.40      0        -      0        -      2   -36.98       334      114   -11.67   -18.67
  12500.0   2659 1525/2211   12.97   12.86    ~0.43    ~1.77   2501   -18.01    156   -28.86      0        -      0        -      2   -31.22       322      113   -11.17   -18.99
  12600.0   2665 1499/2211   13.31   12.98    ~0.43    ~1.72   2502   -18.08    161   -29.41      0        -      0        -      2   -31.81       339      112   -11.61   -19.09
  12700.0   2661 1539/2211   13.54   13.11    ~0.41    ~1.78   2495   -18.05    164   -30.07      0        -      0        -      2   -32.22       329      111   -11.98   -19.10
  12800.0   2660 1497/2211   13.27   12.76    ~0.42    ~1.79   2487   -17.85    171   -30.59      0        -      0        -      2   -33.73       330      110   -11.93   -18.97
  12900.0   2661 1511/2211   13.11   12.78    ~0.40    ~1.72   2475   -17.77    184   -30.00      0        -      0        -      2   -31.80       345      109   -12.05   -18.91
  13000.0   2663 1498/2211   13.37   13.26    ~0.40    ~1.77   2472   -17.90    189   -30.14      0        -      0        -      2   -35.88       352      107   -12.05   -19.07
  13100.0   2650 1504/2211   13.33   13.18    ~0.42    ~1.77   2449   -17.75    200   -30.29      0        -      0        -      1   -36.15       338      104   -11.37   -19.01
  13200.0   2653 1522/2211   13.02   12.78    ~0.43    ~1.72   2443   -17.61    209   -30.58      0        -      0        -      1   -32.54       316      101   -10.91   -18.94
  13300.0   2656 1495/2211   13.24   12.92    ~0.41    ~1.79   2441   -17.62    214   -30.28      0        -      0        -      1   -28.35       317       99   -10.33   -18.97
  13400.0   2655 1491/2211   13.69   13.19    ~0.41    ~1.75   2433   -17.85    221   -31.09      0        -      0        -      1   -31.28       344       98   -10.72   -19.28
  13500.0   2656 1504/2211   13.53   12.98    ~0.42    ~1.77   2423   -17.71    232   -31.14      0        -      0        -      1   -29.37       328       97   -10.34   -19.21
  13600.0   2658 1516/2211   13.12   13.01    ~0.42    ~1.72   2419   -17.99    238   -28.68      0        -      0        -      1   -35.01       364       95   -12.17   -19.20
  13700.0   2653 1497/2211   13.49   13.18    ~0.42    ~1.80   2411   -18.08    241   -28.66      0        -      0        -      1   -28.19       355       93   -11.77   -19.31
  13800.0   2653 1504/2211   13.62   13.03    ~0.44    ~1.68   2408   -18.07    245   -29.25      0        -      0        -      0        -       363       88   -11.43   -19.37
  13900.0   2647 1517/2211   13.31   12.68    ~0.42    ~1.74   2398   -18.06    249   -29.69      0        -      0        -      0        -       329       86   -11.24   -19.42
  14000.0   2654 1509/2211   13.28   12.86    ~0.41    ~1.76   2396   -18.17    258   -29.98      0        -      0        -      0        -       368       84   -10.61   -19.60
  14100.0   2661 1497/2211   13.55   13.08    ~0.41    ~1.70   2398   -18.21    263   -30.71      0        -      0        -      0        -       333       83   -10.93   -19.72
  14200.0   2648 1513/2211   13.32   13.12    ~0.42    ~1.80   2374   -17.91    274   -29.66      0        -      0        -      0        -       328       82   -11.15   -19.38
  14300.0   2654 1523/2211   13.22   12.85    ~0.44    ~1.75   2373   -17.89    281   -30.89      0        -      0        -      0        -       325       78   -10.71   -19.52
  14400.0   2652 1496/2211   13.55   12.91    ~0.42    ~1.74   2360   -17.83    292   -31.32      0        -      0        -      0        -       315       77   -10.24   -19.59
  14500.0   2657 1513/2211   13.58   12.88    ~0.41    ~1.73   2358   -17.93    299   -31.05      0        -      0        -      0        -       374       77   -10.26   -19.68
  14600.0   2652 1510/2211   13.37   12.84    ~0.41    ~1.75   2344   -17.92    308   -30.41      0        -      0        -      0        -       365       75    -9.70   -19.65
  14700.0   2654 1526/2211   13.23   12.87    ~0.40    ~1.76   2333   -17.95    321   -31.12      0        -      0        -      0        -       344       73    -9.48   -19.82
  14800.0   2658 1486/2211   13.35   12.98    ~0.41    ~1.79   2327   -18.08    331   -31.02      0        -      0        -      0        -       357       73    -9.74   -19.97
  14900.0   2654 1521/2211   13.25   12.92    ~0.42    ~1.76   2309   -17.88    345   -30.84      0        -      0        -      0        -       342       69    -8.54   -19.86
  15000.0   2652 1524/2211   13.13   12.85    ~0.42    ~1.76   2299   -17.78    353   -30.53      0        -      0        -      0        -       336       68    -8.59   -19.77
  15100.0   2656 1525/2211   13.33   12.97    ~0.42    ~1.77   2294   -17.89    362   -30.73      0        -      0        -      0        -       351       66    -8.47   -19.93
  15200.0   2662 1505/2211   13.40   13.02    ~0.42    ~1.77   2289   -17.93    373   -31.28      0        -      0        -      0        -       300       66    -8.85   -20.08
  15300.0   2660 1514/2211   13.27   13.07    ~0.42    ~1.75   2272   -17.85    388   -31.09      0        -      0        -      0        -       318       65    -9.44   -20.04
  15400.0   2652 1541/2211   13.33   13.18    ~0.40    ~1.80   2250   -17.76    402   -31.05      0        -      0        -      0        -       335       65   -10.02   -20.02
  15500.0   2651 1512/2211   13.48   13.33    ~0.42    ~1.74   2236   -17.74    415   -29.82      0        -      0        -      0        -       342       63   -10.34   -19.86
  15600.0   2655 1525/2211   13.39   13.34    ~0.40    ~1.65   2231   -17.79    424   -30.60      0        -      0        -      0        -       341       62   -10.10   -20.07
  15700.0   2660 1525/2211   13.19   13.38    ~0.43    ~1.75   2224   -17.77    436   -30.93      0        -      0        -      0        -       296       62   -10.34   -20.15
  15800.0   2661 1542/2211   13.33   13.36    ~0.44    ~1.77   2210   -17.67    451   -30.84      0        -      0        -      0        -       343       60    -9.75   -20.14
  15900.0   2660 1510/2211   13.29   13.22    ~0.43    ~1.79   2196   -17.72    464   -30.24      0        -      0        -      0        -       330       60   -10.22   -20.13
  16000.0   2659 1526/2211   13.19   12.98    ~0.43    ~1.81   2178   -17.51    480   -30.49      0        -      0        -      1   -21.36       339       58    -9.96   -20.07
  16100.0   2654 1522/2211   13.22   13.11    ~0.43    ~1.83   2156   -17.38    497   -29.68      0        -      0        -      1   -20.05       308       56    -9.41   -19.90
  16200.0   2655 1536/2211   13.45   13.19    ~0.43    ~1.76   2145   -17.37    509   -30.05      0        -      0        -      1   -39.43       326       56    -9.50   -20.04
  16300.0   2658 1536/2211   13.43   13.07    ~0.41    ~1.75   2134   -17.29    523   -30.28      0        -      0        -      1   -41.94       330       56    -9.17   -20.08
  16400.0   2666 1519/2211   13.56   13.06    ~0.42    ~1.77   2131   -17.32    534   -29.95      0        -      0        -      1   -18.33       347       56    -9.38   -20.07
  16500.0   2662 1502/2211   13.77   13.19    ~0.41    ~1.81   2120   -17.45    541   -29.19      0        -      0        -      1    -3.02       320       56    -9.67   -20.05
  16600.0   2662 1490/2211   13.75   13.18    ~0.41    ~1.79   2105   -17.51    556   -28.21      0        -      0        -      1    -2.79       336       52    -8.45   -19.96
  16700.0   2661 1543/2211   13.40   12.92    ~0.42    ~1.74   2093   -17.37    567   -28.48      0        -      0        -      1    -7.99       329       52    -8.30   -19.96
  16800.0   2660 1509/2211   13.33   13.04    ~0.42    ~1.80   2082   -17.25    577   -29.12      0        -      0        -      1    -8.61       298       51    -8.42   -20.05
  16900.0   2658 1519/2211   13.40   13.24    ~0.40    ~1.71   2065   -17.25    592   -29.31      0        -      0        -      1   -10.25       356       49    -7.56   -20.16
  17000.0   2659 1536/2211   13.26   13.13    ~0.44    ~1.77   2048   -17.29    610   -28.73      0        -      0        -      1    -8.63       372       48    -7.07   -20.15
  17100.0   2658 1491/2211   13.08   12.98    ~0.40    ~1.84   2036   -17.28    621   -28.97      0        -      0        -      1    -6.73       365       47    -6.89   -20.25
  17200.0   2657 1519/2211   13.37   13.31    ~0.42    ~1.79   2021   -17.47    635   -29.13      0        -      0        -      1    -9.74       332       46    -6.29   -20.50
  17300.0   2654 1506/2211   13.53   13.27    ~0.42    ~1.80   1998   -17.49    655   -29.61      0        -      0        -      1   -11.79       343       45    -6.76   -20.71
  17400.0   2648 1453/2211   13.40   13.06    ~0.41    ~1.79   1978   -17.15    669   -29.28      0        -      0        -      1    -7.89       312       45    -5.60   -20.46
  17500.0   2658 1507/2211   13.21   13.09    ~0.43    ~1.78   1971   -17.02    686   -29.85      0        -      0        -      1    -8.31       312       45    -5.57   -20.58
  17600.0   2652 1498/2211   13.47   13.25    ~0.43    ~1.78   1947   -17.18    704   -29.91      0        -      0        -      1   -10.75       323       43    -6.32   -20.79
  17700.0   2651 1506/2211   13.61   13.32    ~0.41    ~1.78   1929   -17.12    721   -29.52      0        -      0        -      1    -8.52       349       42    -5.64   -20.72
  17800.0   2651 1505/2211   13.24   13.08    ~0.42    ~1.84   1910   -16.75    740   -29.47      0        -      0        -      1    -7.31       338       42    -8.10   -20.49
  17900.0   2657 1522/2211   13.31   13.02    ~0.41    ~1.72   1897   -16.98    759   -29.86      0        -      0        -      1    -3.45       349       41    -7.20   -20.86
  18000.0   2656 1544/2211   13.53   13.16    ~0.42    ~1.73   1875   -17.40    780   -29.13      0        -      0        -      1    -4.26       372       38    -7.18   -21.04
  18100.0   2660 1510/2211   13.37   13.22    ~0.42    ~1.81   1860   -17.09    799   -29.31      0        -      0        -      1    -3.12       356       37    -6.92   -20.95
  18200.0   2655 1537/2211   13.12   13.08    ~0.42    ~1.76   1839   -16.67    815   -29.91      0        -      0        -      1    -3.29       338       36    -6.12   -20.93
  18300.0   2661 1505/2211   13.30   13.09    ~0.40    ~1.75   1827   -17.10    833   -28.91      0        -      0        -      1    -3.95       351       36    -6.92   -20.98
  18400.0   2666 1493/2211   13.35   13.32    ~0.42    ~1.71   1819   -17.41    846   -28.27      0        -      0        -      1    -6.13       365       36    -8.01   -21.03
  18500.0   2667 1514/2211   13.16   13.30    ~0.40    ~1.76   1804   -17.13    862   -28.84      0        -      0        -      1    -2.80       352       34    -7.26   -21.08
  18600.0   2666 1510/2211   13.09   13.16    ~0.41    ~1.73   1788   -17.00    877   -29.52      0        -      0        -      1    -2.44       330       34    -7.52   -21.28
  18700.0   2664 1512/2211   13.29   13.16    ~0.41    ~1.80   1773   -16.90    890   -29.53      0        -      0        -      1    -3.75       342       33    -7.94   -21.28
  18800.0   2667 1539/2211   13.42   13.34    ~0.42    ~1.75   1763   -16.85    903   -29.45      0        -      0        -      1    -3.17       346       33    -7.68   -21.28
  18900.0   2671 1544/2211   13.34   13.32    ~0.42    ~1.77   1752   -16.79    918   -29.43      0        -      0        -      1    -1.43       313       33    -9.00   -21.28
  19000.0   2679 1482/2211   13.38   13.33    ~0.41    ~1.83   1747   -16.90    931   -29.70      0        -      0        -      1    -2.23       303       32    -8.61   -21.50
  19100.0   2674 1528/2211   13.44   13.53    ~0.43    ~1.81   1730   -17.30    943   -29.17      0        -      0        -      1    -4.67       344       32    -9.93   -21.62
  19200.0   2670 1488/2211   13.54   13.61    ~0.42    ~1.77   1714   -17.03    955   -29.22      0        -      0        -      1    -3.35       369       30    -8.38   -21.53
  19300.0   2668 1496/2211   13.50   13.51    ~0.41    ~1.78   1697   -16.64    970   -29.34      0        -      0        -      1    -2.51       380       29    -6.94   -21.41
  19400.0   2666 1503/2211   13.64   13.36    ~0.40    ~1.78   1678   -16.58    987   -29.68      0        -      0        -      1    -3.89       328       29    -7.45   -21.58
  19500.0   2673 1510/2211   13.78   13.31    ~0.42    ~1.80   1674   -16.88    998   -29.53      0        -      0        -      1    -4.47       349       28    -7.84   -21.75
  19600.0   2675 1532/2211   13.53   13.27    ~0.43    ~1.81   1664   -16.75   1009   -29.25      0        -      0        -      2   -23.52       337       27    -6.64   -21.62
  19700.0   2670 1548/2211   13.43   13.01    ~0.43    ~1.82   1650   -17.04   1019   -28.88      0        -      0        -      1    -4.36       334       27    -6.53   -21.71
  19800.0   2671 1528/2211   13.53   13.06    ~0.42    ~1.80   1633   -16.83   1037   -29.11      0        -      0        -      1    -4.81       333       27    -6.89   -21.74
  19900.0   2674 1499/2211   13.59   13.17    ~0.40    ~1.79   1620   -16.68   1053   -29.06      0        -      0        -      1    -4.86       338       26    -6.29   -21.70
  20000.0   2664 1514/2211   13.46   13.05    ~0.44    ~1.79   1594   -16.80   1069   -28.98      0        -      0        -      1    -4.74       325       26    -8.08   -21.82
  20100.0   2664 1530/2211   13.49   13.12    ~0.43    ~1.77   1579   -16.76   1084   -29.19      0        -      0        -      1    -4.93       335       26    -8.62   -21.94
  20200.0   2671 1539/2211   13.62   13.43    ~0.40    ~1.78   1572   -17.04   1098   -29.05      0        -      0        -      1    -5.37       344       26    -9.32   -22.10
  20300.0   2665 1497/2211   13.58   13.42    ~0.41    ~1.83   1552   -16.98   1112   -29.07      0        -      0        -      1    -5.45       378       23   -10.63   -22.12
  20400.0   2665 1526/2211   13.50   13.27    ~0.43    ~1.89   1536   -16.74   1128   -28.94      0        -      0        -      1    -5.46       344       21    -9.30   -22.00
  20500.0   2667 1499/2211   13.42   13.27    ~0.45    ~1.80   1523   -16.79   1143   -28.94      0        -      0        -      1    -5.47       308       19    -9.16   -22.08
  20600.0   2670 1527/2211   13.36   13.40    ~0.43    ~1.82   1509   -17.03   1160   -28.76      0        -      0        -      1    -5.42       351       16   -11.00   -22.19
  20700.0   2669 1538/2211   13.22   13.35    ~0.44    ~1.82   1498   -16.88   1170   -28.77      0        -      0        -      1    -5.16       345       15    -8.13   -22.17
  20800.0   2672 1519/2211   13.27   13.23    ~0.41    ~1.82   1491   -16.76   1180   -28.47      0        -      0        -      1    -4.52       365       15    -8.14   -22.00
  20900.0   2669 1542/2211   13.62   13.23    ~0.43    ~1.78   1475   -16.65   1193   -28.09      0        -      0        -      1    -4.58       389       14    -7.68   -21.83
  21000.0   2670 1517/2211   13.57   13.16    ~0.43    ~1.79   1467   -16.85   1201   -28.27      0        -      0        -      2    -5.03       355       14    -8.94   -22.05
  21100.0   2669 1504/2211   13.51   12.98    ~0.43    ~1.76   1453   -16.80   1214   -28.40      0        -      0        -      2    -4.76       345       14    -8.98   -22.14
  21200.0   2669 1532/2211   13.56   13.00    ~0.40    ~1.79   1447   -16.96   1220   -28.29      0        -      0        -      2    -4.25       377       11    -6.82   -22.19
  21300.0   2668 1512/2211   13.81   13.09    ~0.41    ~1.78   1438   -17.09   1228   -27.98      0        -      0        -      2    -4.04       411       11    -6.31   -22.16
  21400.0   2671 1502/2211   13.71   13.01    ~0.41    ~1.74   1431   -17.28   1238   -28.21      0        -      0        -      2    -4.50       362       10    -6.30   -22.40
  21500.0   2664 1514/2211   13.54   12.92    ~0.42    ~1.76   1415   -17.24   1247   -28.33      0        -      0        -      2   -11.48       355       10    -6.20   -22.48
  21600.0   2662 1533/2211   13.69   13.04    ~0.41    ~1.83   1405   -17.70   1255   -27.64      0        -      0        -      2   -31.99       365       10    -6.53   -22.46
  21700.0   2659 1538/2211   13.65   13.15    ~0.43    ~1.81   1400   -18.00   1256   -27.52      0        -      0        -      3   -35.65       371        9    -6.85   -22.57
  21800.0   2667 1515/2211   13.47   13.28    ~0.42    ~1.75   1398   -18.04   1266   -27.94      0        -      0        -      3   -28.87       359        9    -7.35   -22.80
  21900.0   2655 1521/2211   13.38   13.52    ~0.43    ~1.82   1382   -17.58   1270   -27.91      0        -      0        -      3   -25.01       357        8    -4.15   -22.59
  22000.0   2660 1524/2211   13.45   13.56    ~0.44    ~1.76   1381   -17.59   1276   -27.44      0        -      0        -      3   -23.49       360        6    -5.22   -22.36
  22100.0   2666 1524/2211   13.49   13.27    ~0.42    ~1.80   1383   -17.98   1280   -27.49      0        -      0        -      3   -27.78       340        5    -7.86   -22.58
  22200.0   2663 1523/2211   13.28   13.17    ~0.42    ~1.76   1374   -18.00   1286   -27.62      0        -      0        -      3   -29.80       363        5    -7.51   -22.69
  22300.0   2655 1505/2211   13.35   13.17    ~0.43    ~1.75   1373   -17.81   1280   -27.44      0        -      0        -      2   -27.15       346        4    -8.04   -22.48
  22400.0   2658 1513/2211   13.50   13.06    ~0.42    ~1.83   1369   -17.75   1287   -27.40      0        -      0        -      2   -26.83       358        4    -8.53   -22.45
  22500.0   2648 1491/2211   13.59   13.05    ~0.40    ~1.75   1358   -17.44   1288   -27.33      0        -      0        -      2   -26.27       350        4    -9.66   -22.27
  22600.0   2642 1519/2211   13.48   13.18    ~0.42    ~1.85   1353   -17.30   1287   -27.47      0        -      0        -      2   -25.80       340        4    -8.82   -22.28
  22700.0   2640 1529/2211   13.47   13.22    ~0.44    ~1.84   1351   -17.45   1287   -26.93      0        -      0        -      2   -23.27       370        4   -12.52   -22.09
  22800.0   2642 1510/2211   13.47   13.34    ~0.42    ~1.80   1354   -17.36   1286   -27.18      0        -      0        -      2   -19.83       378        3    -4.97   -22.17
  22900.0   2636 1491/2211   13.49   13.17    ~0.42    ~1.81   1359   -17.52   1275   -27.22      0        -      0        -      2   -17.51       333        3    -6.02   -22.23
  23000.0   2623 1504/2211   13.35   13.17    ~0.42    ~1.78   1356   -17.55   1265   -27.33      0        -      0        -      2   -20.52       337        2    -7.53   -22.28
  23100.0   2622 1506/2211   13.38   13.27    ~0.41    ~1.78   1345   -17.64   1274   -26.95      0        -      0        -      3   -26.86       339        2    -7.32   -22.19
  23200.0   2623 1491/2211   13.48   13.27    ~0.43    ~1.82   1353   -17.83   1268   -26.96      0        -      0        -      2    -8.46       333        2    -9.17   -22.25
  23300.0   2604 1484/2211   13.31   13.26    ~0.41    ~1.80   1350   -17.58   1252   -26.82      0        -      0        -      2    -7.36       334        2   -10.46   -22.02
  23400.0   2596 1500/2211   13.14   13.33    ~0.43    ~1.82   1364   -17.55   1230   -27.23      0        -      0        -      2   -11.24       336        2    -6.37   -22.15
  23500.0   2597 1494/2211   13.31   13.19    ~0.42    ~1.79   1383   -17.79   1212   -27.05      0        -      0        -      2   -12.85       345        2    -6.93   -22.12
  23600.0   2576 1489/2211   13.41   13.03    ~0.42    ~1.81   1404   -18.20   1170   -26.83      0        -      0        -      2    -7.60       325        1   -12.10   -22.11
  23700.0   2560 1460/2211   13.31   13.04    ~0.41    ~1.81   1422   -18.21   1135   -26.72      0        -      0        -      3   -18.45       331        1   -11.04   -21.99
  23800.0   2549 1470/2211   13.37   13.14    ~0.44    ~1.80   1438   -18.70   1109   -26.61      0        -      0        -      2    -6.71       341        1    -9.56   -22.14
  23900.0   2543 1516/2211   13.34   13.22    ~0.44    ~1.86   1458   -18.86   1083   -26.48      0        -      0        -      2    -9.23       314        1    -6.35   -22.11
  24000.0   2536 1491/2211   13.29   13.11    ~0.44    ~1.83   1477   -18.79   1057   -26.36      0        -      0        -      2   -14.83       303        1    -5.06   -21.95
  24100.0   2523 1461/2211   13.18   13.09    ~0.41    ~1.82   1507   -18.79   1014   -26.31      0        -      0        -      2   -16.34       299        1    -6.51   -21.82
  24200.0   2510 1462/2211   13.26   13.13    ~0.43    ~1.83   1530   -18.88    978   -26.20      0        -      0        -      2   -22.36       326        1    -5.80   -21.74
  24300.0   2508 1480/2211   13.44   13.07    ~0.46    ~1.83   1572   -19.28    934   -26.03      0        -      0        -      2   -22.32       313        1    -5.66   -21.81
  24400.0   2503 1473/2211   13.37   13.10    ~0.45    ~1.83   1603   -19.36    898   -25.99      0        -      0        -      2   -15.41       298        1    -4.67   -21.74
  24500.0   2474 1430/2211   13.45   12.91    ~0.44    ~1.82   1642   -19.27    831   -25.74      0        -      0        -      1   -25.43       286        1    -3.44   -21.46
  24600.0   2438 1463/2211   13.45   12.88    ~0.44    ~1.82   1676   -19.10    761   -25.20      0        -      0        -      1   -38.55       320        1    -4.40   -21.02
  24700.0   2385 1431/2211   13.28   12.98    ~0.45    ~1.77   1736   -19.54    647   -24.61      0        -      0        -      2   -25.89       287        1    -5.48   -20.93
  24800.0   2331 1414/2211   13.22   12.90    ~0.44    ~1.83   1807   -20.07    522   -23.48      0        -      0        -      2   -24.63       272        1    -4.81   -20.84
  24900.0   2277 1409/2211   13.25   12.94    ~0.44    ~1.77   1900   -20.13    375   -23.07      0        -      0        -      2   -23.60       315        1    -4.19   -20.62
  25000.0   2265 1371/2211   13.44   12.91    ~0.45    ~1.82   1980   -20.14    283   -23.44      0        -      0        -      2   -24.62       296        1    -4.07   -20.56
  25100.0   2265 1384/2211   13.45   12.93    ~0.46    ~1.76   2056   -20.41    207   -22.63      0        -      0        -      2   -30.39       306        1    -4.27   -20.63
  25200.0   2262 1391/2211   13.40   12.80    ~0.45    ~1.81   2120   -20.33    140   -23.63      0        -      0        -      2   -34.26       310        1    -4.60   -20.55
  25300.0   2265 1383/2211   13.37   12.73    ~0.45    ~1.76   2161   -20.34    102   -24.59      0        -      0        -      2   -26.80       323        1    -3.87   -20.54
  25400.0   2288 1370/2211   13.21   12.92    ~0.43    ~1.71   2210   -20.44     76   -26.45      0        -      0        -      2   -23.59       331        1    -3.87   -20.65
  25500.0   2309 1356/2211   13.09   13.12    ~0.43    ~1.76   2255   -20.71     51   -29.06      0        -      0        -      3   -31.61       328        1    -6.31   -20.91
  25600.0   2310 1372/2211   13.10   13.18    ~0.44    ~1.78   2268   -20.55     40   -31.73      0        -      0        -      2   -27.98       335        1    -5.78   -20.76
  25700.0   2310 1382/2211   13.06   13.23    ~0.43    ~1.73   2280   -20.20     28   -31.70      0        -      0        -      2   -22.81       333        1    -6.62   -20.34
  25800.0   2321 1408/2211   13.05   13.15    ~0.44    ~1.78   2297   -20.14     22   -30.81      0        -      0        -      2   -22.74       320        1    -4.76   -20.25
  25900.0   2325 1395/2211   13.13   13.02    ~0.44    ~1.80   2306   -19.92     17   -32.53      0        -      0        -      2   -27.34       313        1    -4.34   -20.03
  26000.0   2329 1424/2211   13.14   12.92    ~0.46    ~1.78   2311   -19.71     16   -32.66      0        -      0        -      2   -25.70       330        1    -4.65   -19.81
  26100.0   2343 1423/2211   13.00   12.98    ~0.46    ~1.74   2325   -19.72     16   -32.29      0        -      0        -      2   -26.76       336        1    -4.35   -19.82
  26200.0   2357 1414/2211   13.04   13.16    ~0.44    ~1.74   2340   -19.57     15   -30.99      0        -      0        -      2   -23.39       309        1    -3.53   -19.66
  26300.0   2353 1400/2211   13.20   13.29    ~0.45    ~1.85   2338   -19.78     13   -30.60      0        -      0        -      2   -24.95       296        1    -4.56   -19.85
  26400.0   2350 1422/2211   13.16   13.32    ~0.44    ~1.79   2338   -19.52     11   -31.92      0        -      0        -      1   -26.41       285        1    -5.70   -19.58
  26500.0   2350 1416/2211   12.88   13.09    ~0.44    ~1.83   2338   -19.48     11   -29.87      0        -      0        -      1   -19.61       286        1    -4.82   -19.53
  26600.0   2359 1441/2211   13.06   13.07    ~0.47    ~1.83   2348   -19.21     10   -28.85      0        -      0        -      1   -21.89       301        1   -10.85   -19.26
  26700.0   2357 1417/2211   13.13   13.11    ~0.43    ~1.79   2349   -19.13      7   -25.16      0        -      0        -      1   -23.15       311        1    -0.95   -19.15
  26800.0   2364 1425/2211   12.91   12.93    ~0.45    ~1.77   2355   -18.99      7   -23.61      0        -      0        -      2   -21.33       306        1    -0.89   -19.02
  26900.0   2385 1451/2211   12.76   12.91    ~0.43    ~1.85   2376   -19.40      7   -22.29      0        -      0        -      2   -21.08       301        1   -11.97   -19.41
  27000.0   2382 1444/2211   13.29   13.11    ~0.43    ~1.77   2373   -19.04      7   -23.30      0        -      0        -      2   -26.36       305        1    -6.04   -19.07
  27100.0   2381 1416/2211   13.56   13.21    ~0.43    ~1.82   2373   -18.90      6   -25.28      0        -      0        -      2   -25.59       295        1    -9.11   -18.92
  27200.0   2386 1407/2211   13.25   12.92    ~0.42    ~1.77   2378   -18.86      6   -24.47      0        -      0        -      2   -23.59       302        1    -7.44   -18.88
  27300.0   2393 1436/2211   13.07   13.13    ~0.43    ~1.79   2385   -18.95      6   -26.50      0        -      0        -      2   -24.46       277        1    -3.69   -18.98
  27400.0   2405 1410/2211   13.14   13.41    ~0.43    ~1.79   2397   -19.43      6   -26.12      0        -      0        -      2   -23.83       283        1    -5.97   -19.46
  27500.0   2404 1413/2211   13.12   13.11    ~0.43    ~1.76   2397   -19.37      5   -17.26      0        -      0        -      2   -21.81       337        1    -8.96   -19.37
  27600.0   2407 1441/2211   12.71   12.83    ~0.44    ~1.84   2400   -19.90      5   -22.85      0        -      0        -      2   -38.40       305        1    -5.09   -19.93
  27700.0   2413 1424/2211   12.69   12.93    ~0.43    ~1.79   2408   -19.73      4   -27.97      0        -      0        -      1   -32.79       305        1    -3.67   -19.76
  27800.0   2409 1454/2211   13.16   12.93    ~0.44    ~1.79   2404   -19.57      4   -21.63      0        -      0        -      1   -11.93       304        1    -8.02   -19.57
  27900.0   2412 1434/2211   13.18   12.71    ~0.43    ~1.81   2407   -19.54      4   -24.24      0        -      0        -      1    -6.15       267        1    -9.23   -19.54
  28000.0   2427 1468/2211   13.06   12.55    ~0.46    ~1.83   2422   -19.60      4   -29.86      0        -      0        -      1   -16.41       321        1    -9.05   -19.62
  28100.0   2431 1464/2211   13.16   12.65    ~0.43    ~1.80   2427   -19.29      3   -28.26      0        -      0        -      1   -17.25       294        1    -5.15   -19.31
  28200.0   2440 1426/2211   13.46   12.74    ~0.44    ~1.79   2436   -19.08      3   -27.83      0        -      0        -      1   -23.28       325        1    -4.54   -19.09
  28300.0   2448 1446/2211   13.21   12.50    ~0.42    ~1.76   2444   -19.12      3   -31.71      0        -      0        -      1   -21.57       322        1    -3.07   -19.14
  28400.0   2449 1460/2211   13.07   12.80    ~0.44    ~1.83   2445   -19.21      3   -30.07      0        -      0        -      1   -15.91       299        1    -2.16   -19.23
  28500.0   2460 1456/2211   13.28   13.20    ~0.44    ~1.80   2457   -19.21      2   -30.28      0        -      0        -      1   -15.81       349        1    -3.32   -19.23
  28600.0   2465 1458/2211   13.23   13.04    ~0.43    ~1.79   2462   -19.27      2   -29.03      0        -      0        -      1   -13.42       333        1    -5.63   -19.29
  28700.0   2466 1447/2211   13.08   12.76    ~0.45    ~1.80   2463   -19.73      2   -31.59      0        -      0        -      1    -9.40       293        1    -3.34   -19.74
  28800.0   2470 1448/2211   13.11   12.85    ~0.44    ~1.82   2468   -19.64      1   -44.09      0        -      0        -      1    -6.97       306        1    -2.50   -19.65
  28900.0   2469 1466/2211   13.37   12.93    ~0.44    ~1.80   2467   -19.46      1   -43.58      0        -      0        -      1    -9.55       316        1    -4.23   -19.47
  29000.0   2472 1463/2211   13.29   12.80    ~0.43    ~1.88   2471   -19.36      0        -      0        -      0        -      1   -13.34       303        1    -4.54   -19.36
  29100.0   2466 1476/2211   13.40   13.08    ~0.43    ~1.85   2465   -19.15      0        -      0        -      0        -      1    -9.01       275        1    -2.57   -19.16
  29200.0   2464 1453/2211   13.55   13.53    ~0.45    ~1.80   2463   -18.96      0        -      0        -      0        -      1    -9.39       277        1    -2.36   -18.97
  29300.0   2483 1469/2211   13.53   13.58    ~0.44    ~1.73   2482   -19.46      0        -      0        -      0        -      1   -14.66       307        1    -2.88   -19.46
  29400.0   2490 1468/2211   13.41   13.37    ~0.46    ~1.79   2489   -19.65      0        -      0        -      0        -      1   -15.53       286        1    -2.53   -19.65
  29500.0   2498 1468/2211   13.33   13.35    ~0.43    ~1.78   2497   -19.67      0        -      0        -      0        -      1   -13.94       316        1    -1.74   -19.67
  29600.0   2505 1485/2211   13.52   13.16    ~0.46    ~1.73   2504   -19.80      0        -      0        -      0        -      1   -16.12       334        1    -1.53   -19.81
  29700.0   2510 1427/2211   13.13   12.72    ~0.41    ~1.71   2509   -19.75      0        -      0        -      0        -      1   -20.08       328        1    -2.10   -19.76
  29800.0   2514 1460/2211   13.36   12.86    ~0.40    ~1.73   2513   -19.62      0        -      0        -      0        -      1   -18.70       365        1    -2.11   -19.63
  29900.0   2521 1453/2211   13.51   13.15    ~0.43    ~1.79   2520   -19.36      0        -      0        -      0        -      1   -13.61       345        1    -3.66   -19.37
  30000.0   2523 1469/2211   13.57   13.06    ~0.42    ~1.75   2522   -19.46      0        -      0        -      0        -      1   -17.71       341        1    -2.30   -19.47

300 of 300 samples printed
