arm r39-s5 | run 2026-09-17-085303-8eab1085 | tank r=26.5 m (2.2e+03 m2), 45 m deep, 4 ring(s)
columns of 1 m: 2211 | lineage.jsonl: 9983 births, 64 clades

        t      n      cols    x sd    z sd     nn h    nn 3d   leaf   leaf y   stom   stom y   mixo   mixo y    jnt    jnt y  plain  plain y  clade 1m  jointed  joint y  rigid y
    100.0     44   43/2211   12.39   14.74     3.45     5.41     43   -13.07      1   -44.30      0        -      0        -      0        -         0       23   -15.90   -11.47
    200.0     61   60/2211   12.24   13.95     2.06     3.58     61    -9.68      0        -      0        -      0        -      0        -         2       32    -7.95   -11.58
    300.0     86   81/2211   12.48   13.63     1.65     2.61     86    -8.35      0        -      0        -      0        -      0        -         4       49    -6.45   -10.86
    400.0    119  110/2211   12.68   14.59     1.50     2.22    119    -8.59      0        -      0        -      0        -      0        -        10       66    -6.84   -10.78
    500.0    175  159/2211   12.21   13.60     1.23     2.00    175    -8.16      0        -      0        -      0        -      0        -         9       90    -5.22   -11.27
    600.0    239  209/2211   10.20   11.53     1.04     1.87    239    -9.91      0        -      0        -      0        -      0        -        27      119    -6.28   -13.51
    700.0    284  253/2211   10.98   12.23     0.94     1.83    284    -8.29      0        -      0        -      0        -      0        -        33      135    -5.10   -11.19
    800.0    345  294/2211   12.59   13.84     0.84     1.74    345    -8.20      0        -      0        -      0        -      0        -        61      152    -6.48    -9.55
    900.0    407  340/2211   11.41   13.03     0.82     1.60    407    -7.42      0        -      0        -      0        -      0        -        59      173    -5.86    -8.56
   1000.0    478  381/2211   11.00   12.23     0.78     1.59    478    -7.81      0        -      0        -      0        -      0        -        77      186    -6.02    -8.96
   1100.0    556  443/2211   12.32   13.30     0.74     1.69    556    -7.16      0        -      0        -      0        -      0        -        86      202    -6.09    -7.78
   1200.0    639  500/2211   12.81   13.63     0.69     1.70    639    -7.24      0        -      0        -      0        -      0        -        89      212    -6.79    -7.47
   1300.0    717  535/2211   11.36   11.87     0.69     1.67    717    -9.94      0        -      0        -      0        -      0        -        83      219    -8.65   -10.50
   1400.0    804  578/2211   10.97   11.25     0.62     1.67    804   -15.55      0        -      0        -      0        -      0        -       106      231   -13.96   -16.19
   1500.0    856  634/2211   12.08   12.14     0.63     1.68    856   -13.72      0        -      0        -      0        -      0        -       129      232   -13.00   -13.99
   1600.0    902  684/2211   12.60   12.62     0.64     1.69    902   -12.45      0        -      0        -      0        -      0        -       138      234   -11.72   -12.71
   1700.0    957  731/2211   11.65   12.55     0.66     1.64    957   -12.63      0        -      0        -      0        -      0        -       137      234   -11.20   -13.09
   1800.0   1005  782/2211   12.58   12.92     0.67     1.67   1005   -12.97      0        -      0        -      0        -      0        -       144      236   -12.11   -13.24
   1900.0   1048  769/2211   13.93   13.86     0.61     1.72   1048   -13.83      0        -      0        -      0        -      0        -       126      234   -13.61   -13.89
   2000.0   1091  811/2211   13.95   13.54     0.60     1.75   1091   -13.51      0        -      0        -      0        -      0        -       125      234   -13.34   -13.55
   2100.0   1134  850/2211   13.48   12.78     0.62     1.74   1134   -13.12      0        -      0        -      0        -      0        -       133      232   -13.01   -13.15
   2200.0   1173  881/2211   13.49   13.20     0.61     1.77   1173   -13.34      0        -      0        -      0        -      0        -       115      230   -13.34   -13.35
   2300.0   1217  864/2211   13.62   13.27    ~0.60    ~1.76   1217   -12.66      0        -      0        -      0        -      0        -       123      230   -12.93   -12.59
   2400.0   1267  913/2211   12.91   12.78    ~0.59    ~1.71   1267   -12.33      0        -      0        -      0        -      0        -       125      229   -12.41   -12.31
   2500.0   1319  949/2211   12.57   12.49    ~0.59    ~1.78   1319   -13.76      0        -      0        -      0        -      0        -       121      229   -12.56   -14.01
   2600.0   1370  973/2211   13.15   12.99    ~0.55    ~1.75   1370   -13.81      0        -      0        -      0        -      0        -       117      229   -13.02   -13.96
   2700.0   1405  993/2211   13.17   13.33    ~0.55    ~1.78   1405   -12.99      0        -      0        -      0        -      0        -       133      229   -13.05   -12.98
   2800.0   1447 1016/2211   13.19   13.27    ~0.55    ~1.78   1446   -12.89      1    -2.85      0        -      0        -      0        -       150      229   -12.91   -12.87
   2900.0   1484 1060/2211   13.28   13.50    ~0.54    ~1.73   1483   -13.55      1    -4.05      0        -      0        -      0        -       141      229   -13.24   -13.60
   3000.0   1527 1077/2211   13.65   13.54    ~0.54    ~1.78   1526   -13.04      1    -3.87      0        -      0        -      0        -       158      229   -12.91   -13.05
   3100.0   1555 1090/2211   13.87   13.39    ~0.53    ~1.84   1554   -13.04      1    -3.22      0        -      0        -      0        -       169      228   -13.77   -12.91
   3200.0   1591 1084/2211   13.24   12.90    ~0.50    ~1.85   1590   -12.94      1    -3.14      0        -      0        -      0        -       165      228   -13.71   -12.80
   3300.0   1635 1106/2211   12.86   12.69    ~0.51    ~1.74   1634   -13.32      1    -3.06      0        -      0        -      0        -       153      228   -14.41   -13.13
   3400.0   1671 1115/2211   12.70   13.08    ~0.53    ~1.63   1670   -13.23      1    -6.52      0        -      0        -      0        -       193      226   -14.02   -13.11
   3500.0   1721 1127/2211   13.13   13.63    ~0.51    ~1.77   1720   -13.46      1    -8.07      0        -      0        -      0        -       208      226   -14.44   -13.30
   3600.0   1762 1149/2211   13.38   13.65    ~0.50    ~1.66   1760   -13.40      1    -5.77      0        -      0        -      1   -13.12       195      225   -14.60   -13.22
   3700.0   1800 1195/2211   13.18   13.24    ~0.51    ~1.60   1799   -13.24      1    -5.66      0        -      0        -      0        -       234      226   -14.75   -13.02
   3800.0   1850 1192/2211   13.67   13.49    ~0.48    ~1.66   1848   -13.03      2   -10.64      0        -      0        -      0        -       243      225   -14.44   -12.83
   3900.0   1890 1206/2211   13.95   13.66    ~0.47    ~1.67   1888   -13.15      2   -12.38      0        -      0        -      0        -       237      223   -14.45   -12.97
   4000.0   1933 1233/2211   13.67   12.95    ~0.49    ~1.68   1931   -13.20      2   -12.91      0        -      0        -      0        -       210      221   -14.56   -13.02
   4100.0   1979 1266/2211   13.31   12.38    ~0.46    ~1.58   1976   -13.14      2   -12.48      0        -      0        -      1   -16.64       226      218   -14.06   -13.03
   4200.0   2025 1296/2211   13.80   13.15    ~0.48    ~1.65   2023   -13.22      2   -13.79      0        -      0        -      0        -       264      214   -13.52   -13.19
   4300.0   2078 1327/2211   13.97   12.96    ~0.47    ~1.60   2076   -13.40      2   -14.30      0        -      0        -      0        -       242      213   -13.77   -13.36
   4400.0   2132 1279/2211   12.90   12.05    ~0.43    ~1.63   2129   -14.58      2   -11.83      0        -      0        -      1    -4.01       258      213   -14.17   -14.62
   4500.0   2179 1331/2211   12.81   12.21    ~0.47    ~1.68   2176   -14.15      2   -12.25      0        -      0        -      1    -7.37       276      211   -14.13   -14.15
   4600.0   2230 1344/2211   13.43   13.24    ~0.45    ~1.62   2227   -13.92      2   -15.25      0        -      0        -      1    -2.82       269      209   -14.13   -13.90
   4700.0   2275 1346/2211   13.24   13.25    ~0.42    ~1.59   2272   -14.59      2   -16.44      0        -      0        -      1    -3.32       304      209   -14.52   -14.59
   4800.0   2326 1399/2211   12.86   13.05    ~0.44    ~1.58   2323   -14.42      2   -15.06      0        -      0        -      1    -1.94       288      207   -14.71   -14.39
   4900.0   2375 1435/2211   13.50   13.32    ~0.46    ~1.61   2372   -14.72      2   -17.03      0        -      0        -      1    -1.90       298      206   -14.77   -14.71
   5000.0   2414 1366/2211   13.92   13.82    ~0.42    ~1.63   2411   -16.45      2   -20.82      0        -      0        -      1    -3.65       291      204   -16.30   -16.47
   5100.0   2455 1373/2211   13.28   13.46    ~0.42    ~1.68   2452   -16.44      2   -27.43      0        -      0        -      1    -3.60       314      203   -16.31   -16.46
   5200.0   2481 1422/2211   12.54   13.19    ~0.43    ~1.60   2476   -16.02      2   -29.17      0        -      0        -      3   -27.25       305      199   -15.48   -16.09
   5300.0   2512 1417/2211   12.82   13.27    ~0.42    ~1.67   2508   -16.34      2   -26.44      0        -      0        -      2   -24.03       313      198   -15.35   -16.44
   5400.0   2532 1453/2211   13.36   13.23    ~0.43    ~1.68   2528   -16.74      2   -25.52      0        -      0        -      2   -20.05       313      198   -15.55   -16.85
   5500.0   2546 1445/2211   12.91   12.42    ~0.42    ~1.67   2542   -16.88      2   -26.07      0        -      0        -      2   -18.13       312      193   -15.45   -17.00
   5600.0   2565 1473/2211   12.53   12.31    ~0.42    ~1.72   2561   -17.00      2   -27.06      0        -      0        -      2   -24.24       308      192   -15.38   -17.15
   5700.0   2582 1476/2211   13.11   13.19    ~0.42    ~1.63   2578   -16.48      2   -31.41      0        -      0        -      2   -19.76       301      190   -15.38   -16.58
   5800.0   2590 1497/2211   13.32   13.38    ~0.43    ~1.69   2586   -16.68      2   -29.47      0        -      0        -      2   -19.55       292      188   -16.07   -16.74
   5900.0   2594 1497/2211   12.91   12.93    ~0.43    ~1.71   2590   -16.89      2   -26.99      0        -      0        -      2   -16.98       261      184   -15.87   -16.98
   6000.0   2604 1513/2211   12.97   12.95    ~0.43    ~1.71   2599   -16.87      2   -28.11      0        -      0        -      3   -20.94       273      181   -15.44   -16.99
   6100.0   2606 1501/2211   13.68   13.40    ~0.42    ~1.70   2601   -17.14      3   -33.98      0        -      0        -      2   -21.62       240      179   -15.86   -17.26
   6200.0   2615 1490/2211   13.55   13.25    ~0.40    ~1.68   2610   -17.26      3   -31.92      0        -      0        -      2   -20.35       249      175   -15.87   -17.38
   6300.0   2615 1525/2211   12.90   12.78    ~0.43    ~1.71   2610   -17.29      3   -28.36      0        -      0        -      2   -16.57       216      172   -15.11   -17.45
   6400.0   2616 1512/2211   13.31   12.94    ~0.46    ~1.68   2611   -17.06      3   -28.65      0        -      0        -      2   -16.91       253      168   -14.77   -17.23
   6500.0   2627 1507/2211   13.60   13.19    ~0.40    ~1.72   2622   -17.22      3   -23.60      0        -      0        -      2   -17.73       266      166   -14.93   -17.39
   6600.0   2632 1520/2211   13.22   12.96    ~0.43    ~1.73   2627   -17.34      3   -22.55      0        -      0        -      2   -17.98       240      164   -14.51   -17.53
   6700.0   2649 1531/2211   12.83   12.79    ~0.42    ~1.71   2643   -17.81      3   -17.07      0        -      0        -      3   -27.65       259      163   -14.76   -18.02
   6800.0   2647 1525/2211   13.23   13.16    ~0.45    ~1.78   2642   -17.67      3   -18.21      0        -      0        -      2   -24.19       239      160   -14.36   -17.89
   6900.0   2652 1519/2211   13.39   13.28    ~0.43    ~1.74   2647   -17.81      3   -11.85      0        -      0        -      2   -28.04       224      157   -15.41   -17.97
   7000.0   2658 1522/2211   13.06   13.08    ~0.42    ~1.79   2652   -17.79      3   -16.95      0        -      0        -      3   -19.29       250      156   -15.00   -17.96
   7100.0   2664 1526/2211   13.11   13.13    ~0.44    ~1.72   2658   -17.60      3   -23.05      0        -      0        -      3   -17.89       266      153   -14.82   -17.78
   7200.0   2669 1514/2211   13.39   13.41    ~0.42    ~1.73   2663   -17.76      3   -20.93      0        -      0        -      3   -16.73       242      151   -14.94   -17.93
   7300.0   2671 1510/2211   13.33   13.50    ~0.41    ~1.72   2665   -17.88      3   -20.95      0        -      0        -      3   -16.23       250      149   -15.08   -18.05
   7400.0   2679 1552/2211   12.92   13.23    ~0.41    ~1.72   2673   -17.80      3   -16.59      0        -      0        -      3   -13.59       216      144   -14.30   -17.99
   7500.0   2677 1527/2211   12.95   13.26    ~0.42    ~1.76   2671   -17.73      3   -15.22      0        -      0        -      3   -15.58       235      141   -14.60   -17.90
   7600.0   2674 1514/2211   13.21   13.31    ~0.41    ~1.69   2668   -17.72      3   -16.74      0        -      0        -      3   -14.09       257      137   -14.22   -17.91
   7700.0   2675 1516/2211   13.11   13.21    ~0.41    ~1.75   2669   -17.85      3   -16.71      0        -      0        -      3   -12.98       251      135   -14.02   -18.05
   7800.0   2684 1512/2211   13.11   13.17    ~0.41    ~1.74   2678   -17.93      3   -12.05      0        -      0        -      3   -12.99       245      134   -14.29   -18.11
   7900.0   2686 1538/2211   13.35   13.06    ~0.42    ~1.69   2680   -17.87      3   -12.34      0        -      0        -      3   -13.42       240      129   -13.83   -18.06
   8000.0   2689 1523/2211   13.50   13.23    ~0.43    ~1.73   2683   -18.02      3   -16.90      0        -      0        -      3   -15.00       243      127   -15.19   -18.15
   8100.0   2700 1522/2211   13.31   13.30    ~0.42    ~1.72   2694   -17.93      3   -18.59      0        -      0        -      3   -13.08       252      125   -14.56   -18.09
   8200.0   2706 1526/2211   13.33   13.11    ~0.40    ~1.75   2700   -18.14      3   -15.62      0        -      0        -      3    -9.18       252      124   -14.81   -18.28
   8300.0   2705 1534/2211   13.42   12.86    ~0.42    ~1.71   2699   -18.13      3   -16.61      0        -      0        -      3   -10.14       256      122   -14.95   -18.27
   8400.0   2704 1562/2211   13.44   12.96    ~0.43    ~1.76   2698   -18.20      3   -18.76      0        -      0        -      3   -12.04       234      119   -14.66   -18.36
   8500.0   2708 1539/2211   13.17   13.06    ~0.43    ~1.73   2702   -18.21      3   -21.49      0        -      0        -      3    -9.57       252      113   -14.03   -18.39
   8600.0   2707 1527/2211   12.92   12.96    ~0.42    ~1.70   2701   -18.30      3   -28.76      0        -      0        -      3    -7.69       229      111   -14.90   -18.44
   8700.0   2709 1519/2211   13.09   13.18    ~0.41    ~1.77   2703   -18.64      3   -32.70      0        -      0        -      3    -7.51       239      106   -15.57   -18.77
   8800.0   2707 1533/2211   13.42   13.45    ~0.41    ~1.79   2701   -18.86      3   -33.85      0        -      0        -      3    -8.60       232      103   -16.10   -18.98
   8900.0   2697 1550/2211   13.38   13.36    ~0.41    ~1.77   2691   -18.53      3   -32.43      0        -      0        -      3    -7.57       223      100   -15.00   -18.67
   9000.0   2702 1560/2211   13.20   13.26    ~0.44    ~1.73   2695   -18.51      4   -31.23      0        -      0        -      3    -6.61       219       95   -14.61   -18.66
   9100.0   2704 1514/2211   13.50   13.42    ~0.41    ~1.74   2697   -18.74      4   -26.05      0        -      0        -      3    -9.18       225       93   -15.28   -18.86
   9200.0   2706 1523/2211   13.78   13.50    ~0.42    ~1.76   2699   -19.08      4   -25.78      0        -      0        -      3   -10.99       228       91   -15.40   -19.21
   9300.0   2705 1562/2211   13.41   13.03    ~0.42    ~1.76   2697   -19.03      5   -27.44      0        -      0        -      3   -14.01       226       89   -15.27   -19.17
   9400.0   2702 1526/2211   13.22   12.90    ~0.42    ~1.76   2694   -19.21      5   -27.05      0        -      0        -      3   -13.35       242       86   -15.57   -19.33
   9500.0   2704 1548/2211   13.34   13.26    ~0.43    ~1.76   2696   -19.49      5   -28.22      0        -      0        -      3    -8.32       241       84   -15.89   -19.60
   9600.0   2712 1523/2211   13.38   13.33    ~0.43    ~1.76   2704   -19.48      5   -29.52      0        -      0        -      3    -7.79       251       83   -15.63   -19.60
   9700.0   2718 1533/2211   13.03   12.97    ~0.41    ~1.78   2709   -19.42      6   -32.13      0        -      0        -      3    -6.26       219       83   -15.20   -19.56
   9800.0   2714 1524/2211   13.23   12.87    ~0.45    ~1.78   2705   -19.46      6   -28.56      0        -      0        -      3    -8.19       231       81   -15.54   -19.58
   9900.0   2716 1539/2211   13.67   13.24    ~0.42    ~1.80   2707   -19.69      6   -25.69      0        -      0        -      3   -11.79       274       80   -16.54   -19.79
  10000.0   2708 1555/2211   13.57   13.25    ~0.43    ~1.78   2699   -19.63      6   -30.09      0        -      0        -      3   -12.35       244       79   -16.57   -19.73
  10100.0   2707 1573/2211   13.34   12.94    ~0.41    ~1.76   2698   -19.63      6   -35.77      0        -      0        -      3   -10.78       261       76   -16.27   -19.75
  10200.0   2712 1545/2211   13.35   13.18    ~0.42    ~1.77   2703   -19.71      6   -36.00      0        -      0        -      3   -10.73       269       75   -16.11   -19.84
  10300.0   2718 1579/2211   13.38   13.49    ~0.43    ~1.76   2709   -19.84      6   -28.79      0        -      0        -      3    -9.95       246       73   -15.84   -19.96
  10400.0   2719 1531/2211   13.17   13.24    ~0.41    ~1.80   2711   -19.83      5   -29.80      0        -      0        -      3    -8.59       226       72   -14.82   -19.97
  10500.0   2724 1546/2211   13.02   12.96    ~0.42    ~1.81   2716   -20.02      5   -26.16      0        -      0        -      3   -10.53       204       70   -14.69   -20.16
  10600.0   2725 1549/2211   13.25   13.14    ~0.43    ~1.76   2717   -20.00      5   -28.69      0        -      0        -      3    -8.18       261       68   -14.67   -20.14
  10700.0   2717 1517/2211   13.41   13.09    ~0.41    ~1.80   2709   -19.86      5   -29.61      0        -      0        -      3    -8.90       228       64   -14.19   -20.00
  10800.0   2714 1557/2211   13.24   12.84    ~0.43    ~1.82   2706   -19.82      5   -29.19      0        -      0        -      3    -9.71       254       62   -14.55   -19.95
  10900.0   2713 1539/2211   13.11   12.90    ~0.42    ~1.79   2705   -19.94      5   -29.48      0        -      0        -      3    -9.05       232       58   -14.79   -20.05
  11000.0   2707 1536/2211   13.32   13.16    ~0.42    ~1.76   2699   -20.08      5   -22.91      0        -      0        -      3   -10.54       230       55   -14.98   -20.18
  11100.0   2717 1538/2211   13.18   13.24    ~0.43    ~1.79   2709   -20.17      5   -23.78      0        -      0        -      3   -11.09       243       53   -14.24   -20.28
  11200.0   2716 1546/2211   12.82   13.13    ~0.41    ~1.80   2708   -20.08      5   -21.75      0        -      0        -      3   -12.53       215       51   -14.72   -20.18
  11300.0   2713 1557/2211   12.90   13.15    ~0.43    ~1.83   2705   -20.21      5   -24.34      0        -      0        -      3   -13.73       191       49   -15.23   -20.30
  11400.0   2709 1535/2211   12.99   13.20    ~0.43    ~1.84   2702   -20.11      5   -27.61      0        -      0        -      2    -7.67       234       47   -14.89   -20.20
  11500.0   2701 1519/2211   12.86   13.14    ~0.43    ~1.83   2694   -20.20      5   -27.76      0        -      0        -      2    -6.65       227       39   -15.56   -20.27
  11600.0   2712 1533/2211   12.80   13.06    ~0.41    ~1.79   2703   -20.54      7   -29.69      0        -      0        -      2    -7.61       255       39   -16.82   -20.61
  11700.0   2714 1556/2211   13.12   13.04    ~0.44    ~1.76   2704   -20.54      8   -31.78      0        -      0        -      2    -8.71       246       38   -16.82   -20.61
  11800.0   2716 1547/2211   13.32   13.19    ~0.41    ~1.82   2706   -20.46      8   -30.80      0        -      0        -      2    -8.96       233       38   -16.76   -20.53
  11900.0   2700 1529/2211   13.16   13.31    ~0.42    ~1.80   2688   -20.31     10   -31.58      0        -      0        -      2    -7.79       221       37   -17.09   -20.39
  12000.0   2703 1559/2211   13.00   13.38    ~0.43    ~1.81   2690   -20.48     11   -31.71      0        -      0        -      2    -7.62       230       37   -17.57   -20.56
  12100.0   2706 1507/2211   13.17   13.39    ~0.41    ~1.84   2692   -20.46     12   -33.48      0        -      0        -      2    -8.79       233       34   -17.23   -20.55
  12200.0   2704 1563/2211   13.15   13.41    ~0.43    ~1.77   2688   -20.56     14   -29.01      0        -      0        -      2    -8.73       220       32   -16.01   -20.65
  12300.0   2705 1545/2211   13.04   13.22    ~0.41    ~1.78   2688   -20.46     15   -33.65      0        -      0        -      2    -8.85       274       31   -15.27   -20.59
  12400.0   2709 1542/2211   13.02   13.26    ~0.43    ~1.80   2689   -20.57     17   -34.11      0        -      0        -      3   -24.93       261       31   -15.86   -20.71
  12500.0   2700 1553/2211   13.10   13.39    ~0.41    ~1.83   2679   -20.50     17   -33.65      0        -      0        -      4   -20.43       283       30   -14.46   -20.65
  12600.0   2701 1564/2211   13.09   13.24    ~0.42    ~1.80   2678   -20.50     19   -30.02      0        -      0        -      4   -18.47       270       29   -14.86   -20.63
  12700.0   2693 1540/2211   13.23   13.34    ~0.40    ~1.76   2669   -20.50     20   -32.41      0        -      0        -      4   -16.57       295       27   -15.09   -20.64
  12800.0   2694 1521/2211   13.25   13.40    ~0.42    ~1.79   2671   -20.54     19   -32.43      0        -      0        -      4   -16.73       307       26   -16.57   -20.66
  12900.0   2694 1523/2211   13.26   13.43    ~0.41    ~1.76   2669   -20.60     21   -28.12      0        -      0        -      4   -21.41       271       25   -16.45   -20.70
  13000.0   2684 1522/2211   13.34   13.48    ~0.41    ~1.75   2658   -20.64     22   -28.19      0        -      0        -      4   -23.32       271       23   -16.55   -20.75
  13100.0   2679 1545/2211   13.32   13.37    ~0.41    ~1.75   2651   -20.57     24   -31.97      0        -      0        -      4   -22.28       251       21   -14.65   -20.73
  13200.0   2688 1559/2211   13.32   13.20    ~0.44    ~1.77   2658   -20.56     26   -33.18      0        -      0        -      4   -22.88       264       21   -14.91   -20.73
  13300.0   2691 1533/2211   13.16   13.07    ~0.43    ~1.80   2656   -20.66     31   -34.45      0        -      0        -      4   -17.70       263       21   -15.40   -20.86
  13400.0   2680 1508/2211   13.14   13.07    ~0.42    ~1.75   2641   -20.57     35   -34.67      0        -      0        -      4   -23.85       269       19   -14.20   -20.81
  13500.0   2677 1551/2211   12.91   13.21    ~0.42    ~1.82   2634   -20.66     39   -31.58      0        -      0        -      4   -33.58       237       17   -12.92   -20.89
  13600.0   2682 1572/2211   12.79   13.24    ~0.42    ~1.80   2636   -20.59     42   -33.39      0        -      0        -      4   -33.72       222       17   -11.95   -20.87
  13700.0   2682 1556/2211   12.98   13.15    ~0.43    ~1.89   2635   -20.64     42   -36.08      0        -      0        -      5   -27.86       220       16   -13.02   -20.94
  13800.0   2674 1538/2211   13.24   13.13    ~0.44    ~1.85   2622   -20.74     47   -35.52      0        -      0        -      5   -30.77       218       14   -10.16   -21.08
  13900.0   2670 1528/2211   13.13   13.08    ~0.41    ~1.82   2615   -20.87     51   -33.07      0        -      0        -      4   -30.44       208       14    -9.53   -21.18
  14000.0   2670 1511/2211   12.97   13.06    ~0.43    ~1.82   2608   -20.76     58   -34.35      0        -      0        -      4   -33.70       234       14    -9.43   -21.13
  14100.0   2670 1512/2211   13.15   13.25    ~0.40    ~1.82   2601   -20.66     64   -35.19      0        -      0        -      5   -34.70       214       13   -11.04   -21.08
  14200.0   2668 1517/2211   13.10   13.25    ~0.42    ~1.77   2591   -20.68     71   -33.99      0        -      0        -      6   -31.54       211       13   -13.63   -21.10
  14300.0   2660 1531/2211   12.97   12.99    ~0.43    ~1.82   2579   -20.77     76   -31.58      0        -      0        -      5   -31.36       206       12   -13.61   -21.14
  14400.0   2657 1508/2211   13.01   13.07    ~0.42    ~1.88   2571   -20.73     81   -31.18      0        -      0        -      5   -30.51       185       12   -13.99   -21.10
  14500.0   2660 1512/2211   13.09   13.36    ~0.41    ~1.85   2567   -20.67     89   -32.00      0        -      0        -      4   -25.42       203       12   -13.68   -21.09
  14600.0   2665 1506/2211   13.07   13.37    ~0.41    ~1.80   2567   -20.61     94   -32.86      0        -      0        -      4   -23.11       221       11   -11.40   -21.08
  14700.0   2662 1544/2211   13.24   13.19    ~0.42    ~1.85   2558   -20.52    100   -33.25      0        -      0        -      4   -21.76       217       11   -11.70   -21.03
  14800.0   2656 1521/2211   13.43   13.22    ~0.44    ~1.77   2542   -20.75    110   -32.10      0        -      0        -      4   -19.43       259       11   -14.11   -21.25
  14900.0   2655 1510/2211   13.26   13.40    ~0.43    ~1.75   2536   -20.74    115   -32.14      0        -      0        -      4   -20.05       264       11   -14.71   -21.26
  15000.0   2656 1534/2211   13.09   13.23    ~0.44    ~1.79   2534   -20.70    118   -32.55      0        -      0        -      4   -26.31       216       10   -12.23   -21.27
  15100.0   2657 1532/2211   13.07   13.26    ~0.42    ~1.81   2528   -20.50    125   -33.08      0        -      0        -      4   -23.85       192        9   -10.88   -21.13
  15200.0   2642 1507/2211   13.13   13.45    ~0.42    ~1.83   2504   -20.19    134   -32.18      0        -      0        -      4   -18.63       224        9    -9.14   -20.83
  15300.0   2626 1530/2211   13.02   13.34    ~0.43    ~1.83   2481   -20.04    141   -32.89      0        -      0        -      4   -19.57       231        8   -10.88   -20.76
  15400.0   2637 1540/2211   12.92   13.13    ~0.43    ~1.81   2478   -20.15    155   -32.04      0        -      0        -      4   -25.95       256        8   -10.32   -20.89
  15500.0   2636 1522/2211   13.11   13.11    ~0.40    ~1.81   2471   -19.88    161   -33.42      0        -      0        -      4   -24.95       252        8   -11.41   -20.75
  15600.0   2635 1520/2211   13.36   13.10    ~0.41    ~1.77   2461   -19.84    170   -32.73      0        -      0        -      4   -22.00       271        8   -10.96   -20.70
  15700.0   2632 1530/2211   13.26   13.05    ~0.41    ~1.78   2448   -19.86    180   -32.58      0        -      0        -      4   -21.47       280        8   -10.73   -20.76
  15800.0   2621 1514/2211   13.13   13.00    ~0.42    ~1.82   2425   -19.62    191   -32.75      0        -      0        -      5   -24.66       243        8   -11.76   -20.61
  15900.0   2624 1502/2211   13.33   13.12    ~0.42    ~1.81   2415   -19.47    206   -32.15      0        -      0        -      3   -20.05       241        6    -5.89   -20.50
  16000.0   2616 1513/2211   13.32   13.28    ~0.43    ~1.81   2398   -19.70    215   -30.99      0        -      0        -      3   -21.29       232        6    -7.96   -20.66
  16100.0   2615 1511/2211   13.11   13.08    ~0.42    ~1.83   2386   -19.76    226   -31.13      0        -      0        -      3   -24.03       254        6    -8.42   -20.78
  16200.0   2611 1504/2211   13.17   13.17    ~0.44    ~1.82   2372   -19.42    236   -31.97      0        -      0        -      3   -21.56       224        6    -8.65   -20.58
  16300.0   2599 1511/2211   13.26   13.26    ~0.42    ~1.83   2348   -19.45    248   -32.24      0        -      0        -      3   -16.74       254        5   -11.73   -20.69
  16400.0   2604 1530/2211   13.28   13.18    ~0.44    ~1.83   2339   -19.48    262   -32.09      0        -      0        -      3   -19.57       223        5   -11.69   -20.77
  16500.0   2603 1519/2211   13.23   13.12    ~0.42    ~1.81   2332   -19.32    269   -32.30      0        -      0        -      2   -11.96       225        5    -9.08   -20.68
  16600.0   2602 1519/2211   13.28   13.22    ~0.44    ~1.83   2322   -19.24    278   -32.67      0        -      0        -      2   -13.71       231        5    -8.59   -20.69
  16700.0   2600 1514/2211   13.40   13.34    ~0.43    ~1.86   2307   -19.50    291   -30.50      0        -      0        -      2    -7.53       213        5    -5.69   -20.75
  16800.0   2601 1515/2211   13.45   13.14    ~0.42    ~1.83   2299   -19.54    300   -30.25      0        -      0        -      2    -6.63       232        5    -5.57   -20.79
  16900.0   2605 1509/2211   13.28   13.15    ~0.43    ~1.85   2293   -19.44    310   -31.10      0        -      0        -      2    -3.62       243        5    -4.02   -20.85
  17000.0   2602 1508/2211   13.30   13.22    ~0.43    ~1.84   2281   -19.50    319   -31.07      0        -      0        -      2    -4.06       253        5    -4.77   -20.93
  17100.0   2595 1496/2211   13.43   13.19    ~0.42    ~1.83   2264   -19.58    329   -30.46      0        -      0        -      2    -8.38       233        4    -7.08   -20.97
  17200.0   2590 1480/2211   13.24   13.25    ~0.42    ~1.91   2247   -19.41    341   -30.38      0        -      0        -      2    -7.67       234        4    -6.95   -20.87
  17300.0   2598 1512/2211   13.19   13.25    ~0.45    ~1.84   2241   -19.45    355   -30.11      0        -      0        -      2    -5.43       214        4    -6.41   -20.92
  17400.0   2595 1504/2211   13.33   13.11    ~0.44    ~1.83   2224   -19.28    369   -30.75      0        -      0        -      2    -6.10       228        4    -7.46   -20.92
  17500.0   2592 1523/2211   13.39   12.98    ~0.44    ~1.80   2213   -19.14    377   -30.99      0        -      0        -      2    -9.72       222        4    -8.73   -20.88
  17600.0   2586 1542/2211   13.32   13.01    ~0.44    ~1.81   2196   -19.09    388   -31.21      0        -      0        -      2   -11.15       202        4   -11.05   -20.92
  17700.0   2584 1485/2211   13.35   13.04    ~0.40    ~1.83   2182   -19.12    400   -31.00      0        -      0        -      2   -13.90       222        4   -11.61   -20.97
  17800.0   2593 1512/2211   13.30   13.11    ~0.43    ~1.79   2181   -19.00    410   -31.64      0        -      0        -      2    -6.40       194        4   -12.04   -21.00
  17900.0   2592 1493/2211   13.22   13.24    ~0.40    ~1.85   2167   -19.10    423   -31.23      0        -      0        -      2    -7.22       214        4    -7.81   -21.09
  18000.0   2586 1503/2211   13.22   13.25    ~0.42    ~1.82   2150   -18.89    434   -31.49      0        -      0        -      2    -5.15       218        4   -12.44   -21.01
  18100.0   2573 1500/2211   13.16   13.16    ~0.44    ~1.82   2124   -18.83    447   -31.16      0        -      0        -      2    -4.66       180        4   -15.48   -20.97
  18200.0   2581 1510/2211   13.11   13.13    ~0.42    ~1.90   2121   -18.94    458   -30.53      0        -      0        -      2    -7.03       188        4   -12.03   -21.00
  18300.0   2586 1518/2211   13.14   13.18    ~0.43    ~1.84   2115   -18.93    469   -30.57      0        -      0        -      2    -7.59       197        4    -9.85   -21.05
  18400.0   2584 1530/2211   13.03   13.19    ~0.42    ~1.89   2106   -19.00    476   -30.85      0        -      0        -      2    -4.34       195        4   -11.86   -21.19
  18500.0   2585 1507/2211   13.02   13.09    ~0.43    ~1.89   2098   -19.14    485   -30.41      0        -      0        -      2    -3.37       197        4   -11.13   -21.26
  18600.0   2583 1517/2211   13.17   12.95    ~0.43    ~1.81   2088   -19.29    493   -29.94      0        -      0        -      2    -5.14       211        4   -11.34   -21.33
  18700.0   2584 1503/2211   13.28   12.89    ~0.43    ~1.83   2082   -19.07    500   -30.20      0        -      0        -      2    -5.10       225        4   -10.21   -21.23
  18800.0   2589 1506/2211   13.17   12.86    ~0.43    ~1.88   2078   -19.07    509   -30.36      0        -      0        -      2    -3.74       209        4   -11.10   -21.29
  18900.0   2582 1468/2211   12.98   12.76    ~0.42    ~1.82   2065   -19.16    515   -30.13      0        -      0        -      2    -4.04       210        4   -12.28   -21.35
  19000.0   2576 1491/2211   13.29   12.78    ~0.42    ~1.86   2051   -18.99    523   -29.88      0        -      0        -      2    -6.17       195        4    -6.65   -21.21
  19100.0   2579 1502/2211   13.46   12.95    ~0.42    ~1.82   2046   -19.15    531   -29.91      0        -      0        -      2    -5.06       210        4    -6.38   -21.38
  19200.0   2582 1518/2211   13.26   13.12    ~0.44    ~1.83   2038   -19.24    542   -29.43      0        -      0        -      2    -2.92       214        4    -8.46   -21.39
  19300.0   2585 1483/2211   13.10   13.03    ~0.42    ~1.80   2037   -19.53    546   -29.14      0        -      0        -      2    -3.96       196        4    -8.80   -21.57
  19400.0   2591 1516/2211   13.13   13.11    ~0.44    ~1.81   2038   -19.58    551   -29.29      0        -      0        -      2    -5.38       207        3    -6.03   -21.65
  19500.0   2590 1508/2211   13.07   13.18    ~0.44    ~1.85   2030   -19.61    558   -29.54      0        -      0        -      2    -5.86       218        3    -5.47   -21.76
  19600.0   2599 1503/2211   12.92   13.03    ~0.43    ~1.84   2033   -19.88    564   -29.10      0        -      0        -      2    -8.48       172        3    -6.39   -21.89
  19700.0   2603 1540/2211   12.93   13.15    ~0.43    ~1.92   2033   -19.63    568   -28.71      0        -      0        -      2    -9.18       193        3    -8.49   -21.62
  19800.0   2600 1496/2211   13.06   13.22    ~0.42    ~1.86   2030   -19.51    568   -28.06      0        -      0        -      2    -9.80       181        3    -9.60   -21.38
  19900.0   2607 1511/2211   13.11   13.17    ~0.40    ~1.81   2034   -19.58    571   -28.32      0        -      0        -      2    -7.00       173        3    -8.12   -21.50
  20000.0   2606 1488/2211   13.07   13.19    ~0.43    ~1.82   2036   -19.89    568   -28.03      0        -      0        -      2    -8.47       211        3    -8.69   -21.67
  20100.0   2606 1506/2211   12.99   13.30    ~0.43    ~1.83   2035   -19.86    569   -28.02      0        -      0        -      2   -11.96       197        3   -10.18   -21.65
  20200.0   2608 1513/2211   13.07   13.38    ~0.42    ~1.83   2036   -19.80    570   -28.19      0        -      0        -      2   -10.66       188        3    -9.60   -21.64
  20300.0   2604 1520/2211   12.92   13.22    ~0.43    ~1.80   2032   -20.02    570   -27.40      0        -      0        -      2    -6.01       199        3    -7.42   -21.64
  20400.0   2613 1511/2211   13.04   13.07    ~0.43    ~1.86   2040   -20.09    571   -27.09      0        -      0        -      2    -6.71       215        3    -6.90   -21.63
  20500.0   2605 1510/2211   13.26   13.06    ~0.44    ~1.92   2036   -19.92    567   -27.99      0        -      0        -      2    -7.67       192        3    -6.31   -21.69
  20600.0   2608 1507/2211   13.22   13.08    ~0.43    ~1.90   2045   -20.06    561   -27.89      0        -      0        -      2    -4.55       213        3    -5.15   -21.75
  20700.0   2611 1504/2211   13.15   13.16    ~0.43    ~1.83   2049   -20.11    560   -27.14      0        -      0        -      2    -3.96       204        3    -4.08   -21.62
  20800.0   2610 1524/2211   13.35   13.25    ~0.43    ~1.87   2056   -20.19    552   -27.19      0        -      0        -      2    -5.02       185        3    -5.72   -21.68
  20900.0   2610 1527/2211   13.37   13.14    ~0.41    ~1.85   2067   -20.45    541   -27.44      0        -      0        -      2    -6.53       185        3    -8.56   -21.90
  21000.0   2599 1516/2211   13.27   13.03    ~0.42    ~1.81   2083   -20.41    514   -27.85      0        -      0        -      2    -4.63       221        3    -9.73   -21.88
  21100.0   2589 1525/2211   13.10   13.01    ~0.44    ~1.81   2096   -20.42    491   -27.39      0        -      0        -      2    -5.04       179        3   -10.94   -21.74
  21200.0   2592 1498/2211   13.19   13.03    ~0.43    ~1.88   2124   -20.37    466   -26.96      0        -      0        -      2    -6.69       222        2    -2.86   -21.56
  21300.0   2569 1504/2211   13.18   12.95    ~0.43    ~1.85   2141   -20.47    426   -26.50      0        -      0        -      2    -5.59       196        2    -2.56   -21.47
  21400.0   2571 1511/2211   13.07   12.82    ~0.43    ~1.86   2182   -20.84    387   -26.02      0        -      0        -      2    -5.77       220        2    -2.23   -21.62
  21500.0   2567 1496/2211   13.13   12.84    ~0.43    ~1.85   2220   -21.17    345   -25.43      0        -      0        -      2    -4.74       250        2    -2.60   -21.74
  21600.0   2556 1509/2211   13.20   12.93    ~0.42    ~1.83   2270   -20.89    284   -25.44      0        -      0        -      2    -5.32       267        2    -2.79   -21.40
  21700.0   2547 1529/2211   13.16   12.99    ~0.45    ~1.84   2313   -20.84    232   -24.88      0        -      0        -      2    -6.71       237        2    -2.27   -21.21
  21800.0   2535 1492/2211   13.06   12.93    ~0.46    ~1.86   2362   -21.07    171   -24.13      0        -      0        -      2    -6.78       258        2    -2.29   -21.28
  21900.0   2544 1486/2211   13.27   12.77    ~0.45    ~1.79   2415   -21.18    127   -23.69      0        -      0        -      2    -7.12       253        2    -2.56   -21.31
  22000.0   2537 1495/2211   13.45   12.69    ~0.44    ~1.77   2440   -21.33     94   -23.70      0        -      0        -      3   -13.31       272        2    -2.48   -21.42
  22100.0   2558 1484/2211   13.20   12.86    ~0.45    ~1.70   2490   -21.45     65   -24.23      0        -      0        -      3   -13.14       282        2    -2.22   -21.53
  22200.0   2578 1484/2211   12.75   12.98    ~0.43    ~1.78   2525   -21.34     50   -23.30      0        -      0        -      3   -12.21       351        2    -2.33   -21.38
  22300.0   2603 1504/2211   12.69   13.01    ~0.42    ~1.76   2564   -21.44     36   -24.20      0        -      0        -      3   -14.29       340        2    -2.53   -21.49
  22400.0   2602 1494/2211   12.94   13.09    ~0.43    ~1.75   2569   -21.24     30   -23.84      0        -      0        -      3   -14.60       343        2    -2.00   -21.27
  22500.0   2597 1498/2211   13.00   12.86    ~0.43    ~1.72   2575   -21.12     19   -28.22      0        -      0        -      3   -15.43       314        1    -3.27   -21.17
  22600.0   2605 1479/2211   12.95   12.59    ~0.42    ~1.78   2588   -21.30     14   -24.67      0        -      0        -      3   -16.09       309        1    -3.50   -21.31
  22700.0   2611 1473/2211   13.10   12.69    ~0.43    ~1.80   2596   -21.10     12   -27.57      0        -      0        -      3   -15.56       300        1    -3.15   -21.13
  22800.0   2606 1502/2211   13.25   13.06    ~0.41    ~1.81   2594   -20.93      9   -24.63      0        -      0        -      3   -11.12       317        1    -2.83   -20.94
  22900.0   2609 1508/2211   12.97   13.06    ~0.42    ~1.72   2599   -20.56      7   -28.61      0        -      0        -      3   -17.45       324        1    -4.04   -20.58
  23000.0   2626 1551/2211   12.71   12.94    ~0.42    ~1.80   2616   -20.50      7   -29.42      0        -      0        -      3   -19.43       314        1    -4.74   -20.53
  23100.0   2632 1529/2211   13.06   13.03    ~0.43    ~1.81   2623   -20.21      6   -28.46      0        -      0        -      3   -18.91       308        1   -10.93   -20.23
  23200.0   2638 1520/2211   13.48   13.12    ~0.42    ~1.73   2630   -20.27      5   -23.19      0        -      0        -      3   -16.57       325        1    -3.98   -20.28
  23300.0   2641 1537/2211   13.25   12.92    ~0.42    ~1.80   2632   -20.24      5   -27.43      0        -      0        -      4   -20.00       323        1    -2.16   -20.26
  23400.0   2639 1533/2211   13.20   12.93    ~0.44    ~1.76   2632   -20.20      4   -29.92      0        -      0        -      3   -19.07       295        1    -9.45   -20.22
  23500.0   2645 1510/2211   13.59   13.25    ~0.43    ~1.81   2638   -20.27      3   -38.60      0        -      0        -      4   -20.62       321        1    -9.92   -20.29
  23600.0   2655 1527/2211   13.70   13.40    ~0.43    ~1.77   2649   -20.50      2   -38.45      0        -      0        -      4   -22.55       353        1   -13.13   -20.52
  23700.0   2658 1526/2211   13.50   13.11    ~0.42    ~1.70   2654   -20.52      2   -40.51      0        -      0        -      2   -32.33       314        1   -14.74   -20.55
  23800.0   2660 1546/2211   13.42   13.04    ~0.43    ~1.79   2657   -20.58      1   -44.90      0        -      0        -      2   -32.39       325        1   -15.92   -20.60
  23900.0   2669 1524/2211   13.47   13.27    ~0.41    ~1.79   2666   -21.02      1   -48.51      0        -      0        -      2   -27.03       334        1   -10.87   -21.04
  24000.0   2679 1512/2211   13.14   13.12    ~0.42    ~1.83   2676   -21.06      1   -47.08      0        -      0        -      2   -17.25       343        1    -0.61   -21.08
  24100.0   2674 1541/2211   12.87   12.84    ~0.44    ~1.82   2670   -21.40      1   -42.48      0        -      0        -      3   -16.86       362        1    -4.86   -21.41
  24200.0   2680 1518/2211   13.05   13.01    ~0.41    ~1.84   2675   -21.31      1   -34.63      0        -      0        -      4   -22.96       333        1   -18.48   -21.31
  24300.0   2673 1509/2211   13.25   12.99    ~0.41    ~1.73   2668   -21.37      1   -23.44      0        -      0        -      4   -20.90       308        1   -19.15   -21.37
  24400.0   2672 1535/2211   13.05   12.98    ~0.41    ~1.75   2667   -21.16      1   -26.74      0        -      0        -      4   -21.23       311        1   -17.31   -21.16
  24500.0   2671 1505/2211   12.88   12.99    ~0.43    ~1.78   2666   -21.26      1   -25.14      0        -      0        -      4   -22.58       284        1    -9.84   -21.27
  24600.0   2672 1516/2211   13.08   13.19    ~0.42    ~1.77   2667   -21.02      1   -27.57      0        -      0        -      4   -19.52       309        1    -9.47   -21.02
  24700.0   2672 1520/2211   13.32   13.17    ~0.41    ~1.75   2667   -21.06      1   -30.69      0        -      0        -      4   -21.25       316        1    -5.93   -21.07
  24800.0   2671 1504/2211   13.10   12.88    ~0.43    ~1.76   2666   -20.92      1   -25.19      0        -      0        -      4   -19.97       270        1    -5.48   -20.93
  24900.0   2677 1550/2211   13.02   12.84    ~0.43    ~1.83   2672   -21.02      1   -23.51      0        -      0        -      4   -18.61       259        1   -18.21   -21.02
  25000.0   2681 1534/2211   13.12   13.07    ~0.41    ~1.80   2676   -20.97      1   -29.16      0        -      0        -      4   -18.91       297        1   -19.65   -20.97
  25100.0   2689 1511/2211   13.07   13.05    ~0.43    ~1.81   2684   -20.88      1   -31.23      0        -      0        -      4   -17.77       335        1   -21.01   -20.88
  25200.0   2696 1499/2211   12.87   12.90    ~0.41    ~1.86   2691   -21.21      1   -27.39      0        -      0        -      4   -27.11       304        1   -21.32   -21.22
  25300.0   2698 1539/2211   13.05   12.95    ~0.40    ~1.75   2693   -21.10      1   -27.68      0        -      0        -      4   -26.17       315        1   -17.12   -21.11
  25400.0   2696 1521/2211   13.36   12.95    ~0.42    ~1.73   2691   -21.09      1   -22.48      0        -      0        -      4   -27.15       331        1   -20.21   -21.10
  25500.0   2708 1546/2211   13.32   12.75    ~0.42    ~1.84   2704   -21.17      1    -8.45      0        -      0        -      3   -24.17       305        0        -   -21.17
  25600.0   2706 1554/2211   13.21   12.74    ~0.42    ~1.78   2702   -21.21      1   -17.14      0        -      0        -      3   -27.34       310        0        -   -21.22
  25700.0   2708 1540/2211   13.35   12.87    ~0.41    ~1.81   2704   -21.12      1   -16.77      0        -      0        -      3   -27.94       297        0        -   -21.13
  25800.0   2708 1532/2211   13.42   13.07    ~0.42    ~1.84   2704   -21.21      1   -23.19      0        -      0        -      3   -32.06       302        0        -   -21.23
  25900.0   2712 1514/2211   13.29   12.81    ~0.41    ~1.81   2708   -21.12      1   -24.51      0        -      0        -      3   -31.85       299        0        -   -21.13
  26000.0   2716 1522/2211   13.35   12.66    ~0.42    ~1.81   2712   -21.11      1   -18.70      0        -      0        -      3   -29.60       275        0        -   -21.12
  26100.0   2720 1562/2211   13.36   12.88    ~0.42    ~1.79   2716   -21.06      1   -17.33      0        -      0        -      3   -30.23       314        0        -   -21.07
  26200.0   2721 1538/2211   13.23   12.82    ~0.40    ~1.76   2717   -20.99      1   -21.07      0        -      0        -      3   -28.52       317        0        -   -21.00
  26300.0   2720 1535/2211   12.93   12.70    ~0.40    ~1.81   2716   -21.21      0        -      0        -      0        -      4   -23.96       337        0        -   -21.21
  26400.0   2722 1541/2211   13.10   12.90    ~0.41    ~1.70   2718   -21.10      0        -      0        -      0        -      4   -22.64       306        0        -   -21.10
  26500.0   2711 1532/2211   13.17   13.12    ~0.42    ~1.75   2707   -21.20      0        -      0        -      0        -      4   -23.71       300        0        -   -21.20
  26600.0   2721 1558/2211   13.04   12.95    ~0.41    ~1.77   2717   -21.46      0        -      0        -      0        -      4   -24.52       336        0        -   -21.47
  26700.0   2720 1499/2211   13.19   12.95    ~0.41    ~1.74   2716   -21.46      0        -      0        -      0        -      4   -23.29       369        0        -   -21.46
  26800.0   2718 1549/2211   13.65   13.06    ~0.41    ~1.79   2714   -21.20      0        -      0        -      0        -      4   -21.94       318        0        -   -21.20
  26900.0   2722 1548/2211   13.51   13.10    ~0.43    ~1.75   2718   -21.33      0        -      0        -      0        -      4   -21.87       374        0        -   -21.33
  27000.0   2729 1566/2211   13.09   13.01    ~0.39    ~1.78   2725   -21.28      0        -      0        -      0        -      4   -17.49       342        0        -   -21.27
  27100.0   2729 1570/2211   13.22   13.16    ~0.43    ~1.83   2725   -21.46      0        -      0        -      0        -      4   -19.40       323        0        -   -21.46
  27200.0   2732 1563/2211   13.19   13.24    ~0.41    ~1.80   2728   -21.40      0        -      0        -      0        -      4   -18.11       330        0        -   -21.40
  27300.0   2726 1547/2211   12.89   13.06    ~0.43    ~1.78   2722   -21.19      0        -      0        -      0        -      4   -18.80       301        0        -   -21.19
  27400.0   2726 1556/2211   12.77   13.05    ~0.42    ~1.85   2722   -21.17      0        -      0        -      0        -      4   -19.52       333        0        -   -21.17
  27500.0   2716 1548/2211   13.09   13.44    ~0.43    ~1.81   2712   -21.10      0        -      0        -      0        -      4   -19.68       316        0        -   -21.10
  27600.0   2718 1560/2211   13.03   13.27    ~0.42    ~1.74   2714   -21.08      0        -      0        -      0        -      4   -19.41       323        0        -   -21.07
  27700.0   2723 1517/2211   13.04   12.85    ~0.41    ~1.77   2719   -20.90      0        -      0        -      0        -      4   -20.80       309        0        -   -20.90
  27800.0   2719 1576/2211   13.17   13.04    ~0.43    ~1.76   2715   -20.80      0        -      0        -      0        -      4   -20.37       338        0        -   -20.80
  27900.0   2716 1567/2211   13.26   13.30    ~0.42    ~1.80   2712   -20.73      0        -      0        -      0        -      4   -17.84       359        0        -   -20.72
  28000.0   2720 1554/2211   13.01   13.07    ~0.42    ~1.80   2716   -20.84      0        -      0        -      0        -      4   -19.55       368        0        -   -20.84
  28100.0   2728 1519/2211   13.04   13.00    ~0.42    ~1.80   2724   -20.62      0        -      0        -      0        -      4   -22.86       364        0        -   -20.62
  28200.0   2729 1561/2211   13.50   13.28    ~0.41    ~1.74   2725   -20.80      0        -      0        -      0        -      4   -20.64       412        0        -   -20.80
  28300.0   2727 1547/2211   13.25   13.35    ~0.42    ~1.83   2723   -20.70      0        -      0        -      0        -      4   -22.16       355        0        -   -20.70
  28400.0   2727 1576/2211   12.91   13.29    ~0.42    ~1.74   2723   -20.96      0        -      0        -      0        -      4   -24.16       370        0        -   -20.96
  28500.0   2723 1543/2211   13.10   13.39    ~0.43    ~1.77   2719   -20.90      0        -      0        -      0        -      4   -24.48       408        0        -   -20.91
  28600.0   2720 1545/2211   13.45   13.41    ~0.39    ~1.72   2716   -21.09      0        -      0        -      0        -      4   -27.60       374        0        -   -21.10
  28700.0   2727 1563/2211   13.30   13.11    ~0.43    ~1.75   2723   -21.17      0        -      0        -      0        -      4   -31.62       375        0        -   -21.18
  28800.0   2722 1543/2211   13.23   12.88    ~0.43    ~1.79   2718   -20.99      0        -      0        -      0        -      4   -20.47       336        0        -   -20.99
  28900.0   2722 1580/2211   13.42   13.16    ~0.42    ~1.78   2718   -21.07      0        -      0        -      0        -      4   -18.02       325        0        -   -21.07
  29000.0   2720 1557/2211   13.35   13.12    ~0.43    ~1.79   2716   -20.97      0        -      0        -      0        -      4   -17.59       341        0        -   -20.97
  29100.0   2722 1570/2211   13.17   13.00    ~0.42    ~1.74   2718   -21.02      0        -      0        -      0        -      4   -17.67       357        0        -   -21.02
  29200.0   2729 1559/2211   13.25   13.22    ~0.42    ~1.76   2725   -21.03      0        -      0        -      0        -      4   -19.85       370        0        -   -21.03
  29300.0   2721 1548/2211   13.42   13.47    ~0.42    ~1.73   2717   -21.09      0        -      0        -      0        -      4   -18.52       353        0        -   -21.09
  29400.0   2727 1550/2211   13.24   13.28    ~0.42    ~1.84   2723   -20.82      0        -      0        -      0        -      4   -13.48       346        0        -   -20.81
  29500.0   2728 1546/2211   12.95   13.16    ~0.42    ~1.77   2724   -21.03      0        -      0        -      0        -      4   -13.60       357        0        -   -21.02
  29600.0   2728 1540/2211   13.13   13.20    ~0.42    ~1.81   2724   -21.02      0        -      0        -      0        -      4   -17.30       333        0        -   -21.01
  29700.0   2726 1523/2211   13.23   13.31    ~0.41    ~1.79   2722   -20.99      0        -      0        -      0        -      4   -17.23       353        0        -   -20.98
  29800.0   2725 1529/2211   12.96   13.03    ~0.42    ~1.71   2721   -21.04      0        -      0        -      0        -      4   -15.62       346        0        -   -21.03
  29900.0   2726 1541/2211   12.89   13.01    ~0.41    ~1.75   2722   -21.21      0        -      0        -      0        -      4   -15.98       366        0        -   -21.20
  30000.0   2714 1518/2211   13.23   13.18    ~0.42    ~1.76   2710   -21.34      0        -      0        -      0        -      4   -13.01       359        0        -   -21.33

300 of 300 samples printed
