arm r39-s2 | run 2026-09-15-213503-8eab1085 | tank r=26.5 m (2.2e+03 m2), 45 m deep, 4 ring(s)
columns of 1 m: 2211 | lineage.jsonl: 13863 births, 71 clades

        t      n      cols    x sd    z sd     nn h    nn 3d   leaf   leaf y   stom   stom y   mixo   mixo y    jnt    jnt y  plain  plain y  clade 1m  jointed  joint y  rigid y
    100.0     41   41/2211   13.30   14.54     3.85     6.86     32   -17.01      5   -19.33      0        -      3   -11.58      1   -19.99         0       23   -15.58   -18.75
    200.0     62   61/2211   12.60   13.58     2.17     3.65     56    -9.59      5   -18.58      0        -      1    -1.09      0        -         0       37    -9.06   -11.82
    300.0     92   89/2211   12.16   14.03     1.71     2.30     87    -6.39      4   -14.24      0        -      1    -1.22      0        -         2       49    -5.97    -7.47
    400.0    124  120/2211   11.18   13.84     1.43     1.67    122    -4.58      1    -2.39      0        -      1    -1.13      0        -        13       61    -4.10    -4.95
    500.0    161  153/2211    9.78   13.63     1.23     1.63    158    -3.66      1    -2.29      0        -      2    -0.95      0        -        27       68    -3.74    -3.53
    600.0    190  177/2211   10.39   14.77     1.23     1.51    186    -3.32      1    -3.51      0        -      3    -1.31      0        -        41       73    -3.24    -3.32
    700.0    222  194/2211   11.16   16.42     0.96     1.41    217    -3.72      1    -5.02      0        -      4    -1.83      0        -        59       81    -3.92    -3.56
    800.0    254  226/2211    8.82   15.83     0.96     1.43    249    -2.90      1    -4.80      0        -      4    -1.24      0        -        69       83    -3.67    -2.50
    900.0    291  264/2211    8.96   15.60     1.01     1.47    286    -2.92      1    -6.29      0        -      4    -1.25      0        -        64       87    -3.85    -2.50
   1000.0    321  277/2211    9.55   15.74     0.96     1.41    316    -3.02      1    -7.38      0        -      4    -1.60      0        -        72       88    -3.92    -2.67
   1100.0    359  316/2211    8.73   14.43     0.95     1.42    354    -2.93      1    -7.34      0        -      4    -1.38      0        -        76       88    -3.78    -2.65
   1200.0    406  335/2211    7.67   11.77     0.79     1.52    401    -4.72      1    -5.98      0        -      4    -2.97      0        -        94       88    -5.38    -4.52
   1300.0    437  378/2211   10.35   13.24     0.94     1.55    431    -4.00      1    -7.31      0        -      4    -1.06      1    -3.46        88       89    -4.27    -3.90
   1400.0    470  400/2211   11.26   14.14     0.87     1.54    464    -4.82      1    -9.40      0        -      4    -1.17      1    -3.48        79       89    -4.63    -4.83
   1500.0    508  419/2211   10.36   11.65     0.79     1.58    502    -6.82      1   -18.48      0        -      4    -1.84      1    -2.19        91       90    -5.38    -7.10
   1600.0    537  456/2211   12.07   12.40     0.82     1.56    531    -6.93      1   -25.86      0        -      4    -1.63      1    -1.89        91       90    -5.97    -7.11
   1700.0    555  450/2211   12.93   15.09     0.71     1.61    549    -8.22      1   -28.55      0        -      4    -1.46      1    -2.32       113       90    -7.74    -8.28
   1800.0    574  471/2211   12.64   15.27     0.75     1.67    568    -8.24      1   -26.25      0        -      4    -1.60      1    -2.31        91       90    -7.91    -8.27
   1900.0    587  494/2211   12.50   14.23     0.81     1.67    582    -7.57      0        -      0        -      4    -1.26      1    -1.92        92       89    -5.95    -7.80
   2000.0    612  500/2211   13.33   14.86     0.74     1.75    607    -8.63      0        -      0        -      4    -0.91      1    -2.47        85       89    -6.33    -8.95
   2100.0    640  512/2211   13.95   14.79     0.71     1.79    635    -9.75      0        -      0        -      4    -1.25      1    -4.20        91       89    -7.22   -10.08
   2200.0    665  535/2211   13.03   13.03     0.77     1.94    660    -9.46      0        -      0        -      4    -0.97      1    -3.27        74       89    -6.21    -9.90
   2300.0    693  592/2211   12.54   12.98     0.81     1.87    688    -9.73      0        -      0        -      4    -6.25      1   -12.26        82       89    -5.91   -10.27
   2400.0    715  598/2211   13.22   13.85     0.73     1.94    711    -9.77      0        -      0        -      3    -2.26      1    -2.87        85       88    -6.88   -10.13
   2500.0    739  589/2211   13.48   13.91     0.69     1.85    735   -10.25      0        -      0        -      3    -3.62      1    -4.84       105       88    -8.11   -10.50
   2600.0    771  624/2211   12.80   12.94     0.71     1.92    767   -10.46      0        -      0        -      3    -1.66      1    -6.14       100       88    -7.18   -10.84
   2700.0    796  652/2211   13.48   12.78     0.71     1.84    792   -10.34      0        -      0        -      3    -1.63      1    -7.77        88       88    -7.32   -10.67
   2800.0    814  623/2211   14.55   13.69     0.61     1.80    810   -11.95      0        -      0        -      3    -2.91      1   -10.27        93       88    -9.52   -12.21
   2900.0    844  641/2211   14.20   13.25     0.66     1.80    840   -11.62      0        -      0        -      3    -2.56      1    -8.73        88       88    -9.11   -11.87
   3000.0    874  668/2211   13.42   12.15     0.66     1.82    870   -11.39      0        -      0        -      3    -2.83      1    -8.68       115       88    -8.58   -11.67
   3100.0    893  682/2211   13.82   12.95     0.64     1.85    889   -10.91      0        -      0        -      3    -1.91      1    -5.43       106       88    -8.28   -11.15
   3200.0    927  699/2211   13.94   13.97     0.63     1.81    924   -11.85      0        -      0        -      2    -3.44      1    -7.44        93       86    -9.30   -12.09
   3300.0    952  720/2211   13.06   12.96     0.62     1.87    949   -10.88      0        -      0        -      2    -2.04      1    -4.74       122       86    -8.87   -11.05
   3400.0    989  713/2211   12.50   11.77     0.59     1.81    985   -11.87      0        -      0        -      2    -3.98      2    -1.47       117       86   -10.21   -11.99
   3500.0   1015  769/2211   13.39   13.29     0.64     1.84   1012   -11.27      1   -30.43      0        -      1    -0.49      1    -7.13       131       85    -9.06   -11.48
   3600.0   1047  758/2211   13.22   13.95     0.60     1.86   1044   -11.85      1   -30.50      0        -      1    -0.67      1   -10.70       125       84    -9.58   -12.05
   3700.0   1085  817/2211   12.47   13.00     0.62     1.83   1082   -11.20      1   -30.68      0        -      1    -0.84      1    -5.71       123       84    -9.03   -11.39
   3800.0   1122  840/2211   12.41   12.70     0.61     1.85   1120   -11.45      1   -30.71      0        -      0        -      1    -4.28       109       83    -8.97   -11.67
   3900.0   1153  827/2211   13.56   13.72     0.58     1.91   1151   -12.20      1   -34.38      0        -      0        -      1    -4.77       116       83    -9.86   -12.40
   4000.0   1179  855/2211   13.72   13.25     0.60     1.79   1176   -12.23      2   -31.46      0        -      0        -      1    -4.28       125       83    -9.92   -12.43
   4100.0   1225  874/2211   12.69   12.41    ~0.57    ~1.73   1221   -13.36      3   -26.64      0        -      0        -      1   -13.44       159       83   -12.11   -13.49
   4200.0   1263  927/2211   13.30   12.70    ~0.60    ~1.73   1259   -13.63      3   -24.94      0        -      0        -      1   -25.68       183       83   -12.57   -13.74
   4300.0   1303  927/2211   13.29   13.32    ~0.54    ~1.76   1298   -13.00      3   -19.71      0        -      0        -      2    -3.75       182       83   -12.10   -13.06
   4400.0   1333  954/2211   13.09   13.28    ~0.56    ~1.80   1328   -12.95      3   -24.92      0        -      0        -      2    -6.47       198       82   -11.47   -13.06
   4500.0   1378  981/2211   12.99   12.95    ~0.54    ~1.80   1373   -13.58      3   -28.86      0        -      0        -      2    -9.51       179       82   -12.10   -13.71
   4600.0   1420 1013/2211   13.60   13.40    ~0.55    ~1.77   1414   -13.63      3   -30.87      0        -      0        -      3    -7.41       192       81   -12.11   -13.75
   4700.0   1448 1002/2211   13.67   13.59    ~0.53    ~1.76   1443   -13.74      4   -32.19      0        -      0        -      1   -20.55       228       81   -12.91   -13.84
   4800.0   1496 1029/2211   13.60   13.86    ~0.54    ~1.76   1489   -13.27      5   -33.72      0        -      0        -      2   -15.68       226       81   -12.05   -13.41
   4900.0   1524 1066/2211   13.96   13.57    ~0.53    ~1.81   1516   -12.92      6   -32.34      0        -      0        -      2   -12.84       223       80   -11.74   -13.06
   5000.0   1567 1062/2211   14.30   13.54    ~0.52    ~1.80   1559   -13.38      6   -32.06      0        -      0        -      2   -12.15       217       80   -12.91   -13.48
   5100.0   1597 1057/2211   14.47   13.65    ~0.50    ~1.79   1589   -13.60      6   -34.21      0        -      0        -      2   -13.98       242       80   -13.50   -13.69
   5200.0   1623 1111/2211   14.09   13.39    ~0.52    ~1.77   1613   -13.30      7   -34.10      0        -      0        -      3   -15.24       250       80   -13.81   -13.37
   5300.0   1645 1109/2211   14.13   13.49    ~0.50    ~1.73   1635   -13.26      8   -32.38      0        -      0        -      2   -21.21       275       79   -13.72   -13.35
   5400.0   1670 1123/2211   14.19   13.48    ~0.51    ~1.71   1657   -13.60     11   -28.79      0        -      0        -      2   -23.99       259       79   -13.40   -13.73
   5500.0   1689 1125/2211   14.20   13.56    ~0.51    ~1.74   1676   -13.53     11   -29.10      0        -      0        -      2   -23.71       252       76   -12.94   -13.67
   5600.0   1709 1150/2211   14.06   13.33    ~0.51    ~1.73   1696   -13.16     11   -28.75      0        -      0        -      2   -19.69       239       76   -13.37   -13.27
   5700.0   1726 1190/2211   13.92   13.25    ~0.53    ~1.79   1713   -13.17     11   -27.50      0        -      0        -      2   -19.02       232       76   -13.84   -13.25
   5800.0   1748 1163/2211   14.14   13.70    ~0.52    ~1.72   1734   -13.53     12   -24.99      0        -      0        -      2   -18.84       231       75   -15.11   -13.55
   5900.0   1745 1167/2211   14.04   13.89    ~0.50    ~1.81   1729   -13.19     14   -26.23      0        -      0        -      2   -22.50       274       74   -14.65   -13.25
   6000.0   1762 1202/2211   13.63   13.44    ~0.53    ~1.75   1745   -13.33     15   -25.70      0        -      0        -      2   -23.21       302       73   -13.66   -13.43
   6100.0   1789 1220/2211   13.75   13.29    ~0.52    ~1.72   1771   -13.60     16   -25.18      0        -      0        -      2   -22.62       290       72   -13.83   -13.71
   6200.0   1802 1184/2211   13.90   13.53    ~0.51    ~1.73   1784   -13.58     16   -25.73      0        -      0        -      2   -10.20       285       72   -14.59   -13.64
   6300.0   1811 1212/2211   13.71   13.39    ~0.51    ~1.75   1793   -13.43     16   -24.92      0        -      0        -      2    -8.64       291       69   -14.01   -13.51
   6400.0   1834 1220/2211   13.38   13.02    ~0.50    ~1.77   1815   -14.32     17   -22.23      0        -      0        -      2    -6.43       275       68   -13.16   -14.43
   6500.0   1849 1219/2211   13.93   13.52    ~0.52    ~1.77   1830   -14.56     17   -22.56      0        -      0        -      2    -8.44       297       66   -12.64   -14.70
   6600.0   1857 1199/2211   14.18   13.97    ~0.49    ~1.80   1837   -14.54     18   -21.76      0        -      0        -      2   -11.51       296       62   -12.94   -14.66
   6700.0   1858 1214/2211   13.73   14.16    ~0.50    ~1.76   1838   -14.02     18   -22.78      0        -      0        -      2   -15.00       301       59   -13.16   -14.13
   6800.0   1877 1202/2211   13.22   13.95    ~0.48    ~1.78   1855   -14.16     20   -23.29      0        -      0        -      2   -19.82       295       57   -13.38   -14.29
   6900.0   1898 1231/2211   13.47   13.96    ~0.50    ~1.71   1875   -14.32     21   -25.57      0        -      0        -      2   -19.44       309       56   -12.85   -14.50
   7000.0   1893 1213/2211   13.85   14.22    ~0.50    ~1.70   1866   -14.03     26   -29.60      0        -      0        -      1    -3.87       321       56   -13.00   -14.27
   7100.0   1899 1215/2211   13.43   13.58    ~0.47    ~1.73   1869   -13.99     29   -27.90      0        -      0        -      1    -2.37       305       54   -13.07   -14.23
   7200.0   1913 1224/2211   13.34   13.49    ~0.48    ~1.74   1879   -14.35     33   -26.55      0        -      0        -      1    -2.37       325       54   -13.19   -14.60
   7300.0   1927 1249/2211   13.68   14.09    ~0.49    ~1.68   1892   -14.70     33   -23.83      0        -      0        -      2    -3.19       348       54   -13.08   -14.89
   7400.0   1925 1240/2211   13.93   13.94    ~0.47    ~1.77   1886   -14.54     37   -24.49      0        -      0        -      2    -2.95       327       54   -12.97   -14.77
   7500.0   1935 1266/2211   13.37   13.27    ~0.50    ~1.71   1887   -14.45     45   -29.67      0        -      0        -      3    -1.61       315       53   -13.62   -14.81
   7600.0   1959 1233/2211   13.81   12.86    ~0.49    ~1.77   1906   -14.60     50   -31.74      0        -      0        -      3    -1.69       331       53   -13.54   -15.06
   7700.0   1953 1223/2211   14.77   13.41    ~0.49    ~1.74   1896   -14.89     54   -26.33      0        -      0        -      3    -3.11       343       48   -13.08   -15.24
   7800.0   1930 1258/2211   14.27   13.42    ~0.50    ~1.73   1865   -14.39     62   -27.10      0        -      0        -      3    -2.27       312       46   -12.85   -14.83
   7900.0   1944 1218/2211   13.86   13.40    ~0.47    ~1.69   1873   -14.13     68   -27.39      0        -      0        -      3    -1.96       340       44   -12.73   -14.62
   8000.0   1957 1248/2211   14.21   13.91    ~0.47    ~1.61   1876   -14.06     78   -29.20      0        -      0        -      3    -2.09       327       43   -12.71   -14.69
   8100.0   1961 1211/2211   14.36   14.38    ~0.47    ~1.74   1865   -14.13     93   -32.28      0        -      0        -      3    -2.94       353       43   -12.65   -15.02
   8200.0   1947 1221/2211   13.93   13.53    ~0.46    ~1.75   1832   -13.23    111   -33.26      0        -      0        -      4   -15.05       369       40   -11.86   -14.43
   8300.0   1953 1224/2211   13.76   12.89    ~0.48    ~1.77   1822   -13.51    127   -31.65      0        -      0        -      4   -22.88       319       38   -11.66   -14.77
   8400.0   1952 1233/2211   14.21   13.36    ~0.49    ~1.76   1804   -13.02    144   -32.79      0        -      0        -      4   -20.77       315       36   -10.62   -14.57
   8500.0   1943 1209/2211   14.30   13.52    ~0.47    ~1.78   1776   -12.47    163   -33.64      0        -      0        -      4   -21.07       315       36   -10.99   -14.32
   8600.0   1930 1217/2211   13.98   12.95    ~0.48    ~1.70   1742   -11.79    185   -33.87      0        -      0        -      3   -15.13       342       34    -9.43   -13.99
   8700.0   1934 1238/2211   14.02   12.78    ~0.47    ~1.73   1731   -11.82    200   -33.29      0        -      0        -      3   -13.81       334       32    -9.53   -14.12
   8800.0   1951 1214/2211   14.18   13.34    ~0.49    ~1.71   1730   -11.95    217   -33.52      0        -      0        -      4   -18.02       329       32   -10.36   -14.43
   8900.0   1931 1210/2211   13.81   13.44    ~0.45    ~1.66   1692   -11.78    233   -32.49      0        -      0        -      6   -23.36       317       32    -9.46   -14.40
   9000.0   1935 1229/2211   13.39   13.10    ~0.48    ~1.67   1680   -11.44    249   -32.15      0        -      0        -      6   -20.90       326       31    -9.11   -14.22
   9100.0   1952 1233/2211   13.55   13.09    ~0.48    ~1.71   1683   -11.55    263   -32.43      0        -      0        -      6   -19.51       363       30    -8.71   -14.48
   9200.0   1968 1232/2211   13.66   13.33    ~0.45    ~1.71   1688   -11.37    273   -33.45      0        -      0        -      7   -21.96       363       29    -7.45   -14.57
   9300.0   1964 1251/2211   13.45   13.16    ~0.48    ~1.70   1671   -11.18    286   -32.95      0        -      0        -      7   -22.40       386       28    -7.30   -14.49
   9400.0   1971 1216/2211   13.44   12.94    ~0.45    ~1.72   1670   -11.09    295   -32.28      0        -      0        -      6   -19.07       398       27    -7.72   -14.38
   9500.0   1985 1235/2211   13.68   13.25    ~0.48    ~1.71   1677   -11.12    302   -32.75      0        -      0        -      6   -18.53       369       27    -7.21   -14.53
   9600.0   1992 1246/2211   13.87   13.45    ~0.47    ~1.72   1676   -11.77    309   -31.99      0        -      0        -      7   -21.61       369       27    -7.11   -15.05
   9700.0   1986 1269/2211   13.62   13.29    ~0.46    ~1.76   1657   -11.59    323   -32.05      0        -      0        -      6   -22.14       355       27    -7.33   -15.05
   9800.0   1995 1269/2211   13.70   13.46    ~0.47    ~1.72   1654   -11.34    335   -32.54      0        -      0        -      6   -22.17       353       27    -7.52   -15.03
   9900.0   2002 1254/2211   13.69   13.64    ~0.48    ~1.75   1648   -11.36    348   -31.44      0        -      0        -      6   -24.04       381       27    -7.49   -14.99
  10000.0   2005 1229/2211   13.80   13.72    ~0.46    ~1.72   1643   -11.84    357   -28.59      0        -      0        -      5   -26.08       367       27    -7.82   -14.96
  10100.0   2017 1248/2211   14.06   13.62    ~0.47    ~1.77   1650   -11.86    362   -28.76      0        -      0        -      5   -25.34       363       27    -8.30   -15.02
  10200.0   2024 1264/2211   13.94   13.50    ~0.46    ~1.66   1649   -11.69    370   -29.07      0        -      0        -      5   -23.92       374       27    -8.76   -14.98
  10300.0   2040 1258/2211   13.61   13.50    ~0.46    ~1.77   1662   -11.85    375   -28.90      0        -      0        -      3   -20.48       383       26    -6.73   -15.10
  10400.0   2037 1275/2211   13.47   13.58    ~0.46    ~1.68   1651   -11.95    383   -28.37      0        -      0        -      3   -22.07       369       24    -4.36   -15.18
  10500.0   2044 1261/2211   13.61   13.90    ~0.46    ~1.70   1648   -12.06    393   -28.33      0        -      0        -      3   -19.60       372       23    -4.26   -15.33
  10600.0   2045 1261/2211   13.43   13.80    ~0.45    ~1.71   1635   -11.71    407   -28.73      0        -      0        -      3   -21.43       385       21    -4.90   -15.22
  10700.0   2054 1276/2211   13.45   13.62    ~0.46    ~1.79   1636   -11.91    415   -27.74      0        -      0        -      3   -24.04       394       19    -3.77   -15.23
  10800.0   2053 1255/2211   13.88   14.05    ~0.47    ~1.75   1625   -12.21    425   -26.57      0        -      0        -      3   -23.47       396       18    -3.99   -15.30
  10900.0   2063 1260/2211   14.09   14.13    ~0.44    ~1.73   1625   -12.15    435   -26.35      0        -      0        -      3   -20.11       370       18    -4.30   -15.25
  11000.0   2072 1300/2211   13.72   13.69    ~0.45    ~1.73   1625   -11.72    444   -26.81      0        -      0        -      3   -19.83       403       17    -2.85   -15.06
  11100.0   2090 1299/2211   13.50   13.57    ~0.47    ~1.69   1629   -11.69    458   -27.46      0        -      0        -      3   -22.39       414       17    -2.62   -15.26
  11200.0   2091 1281/2211   13.94   13.88    ~0.45    ~1.72   1625   -12.22    464   -27.18      0        -      0        -      2   -18.57       400       17    -3.83   -15.64
  11300.0   2099 1302/2211   13.73   13.47    ~0.47    ~1.67   1629   -12.37    469   -25.99      0        -      0        -      1    -2.32       445       17    -3.06   -15.51
  11400.0   2116 1337/2211   13.03   12.98    ~0.47    ~1.67   1643   -12.51    472   -26.04      0        -      0        -      1    -2.29       455       17    -3.20   -15.62
  11500.0   2111 1291/2211   13.44   13.46    ~0.47    ~1.71   1631   -12.19    479   -26.17      0        -      0        -      1    -2.39       444       15    -2.62   -15.45
  11600.0   2116 1312/2211   13.81   13.71    ~0.46    ~1.71   1623   -12.50    492   -26.18      0        -      0        -      1    -4.74       431       14    -3.12   -15.76
  11700.0   2127 1305/2211   13.41   13.23    ~0.44    ~1.66   1621   -12.35    505   -26.46      0        -      0        -      1    -2.57       432       14    -2.36   -15.78
  11800.0   2128 1305/2211   13.03   13.16    ~0.45    ~1.78   1613   -12.12    513   -27.01      0        -      0        -      2   -23.63       435       12    -2.80   -15.80
  11900.0   2122 1302/2211   13.69   13.59    ~0.46    ~1.74   1595   -12.57    526   -26.70      0        -      0        -      1    -5.85       437       10    -3.03   -16.13
  12000.0   2135 1293/2211   13.72   13.37    ~0.45    ~1.73   1599   -12.87    535   -26.39      0        -      0        -      1    -5.79       430        9    -3.18   -16.31
  12100.0   2147 1311/2211   13.15   12.59    ~0.45    ~1.71   1605   -12.67    541   -26.62      0        -      0        -      1    -2.50       407        9    -1.97   -16.24
  12200.0   2157 1322/2211   13.22   12.74    ~0.44    ~1.80   1609   -12.83    547   -26.69      0        -      0        -      1    -2.47       373        8    -2.15   -16.39
  12300.0   2167 1299/2211   13.70   13.35    ~0.43    ~1.79   1614   -13.41    552   -26.48      0        -      0        -      1    -5.27       391        8    -3.38   -16.79
  12400.0   2174 1303/2211   13.66   13.37    ~0.44    ~1.82   1615   -13.07    558   -26.42      0        -      0        -      1    -3.83       378        7    -2.72   -16.54
  12500.0   2187 1328/2211   13.14   13.11    ~0.45    ~1.84   1620   -13.01    566   -26.34      0        -      0        -      1    -1.56       403        7    -4.69   -16.49
  12600.0   2183 1299/2211   13.77   13.62    ~0.43    ~1.77   1612   -13.20    570   -26.58      0        -      0        -      1    -4.33       387        6    -4.20   -16.73
  12700.0   2176 1271/2211   14.11   13.65    ~0.43    ~1.77   1599   -13.53    576   -26.57      0        -      0        -      1    -9.05       372        5    -5.76   -17.00
  12800.0   2185 1319/2211   13.78   13.12    ~0.45    ~1.73   1603   -13.03    581   -26.99      0        -      0        -      1   -14.71       379        5    -5.35   -16.77
  12900.0   2189 1310/2211   13.79   12.91    ~0.44    ~1.77   1607   -13.07    581   -27.08      0        -      0        -      1   -19.10       384        3    -4.57   -16.81
  13000.0   2192 1297/2211   14.16   13.32    ~0.45    ~1.76   1607   -13.47    584   -26.57      0        -      0        -      1    -4.06       404        3    -5.99   -16.97
  13100.0   2187 1291/2211   14.21   13.27    ~0.44    ~1.75   1612   -13.48    574   -26.34      0        -      0        -      1    -4.28       432        3    -6.80   -16.87
  13200.0   2187 1308/2211   13.76   12.67    ~0.44    ~1.69   1614   -13.48    572   -26.61      0        -      0        -      1    -6.83       426        2    -4.16   -16.92
  13300.0   2200 1350/2211   13.99   12.93    ~0.44    ~1.73   1622   -13.55    577   -27.03      0        -      0        -      1    -9.73       438        2    -3.89   -17.10
  13400.0   2195 1306/2211   14.34   13.15    ~0.43    ~1.81   1621   -13.69    573   -26.94      0        -      0        -      1   -15.22       408        2    -4.99   -17.16
  13500.0   2186 1328/2211   14.01   13.09    ~0.45    ~1.75   1621   -13.67    563   -26.87      0        -      0        -      2   -25.18       406        1    -0.18   -17.09
  13600.0   2182 1308/2211   13.35   12.87    ~0.46    ~1.77   1627   -14.27    554   -26.36      0        -      0        -      1    -6.25       433        1    -0.38   -17.34
  13700.0   2186 1348/2211   13.76   13.11    ~0.46    ~1.74   1655   -14.31    530   -25.97      0        -      0        -      1   -10.49       411        1    -0.43   -17.14
  13800.0   2188 1318/2211   13.86   13.30    ~0.44    ~1.73   1667   -14.81    520   -25.23      0        -      0        -      1   -16.10       411        1    -0.62   -17.29
  13900.0   2182 1347/2211   13.63   12.99    ~0.46    ~1.79   1678   -15.03    503   -25.70      0        -      0        -      1   -13.07       387        1    -0.25   -17.50
  14000.0   2181 1322/2211   13.84   13.11    ~0.46    ~1.79   1701   -15.56    478   -25.29      0        -      0        -      2   -26.04       387        1    -0.60   -17.71
  14100.0   2165 1326/2211   13.90   13.56    ~0.45    ~1.71   1733   -15.90    431   -24.38      0        -      0        -      1   -11.03       424        1    -0.65   -17.59
  14200.0   2168 1322/2211   13.77   13.73    ~0.45    ~1.71   1767   -16.26    399   -23.32      0        -      0        -      2   -26.18       432        1    -0.58   -17.57
  14300.0   2167 1339/2211   13.61   13.57    ~0.46    ~1.73   1799   -16.47    367   -23.28      0        -      0        -      1   -17.30       387        1    -0.13   -17.63
  14400.0   2171 1308/2211   13.84   13.50    ~0.43    ~1.75   1836   -16.84    334   -22.33      0        -      0        -      1   -25.91       410        1    -0.21   -17.70
  14500.0   2165 1342/2211   14.03   13.29    ~0.46    ~1.80   1856   -16.83    308   -21.66      0        -      0        -      1   -32.81       387        1    -0.29   -17.54
  14600.0   2135 1318/2211   13.98   13.14    ~0.45    ~1.79   1855   -16.55    279   -21.49      0        -      0        -      1   -34.89       388        1    -0.12   -17.21
  14700.0   2124 1302/2211   13.90   13.22    ~0.46    ~1.71   1868   -16.56    255   -21.73      0        -      0        -      1   -36.53       401        1    -0.42   -17.20
  14800.0   2122 1278/2211   13.96   13.33    ~0.44    ~1.69   1896   -16.68    225   -21.47      0        -      0        -      1   -36.98       408        1    -0.35   -17.21
  14900.0   2117 1298/2211   13.79   13.27    ~0.44    ~1.72   1915   -16.74    201   -20.80      0        -      0        -      1   -37.09       410        1    -0.41   -17.14
  15000.0   2106 1302/2211   13.77   13.06    ~0.46    ~1.75   1921   -16.89    184   -20.47      0        -      0        -      1   -35.43       398        1    -0.04   -17.22
  15100.0   2117 1311/2211   13.73   13.28    ~0.46    ~1.72   1951   -16.89    163   -19.25      0        -      0        -      3   -32.09       396        1    -0.16   -17.10
  15200.0   2110 1295/2211   13.63   13.35    ~0.45    ~1.75   1962   -17.11    145   -18.96      0        -      0        -      3   -30.01       395        1    -1.00   -17.26
  15300.0   2094 1268/2211   13.51   13.23    ~0.44    ~1.71   1965   -17.22    126   -18.76      0        -      0        -      3   -26.86       402        1    -1.04   -17.33
  15400.0   2076 1236/2211   13.56   13.35    ~0.42    ~1.73   1959   -16.97    114   -17.43      0        -      0        -      3   -26.03       382        1    -0.79   -17.02
  15500.0   2063 1252/2211   13.41   13.26    ~0.44    ~1.79   1961   -16.67     99   -17.39      0        -      0        -      3   -24.44       376        1    -0.48   -16.73
  15600.0   2088 1279/2211   13.20   12.93    ~0.46    ~1.70   2001   -16.81     85   -18.09      0        -      0        -      2   -24.45       400        1    -0.69   -16.88
  15700.0   2072 1272/2211   13.45   13.09    ~0.45    ~1.75   1997   -16.40     73   -19.11      0        -      0        -      2   -24.86       383        1    -0.53   -16.51
  15800.0   2065 1291/2211   13.60   13.20    ~0.45    ~1.75   1996   -16.50     67   -18.47      0        -      0        -      2   -21.72       374        1    -0.42   -16.58
  15900.0   2080 1280/2211   13.46   13.01    ~0.45    ~1.75   2017   -16.55     61   -19.61      0        -      0        -      2   -20.89       386        1    -0.26   -16.66
  16000.0   2092 1291/2211   13.38   12.82    ~0.46    ~1.76   2039   -16.83     51   -19.59      0        -      0        -      2   -25.48       376        1    -0.18   -16.91
  16100.0   2088 1286/2211   13.73   13.08    ~0.49    ~1.76   2039   -16.74     47   -19.89      0        -      0        -      2   -27.76       379        1    -0.18   -16.83
  16200.0   2054 1255/2211   13.66   13.07    ~0.46    ~1.83   2011   -16.35     41   -19.33      0        -      0        -      2   -22.48       394        1    -0.52   -16.42
  16300.0   2073 1289/2211   13.40   12.67    ~0.48    ~1.80   2036   -16.74     35   -20.74      0        -      0        -      2   -19.45       381        1    -0.22   -16.81
  16400.0   2090 1277/2211   13.56   12.64    ~0.45    ~1.84   2054   -17.00     34   -20.07      0        -      0        -      2   -13.14       363        1    -0.32   -17.06
  16500.0   2060 1248/2211   13.76   12.96    ~0.45    ~1.85   2026   -16.74     32   -20.50      0        -      0        -      2   -12.87       375        1    -0.02   -16.81
  16600.0   2073 1295/2211   13.48   12.72    ~0.46    ~1.81   2043   -16.86     28   -20.02      0        -      0        -      2   -13.96       370        1    -0.52   -16.91
  16700.0   2081 1296/2211   13.22   12.51    ~0.46    ~1.76   2053   -16.97     27   -20.91      0        -      0        -      1   -12.67       394        1    -0.18   -17.03
  16800.0   2094 1268/2211   13.53   12.90    ~0.45    ~1.82   2069   -17.05     24   -21.42      0        -      0        -      1   -16.60       400        1    -0.30   -17.11
  16900.0   2071 1286/2211   13.54   12.79    ~0.45    ~1.82   2051   -16.86     19   -21.59      0        -      0        -      1   -14.81       380        1    -0.04   -16.91
  17000.0   2090 1285/2211   13.25   12.49    ~0.46    ~1.83   2071   -16.97     18   -23.30      0        -      0        -      1   -12.33       358        1    -0.52   -17.03
  17100.0   2102 1298/2211   13.48   12.60    ~0.46    ~1.78   2085   -17.16     16   -23.89      0        -      0        -      1   -14.37       374        1    -0.30   -17.22
  17200.0   2105 1271/2211   13.62   13.36    ~0.44    ~1.71   2089   -17.34     15   -21.34      0        -      0        -      1   -14.72       377        1    -0.33   -17.38
  17300.0   2080 1256/2211   13.46   13.63    ~0.44    ~1.81   2064   -16.84     15   -20.11      0        -      0        -      1   -10.59       358        1    -0.16   -16.87
  17400.0   2098 1311/2211   13.15   13.37    ~0.46    ~1.87   2083   -16.94     14   -17.70      0        -      0        -      1    -8.02       351        1    -0.65   -16.95
  17500.0   2104 1278/2211   13.46   13.69    ~0.48    ~1.81   2092   -17.18     11   -20.65      0        -      0        -      1   -11.14       350        0        -   -17.20
  17600.0   2091 1257/2211   13.85   13.77    ~0.46    ~1.79   2080   -17.12     10   -22.47      0        -      0        -      1   -12.88       367        0        -   -17.14
  17700.0   2082 1285/2211   13.62   13.46    ~0.45    ~1.83   2071   -16.68     10   -23.31      0        -      0        -      1   -13.19       367        0        -   -16.71
  17800.0   2091 1298/2211   13.55   13.33    ~0.45    ~1.78   2079   -16.69     10   -21.36      0        -      0        -      2   -17.55       348        0        -   -16.72
  17900.0   2105 1318/2211   13.71   13.72    ~0.46    ~1.76   2094   -16.91     10   -22.04      0        -      0        -      1    -9.77       376        0        -   -16.94
  18000.0   2081 1283/2211   13.65   13.79    ~0.46    ~1.70   2070   -16.80     10   -22.65      0        -      0        -      1    -9.17       382        0        -   -16.82
  18100.0   2082 1325/2211   13.34   13.55    ~0.47    ~1.74   2072   -16.57      9   -20.99      0        -      0        -      1   -11.65       353        0        -   -16.58
  18200.0   2084 1318/2211   13.28   13.59    ~0.48    ~1.79   2074   -16.87      8   -19.77      0        -      0        -      2    -7.75       353        0        -   -16.87
  18300.0   2072 1259/2211   13.45   13.77    ~0.45    ~1.77   2063   -16.91      7   -18.59      0        -      0        -      2    -8.05       358        0        -   -16.91
  18400.0   2027 1265/2211   13.22   13.54    ~0.46    ~1.74   2019   -16.51      6   -20.45      0        -      0        -      2    -6.10       374        0        -   -16.51
  18500.0   2021 1279/2211   13.00   13.58    ~0.46    ~1.73   2013   -16.45      6   -20.20      0        -      0        -      2    -5.33       391        0        -   -16.45
  18600.0   2052 1270/2211   13.07   13.82    ~0.49    ~1.80   2044   -16.86      6   -20.47      0        -      0        -      2    -6.29       403        0        -   -16.86
  18700.0   2057 1257/2211   13.56   14.04    ~0.42    ~1.74   2049   -16.85      6   -22.99      0        -      0        -      2    -7.33       396        0        -   -16.86
  18800.0   2048 1263/2211   13.63   13.86    ~0.45    ~1.77   2040   -16.58      6   -22.59      0        -      0        -      2    -6.75       374        0        -   -16.59
  18900.0   2063 1253/2211   13.73   13.68    ~0.47    ~1.71   2056   -16.76      5   -19.68      0        -      0        -      2    -4.72       373        0        -   -16.76
  19000.0   2063 1234/2211   14.05   13.72    ~0.46    ~1.71   2057   -16.86      4   -22.16      0        -      0        -      2    -2.58       381        0        -   -16.86
  19100.0   2043 1265/2211   13.93   13.91    ~0.45    ~1.73   2037   -16.76      4   -22.80      0        -      0        -      2    -2.18       388        0        -   -16.76
  19200.0   2037 1259/2211   13.56   13.73    ~0.47    ~1.73   2031   -16.36      4   -24.98      0        -      0        -      2    -1.73       382        0        -   -16.36
  19300.0   2049 1285/2211   13.45   13.52    ~0.45    ~1.76   2042   -16.27      5   -26.24      0        -      0        -      2    -1.68       379        0        -   -16.28
  19400.0   2059 1279/2211   13.53   13.64    ~0.46    ~1.68   2052   -16.40      5   -26.45      0        -      0        -      2    -1.69       402        0        -   -16.41
  19500.0   2058 1289/2211   13.23   13.40    ~0.46    ~1.74   2052   -16.52      4   -19.24      0        -      0        -      2    -1.26       396        0        -   -16.51
  19600.0   2058 1286/2211   13.47   13.20    ~0.43    ~1.73   2052   -16.67      4   -25.52      0        -      0        -      2    -1.75       401        0        -   -16.67
  19700.0   2053 1269/2211   13.57   13.17    ~0.44    ~1.72   2047   -16.51      4   -25.72      0        -      0        -      2    -2.10       399        0        -   -16.52
  19800.0   2047 1260/2211   13.67   13.33    ~0.46    ~1.81   2041   -16.08      4   -22.09      0        -      0        -      2    -2.14       374        0        -   -16.08
  19900.0   2013 1265/2211   13.78   13.36    ~0.46    ~1.72   2006   -15.78      5   -22.35      0        -      0        -      2    -2.44       350        0        -   -15.78
  20000.0   2010 1260/2211   13.32   13.29    ~0.47    ~1.73   2003   -15.60      5   -27.13      0        -      0        -      2    -3.01       402        0        -   -15.62
  20100.0   2033 1279/2211   13.60   13.09    ~0.46    ~1.70   2025   -15.85      6   -28.83      0        -      0        -      2    -2.41       417        0        -   -15.88
  20200.0   2030 1246/2211   13.43   13.05    ~0.46    ~1.71   2024   -16.34      4   -27.20      0        -      0        -      2    -1.56       405        0        -   -16.35
  20300.0   2021 1246/2211   13.51   13.12    ~0.47    ~1.79   2015   -16.41      4   -22.02      0        -      0        -      2    -2.16       374        0        -   -16.41
  20400.0   2032 1249/2211   13.42   13.17    ~0.48    ~1.69   2024   -16.43      5   -26.59      0        -      0        -      3   -13.73       368        0        -   -16.45
  20500.0   2030 1275/2211   13.31   13.23    ~0.47    ~1.78   2023   -16.14      5   -28.35      0        -      0        -      2    -1.89       396        0        -   -16.16
  20600.0   2011 1256/2211   13.44   13.24    ~0.48    ~1.77   2004   -16.48      5   -32.55      0        -      0        -      2    -1.86       376        0        -   -16.50
  20700.0   1999 1254/2211   13.68   13.02    ~0.47    ~1.77   1992   -16.58      5   -33.43      0        -      0        -      2    -3.35       364        0        -   -16.61
  20800.0   2007 1263/2211   13.62   12.78    ~0.45    ~1.72   1997   -16.56      8   -35.21      0        -      0        -      2    -2.74       367        0        -   -16.62
  20900.0   2022 1256/2211   13.58   12.95    ~0.47    ~1.67   2011   -16.05      9   -29.90      0        -      0        -      2    -1.88       373        0        -   -16.10
  21000.0   2015 1276/2211   13.84   13.21    ~0.46    ~1.73   2004   -16.01      9   -29.56      0        -      0        -      2    -2.31       382        0        -   -16.06
  21100.0   2019 1267/2211   13.37   13.24    ~0.45    ~1.72   2007   -16.22     10   -26.25      0        -      0        -      2    -2.44       383        0        -   -16.25
  21200.0   2035 1295/2211   12.84   13.11    ~0.49    ~1.77   2020   -16.56     13   -25.31      0        -      0        -      2    -1.70       421        0        -   -16.60
  21300.0   2045 1278/2211   13.23   13.01    ~0.48    ~1.72   2030   -16.26     13   -27.02      0        -      0        -      2    -1.48       395        0        -   -16.31
  21400.0   2043 1281/2211   13.59   13.22    ~0.45    ~1.71   2026   -16.41     15   -30.87      0        -      0        -      2    -2.16       396        0        -   -16.50
  21500.0   2062 1277/2211   13.55   13.09    ~0.45    ~1.73   2043   -16.66     17   -31.59      0        -      0        -      2    -2.17       371        0        -   -16.77
  21600.0   2069 1288/2211   13.41   13.19    ~0.45    ~1.76   2050   -16.58     17   -31.25      0        -      0        -      2    -1.44       386        0        -   -16.69
  21700.0   2058 1260/2211   13.79   13.55    ~0.47    ~1.78   2036   -17.17     20   -29.02      0        -      0        -      2    -2.00       365        0        -   -17.27
  21800.0   2024 1258/2211   13.78   13.48    ~0.47    ~1.78   2001   -17.16     21   -27.38      0        -      0        -      2    -3.37       337        0        -   -17.25
  21900.0   2035 1268/2211   13.43   12.99    ~0.47    ~1.75   2010   -16.84     23   -30.93      0        -      0        -      2    -2.72       371        0        -   -16.98
  22000.0   2061 1266/2211   13.33   12.76    ~0.46    ~1.73   2035   -16.85     24   -31.95      0        -      0        -      2    -2.15       376        0        -   -17.01
  22100.0   2050 1253/2211   13.69   12.80    ~0.45    ~1.75   2020   -16.65     28   -34.73      0        -      0        -      2    -2.83       407        0        -   -16.89
  22200.0   2053 1289/2211   13.65   12.68    ~0.48    ~1.75   2019   -16.57     31   -34.89      0        -      0        -      3   -11.28       378        0        -   -16.84
  22300.0   2054 1306/2211   12.95   12.57    ~0.47    ~1.84   2018   -16.95     33   -32.54      0        -      0        -      3   -15.24       356        0        -   -17.20
  22400.0   2048 1281/2211   13.11   12.81    ~0.47    ~1.77   2009   -16.69     37   -34.59      0        -      0        -      2    -1.94       359        0        -   -17.00
  22500.0   2053 1282/2211   13.49   13.25    ~0.45    ~1.73   2010   -16.66     41   -36.10      0        -      0        -      2    -2.92       361        0        -   -17.03
  22600.0   2050 1273/2211   12.99   13.35    ~0.47    ~1.74   2002   -16.63     46   -36.86      0        -      0        -      2    -2.76       400        0        -   -17.07
  22700.0   2046 1298/2211   12.63   13.41    ~0.48    ~1.76   1995   -16.63     49   -37.22      0        -      0        -      2    -2.08       360        0        -   -17.11
  22800.0   2044 1302/2211   12.94   13.71    ~0.47    ~1.74   1988   -16.46     54   -37.72      0        -      0        -      2    -2.49       393        0        -   -17.00
  22900.0   2029 1278/2211   13.07   13.97    ~0.47    ~1.77   1968   -16.77     59   -37.72      0        -      0        -      2    -3.37       392        0        -   -17.37
  23000.0   2035 1305/2211   12.67   13.54    ~0.47    ~1.67   1969   -16.43     64   -36.09      0        -      0        -      2    -2.19       390        0        -   -17.03
  23100.0   2030 1264/2211   12.67   13.30    ~0.47    ~1.74   1953   -16.03     74   -36.30      0        -      0        -      3   -11.29       357        0        -   -16.76
  23200.0   2046 1280/2211   13.12   13.77    ~0.46    ~1.80   1964   -16.17     79   -36.96      0        -      0        -      3   -10.92       370        0        -   -16.96
  23300.0   2045 1281/2211   12.98   13.83    ~0.44    ~1.76   1950   -16.12     92   -36.12      0        -      0        -      3    -9.26       369        0        -   -17.01
  23400.0   2042 1279/2211   12.46   13.51    ~0.49    ~1.81   1934   -15.98    105   -34.93      0        -      0        -      3   -10.90       339        0        -   -16.95
  23500.0   2047 1297/2211   12.71   13.57    ~0.47    ~1.83   1927   -15.83    117   -35.19      0        -      0        -      3   -11.17       354        0        -   -16.93
  23600.0   2047 1283/2211   13.31   13.98    ~0.46    ~1.74   1916   -16.05    130   -35.94      0        -      0        -      1    -2.55       347        0        -   -17.31
  23700.0   2037 1291/2211   13.13   14.01    ~0.48    ~1.82   1889   -15.94    147   -35.27      0        -      0        -      1    -2.38       344        0        -   -17.33
  23800.0   2050 1296/2211   12.98   13.98    ~0.47    ~1.81   1884   -15.62    165   -35.35      0        -      0        -      1    -1.37       361        0        -   -17.20
  23900.0   2055 1294/2211   13.37   14.02    ~0.47    ~1.78   1872   -15.46    182   -35.54      0        -      0        -      1    -1.76       317        0        -   -17.23
  24000.0   2069 1295/2211   13.51   14.00    ~0.49    ~1.81   1870   -15.63    198   -34.87      0        -      0        -      1    -2.25       320        0        -   -17.47
  24100.0   2077 1313/2211   13.42   13.64    ~0.48    ~1.81   1863   -15.43    213   -34.66      0        -      0        -      1    -1.47       335        0        -   -17.39
  24200.0   2082 1319/2211   13.28   13.50    ~0.47    ~1.87   1851   -15.10    230   -34.74      0        -      0        -      1    -0.94       326        0        -   -17.26
  24300.0   2082 1318/2211   13.32   13.45    ~0.45    ~1.85   1842   -15.23    239   -34.87      0        -      0        -      1    -1.48       340        0        -   -17.48
  24400.0   2088 1303/2211   13.47   13.32    ~0.47    ~1.88   1831   -15.18    256   -35.06      0        -      0        -      1    -1.85       332        0        -   -17.61
  24500.0   2093 1307/2211   13.65   13.24    ~0.50    ~1.85   1828   -15.10    264   -35.25      0        -      0        -      1    -1.58       329        0        -   -17.63
  24600.0   2104 1330/2211   13.79   13.24    ~0.47    ~1.81   1824   -15.02    279   -35.07      0        -      0        -      1    -1.65       331        0        -   -17.67
  24700.0   2105 1326/2211   13.74   13.29    ~0.45    ~1.84   1813   -15.02    291   -34.92      0        -      0        -      1    -1.85       304        0        -   -17.76
  24800.0   2093 1325/2211   13.74   13.41    ~0.49    ~1.76   1791   -14.85    301   -34.37      0        -      0        -      1    -1.84       306        0        -   -17.65
  24900.0   2093 1327/2211   13.68   13.40    ~0.48    ~1.89   1775   -14.52    317   -35.37      0        -      0        -      1    -1.45       304        0        -   -17.68
  25000.0   2105 1322/2211   13.63   13.43    ~0.47    ~1.86   1773   -14.56    331   -34.31      0        -      0        -      1    -1.43       288        0        -   -17.66
  25100.0   2113 1328/2211   13.62   13.51    ~0.45    ~1.87   1769   -14.62    343   -34.15      0        -      0        -      1    -1.50       317        0        -   -17.79
  25200.0   2129 1355/2211   13.68   13.49    ~0.45    ~1.88   1768   -14.72    360   -33.84      0        -      0        -      1    -1.48       320        0        -   -17.95
  25300.0   2129 1352/2211   13.59   13.40    ~0.46    ~1.84   1759   -14.90    369   -33.00      0        -      0        -      1    -1.39       348        0        -   -18.03
  25400.0   2140 1344/2211   13.55   13.37    ~0.46    ~1.84   1763   -15.12    376   -31.35      0        -      0        -      1    -1.47       325        0        -   -17.97
  25500.0   2145 1329/2211   13.73   13.49    ~0.46    ~1.84   1763   -15.75    381   -29.99      0        -      0        -      1    -1.77       345        0        -   -18.27
  25600.0   2154 1328/2211   13.76   13.56    ~0.47    ~1.89   1762   -15.71    391   -30.35      0        -      0        -      1    -1.66       327        0        -   -18.36
  25700.0   2153 1330/2211   13.65   13.53    ~0.44    ~1.82   1748   -15.49    403   -30.91      0        -      0        -      2   -15.79       304        0        -   -18.38
  25800.0   2158 1320/2211   13.47   13.44    ~0.46    ~1.85   1741   -15.47    414   -30.91      0        -      0        -      3   -19.25       336        0        -   -18.44
  25900.0   2160 1342/2211   13.35   13.57    ~0.46    ~1.85   1735   -15.81    422   -30.41      0        -      0        -      3   -16.04       350        0        -   -18.66
  26000.0   2168 1346/2211   13.30   13.71    ~0.47    ~1.92   1729   -15.53    436   -30.58      0        -      0        -      3   -14.47       314        0        -   -18.56
  26100.0   2176 1358/2211   13.17   13.44    ~0.46    ~1.88   1728   -15.98    446   -29.01      0        -      0        -      2    -4.56       299        0        -   -18.64
  26200.0   2186 1355/2211   13.14   13.51    ~0.45    ~1.87   1728   -16.25    456   -28.88      0        -      0        -      2    -7.24       334        0        -   -18.88
  26300.0   2195 1363/2211   13.11   13.60    ~0.48    ~1.85   1727   -16.27    466   -29.19      0        -      0        -      2   -10.00       317        0        -   -19.01
  26400.0   2200 1348/2211   13.29   13.48    ~0.46    ~1.89   1715   -16.05    483   -29.52      0        -      0        -      2    -9.38       325        0        -   -19.00
  26500.0   2196 1351/2211   13.23   13.43    ~0.44    ~1.81   1695   -15.89    499   -29.04      0        -      0        -      2    -8.41       368        0        -   -18.87
  26600.0   2212 1328/2211   13.45   13.33    ~0.45    ~1.85   1699   -16.11    510   -28.81      0        -      0        -      3   -15.28       338        0        -   -19.03
  26700.0   2206 1340/2211   13.63   13.11    ~0.45    ~1.89   1678   -16.12    525   -28.80      0        -      0        -      3   -15.24       356        0        -   -19.14
  26800.0   2212 1342/2211   13.44   12.83    ~0.45    ~1.80   1670   -16.02    540   -28.84      0        -      0        -      2   -14.27       348        0        -   -19.15
  26900.0   2218 1363/2211   13.23   12.74    ~0.45    ~1.89   1655   -16.12    561   -28.60      0        -      0        -      2   -21.20       375        0        -   -19.28
  27000.0   2227 1356/2211   13.48   12.80    ~0.45    ~1.90   1649   -15.79    576   -29.09      0        -      0        -      2   -19.42       362        0        -   -19.23
  27100.0   2222 1380/2211   13.58   12.79    ~0.45    ~1.80   1622   -15.38    598   -29.49      0        -      0        -      2   -12.51       370        0        -   -19.17
  27200.0   2227 1360/2211   13.40   12.71    ~0.45    ~1.89   1602   -15.58    623   -28.87      0        -      0        -      2    -9.82       340        0        -   -19.29
  27300.0   2224 1375/2211   13.52   12.76    ~0.46    ~1.90   1576   -15.34    646   -28.54      0        -      0        -      2    -9.26       368        0        -   -19.17
  27400.0   2230 1346/2211   13.65   12.89    ~0.43    ~1.83   1556   -15.20    672   -29.22      0        -      0        -      2   -10.99       385        0        -   -19.42
  27500.0   2233 1340/2211   13.49   12.86    ~0.44    ~1.84   1536   -14.81    695   -29.67      0        -      0        -      2   -13.18       345        0        -   -19.43
  27600.0   2238 1358/2211   13.31   12.68    ~0.45    ~1.85   1516   -14.51    720   -29.66      0        -      0        -      2   -15.70       364        0        -   -19.38
  27700.0   2245 1378/2211   13.50   12.66    ~0.45    ~1.79   1501   -14.27    742   -29.72      0        -      0        -      2   -14.66       358        0        -   -19.37
  27800.0   2243 1359/2211   13.37   12.80    ~0.45    ~1.85   1481   -14.51    760   -28.98      0        -      0        -      2   -16.38       311        0        -   -19.42
  27900.0   2242 1362/2211   12.96   12.83    ~0.45    ~1.86   1470   -14.35    771   -28.95      0        -      0        -      1    -1.76       349        0        -   -19.37
  28000.0   2245 1366/2211   12.84   12.76    ~0.46    ~1.84   1451   -15.32    793   -28.63      0        -      0        -      1    -1.62       359        0        -   -20.01
  28100.0   2253 1352/2211   13.13   13.01    ~0.44    ~1.76   1437   -14.83    814   -28.97      0        -      0        -      2    -5.52       316        0        -   -19.93
  28200.0   2252 1371/2211   13.12   13.17    ~0.46    ~1.87   1424   -14.65    826   -28.74      0        -      0        -      2    -5.12       332        0        -   -19.81
  28300.0   2260 1366/2211   12.97   13.17    ~0.47    ~1.83   1413   -14.37    845   -28.85      0        -      0        -      2    -5.16       338        0        -   -19.77
  28400.0   2259 1382/2211   13.01   13.18    ~0.45    ~1.82   1405   -14.35    852   -28.85      0        -      0        -      2    -5.92       341        0        -   -19.81
  28500.0   2255 1377/2211   13.16   13.33    ~0.43    ~1.82   1387   -14.53    866   -28.94      0        -      0        -      2    -7.25       310        0        -   -20.06
  28600.0   2257 1377/2211   13.22   13.21    ~0.46    ~1.83   1372   -14.73    883   -28.69      0        -      0        -      2    -7.05       318        0        -   -20.19
  28700.0   2263 1394/2211   13.22   13.24    ~0.47    ~1.80   1359   -14.45    902   -28.96      0        -      0        -      2    -6.37       310        0        -   -20.23
  28800.0   2264 1388/2211   13.48   13.39    ~0.47    ~1.85   1349   -14.33    913   -28.93      0        -      0        -      2    -6.28       326        0        -   -20.21
  28900.0   2265 1369/2211   13.32   13.28    ~0.46    ~1.85   1346   -14.50    917   -28.86      0        -      0        -      2    -5.16       300        0        -   -20.30
  29000.0   2262 1381/2211   13.12   13.27    ~0.44    ~1.78   1329   -14.39    931   -28.57      0        -      0        -      2    -4.08       348        0        -   -20.22
  29100.0   2263 1401/2211   13.45   13.28    ~0.46    ~1.86   1320   -14.34    941   -28.71      0        -      0        -      2    -4.49       335        0        -   -20.30
  29200.0   2266 1402/2211   13.53   13.27    ~0.45    ~1.85   1313   -14.30    951   -28.75      0        -      0        -      2    -4.88       351        0        -   -20.36
  29300.0   2272 1395/2211   13.30   13.28    ~0.45    ~1.88   1313   -14.45    957   -28.42      0        -      0        -      2    -5.04       357        0        -   -20.33
  29400.0   2270 1381/2211   13.19   13.51    ~0.44    ~1.87   1300   -14.40    969   -28.31      0        -      0        -      1    -8.79       330        0        -   -20.34
  29500.0   2256 1370/2211   13.17   13.68    ~0.44    ~1.87   1280   -14.25    975   -28.27      0        -      0        -      1    -8.26       313        0        -   -20.31
  29600.0   2273 1370/2211   13.11   13.56    ~0.45    ~1.82   1290   -14.41    982   -28.47      0        -      0        -      1    -7.95       314        0        -   -20.48
  29700.0   2262 1379/2211   13.01   13.38    ~0.44    ~1.91   1275   -14.01    986   -28.01      0        -      0        -      1   -10.68       313        0        -   -20.11
  29800.0   2270 1357/2211   13.13   13.49    ~0.43    ~1.83   1282   -14.29    987   -28.00      0        -      0        -      1   -15.63       347        0        -   -20.25
  29900.0   2281 1366/2211   13.25   13.44    ~0.45    ~1.87   1293   -14.39    987   -27.74      0        -      0        -      1   -34.80       338        0        -   -20.18
  30000.0   2276 1389/2211   13.22   13.27    ~0.45    ~1.80   1302   -14.50    973   -28.03      0        -      0        -      1   -26.01       351        0        -   -20.29

300 of 300 samples printed
