arm r39-s4 | run 2026-09-17-085833-8eab1085 | tank r=26.5 m (2.2e+03 m2), 45 m deep, 4 ring(s)
columns of 1 m: 2211 | lineage.jsonl: 11558 births, 81 clades

        t      n      cols    x sd    z sd     nn h    nn 3d   leaf   leaf y   stom   stom y   mixo   mixo y    jnt    jnt y  plain  plain y  clade 1m  jointed  joint y  rigid y
    100.0     40   39/2211   11.65   11.73     3.16     7.65     23   -19.97      8   -14.28      0        -      5   -19.53      4   -22.08         0       26   -19.17   -18.66
    200.0     45   44/2211   10.39   11.65     2.26     3.95     38   -11.06      6   -16.68      0        -      0        -      1   -26.87         2       31    -9.74   -17.52
    300.0     76   70/2211   11.90   13.66     1.21     1.74     73    -7.92      3    -4.81      0        -      0        -      0        -        10       53    -6.65   -10.44
    400.0    140  123/2211   11.68   13.15     1.05     1.81    137    -6.76      3    -5.48      0        -      0        -      0        -         7       93    -5.27    -9.64
    500.0    222  189/2211   10.07   12.25     0.97     1.57    219    -5.91      2    -4.38      0        -      1    -2.09      0        -        40      141    -4.46    -8.35
    600.0    308  261/2211    8.94   12.32     0.88     1.52    305    -6.02      2    -4.35      0        -      1    -2.13      0        -        66      184    -4.63    -8.03
    700.0    410  334/2211    9.12   12.80     0.79     1.42    406    -5.50      3    -4.36      0        -      1    -2.44      0        -       106      230    -4.30    -6.99
    800.0    506  410/2211    9.65   11.66     0.73     1.40    504    -5.39      2    -2.23      0        -      0        -      0        -       137      272    -4.47    -6.42
    900.0    625  446/2211    8.90    9.65     0.64     1.31    622    -9.80      3    -5.30      0        -      0        -      0        -       173      328   -10.90    -8.53
   1000.0    741  546/2211   10.50   11.30     0.60     1.38    739   -10.66      2    -1.69      0        -      0        -      0        -       198      370   -12.57    -8.70
   1100.0    813  598/2211   11.87   12.45     0.62     1.38    810   -10.78      2    -1.83      0        -      0        -      1    -0.26       208      378   -13.03    -8.76
   1200.0    882  656/2211   12.44   13.05     0.62     1.37    880   -10.42      1    -2.10      0        -      0        -      1    -0.23       227      383   -13.02    -8.39
   1300.0    945  698/2211   12.61   12.92     0.61     1.45    943    -9.23      1    -1.78      0        -      0        -      1    -0.16       249      386   -11.90    -7.35
   1400.0   1017  742/2211   13.04   13.19     0.60     1.43   1015    -8.97      1    -2.14      0        -      0        -      1    -0.14       271      385   -11.76    -7.24
   1500.0   1078  766/2211   13.50   13.56     0.57     1.48   1075    -9.10      1    -2.41      0        -      0        -      2    -0.12       281      378   -11.61    -7.71
   1600.0   1143  850/2211   13.20   12.84     0.58     1.46   1140    -8.76      1    -2.21      0        -      0        -      2    -0.10       278      377   -11.45    -7.41
   1700.0   1205  895/2211   12.74   12.19    ~0.62    ~1.55   1202    -9.29      1    -2.60      0        -      0        -      2    -0.07       280      374   -11.80    -8.13
   1800.0   1263  923/2211   13.11   13.04    ~0.60    ~1.54   1260    -9.05      1    -3.55      0        -      0        -      2    -0.06       293      371   -11.94    -7.82
   1900.0   1313  914/2211   13.69   13.69    ~0.54    ~1.46   1310    -9.25      1    -1.60      0        -      0        -      2    -0.60       311      367   -12.01    -8.16
   2000.0   1365  971/2211   13.43   13.27    ~0.53    ~1.46   1363    -9.27      0        -      0        -      0        -      2    -0.80       367      362   -12.09    -8.24
   2100.0   1402  979/2211   12.96   12.96    ~0.52    ~1.41   1400    -9.12      0        -      0        -      0        -      2    -0.79       369      359   -12.09    -8.08
   2200.0   1446 1000/2211   13.45   13.47    ~0.51    ~1.47   1444    -8.96      0        -      0        -      0        -      2    -0.93       384      354   -11.03    -8.27
   2300.0   1489 1012/2211   14.08   13.86    ~0.52    ~1.48   1487    -9.46      0        -      0        -      0        -      2    -1.44       393      351   -11.27    -8.89
   2400.0   1528 1051/2211   13.54   13.36    ~0.53    ~1.47   1526    -9.17      0        -      0        -      0        -      2    -1.38       437      347   -10.81    -8.67
   2500.0   1566 1096/2211   12.71   13.14    ~0.54    ~1.53   1563    -8.91      1    -5.17      0        -      0        -      2    -1.17       425      344   -10.80    -8.36
   2600.0   1606 1095/2211   13.17   13.83    ~0.53    ~1.43   1603    -9.45      1    -7.37      0        -      0        -      2    -1.34       406      341   -11.55    -8.87
   2700.0   1642 1060/2211   13.38   14.17    ~0.50    ~1.41   1639    -9.84      1    -9.12      0        -      0        -      2    -1.79       457      340   -11.92    -9.29
   2800.0   1678 1126/2211   12.11   13.17    ~0.50    ~1.44   1675    -9.63      1   -10.48      0        -      0        -      2    -1.13       447      335   -11.74    -9.09
   2900.0   1715 1124/2211   11.73   12.80    ~0.48    ~1.53   1712    -9.73      1   -12.01      0        -      0        -      2    -1.06       439      333   -11.87    -9.20
   3000.0   1749 1134/2211   12.95   13.56    ~0.51    ~1.49   1746    -9.84      1   -13.57      0        -      0        -      2    -1.26       447      329   -11.65    -9.41
   3100.0   1784 1115/2211   12.91   13.37    ~0.47    ~1.50   1781   -10.14      1   -13.68      0        -      0        -      2    -1.61       441      328   -11.85    -9.75
   3200.0   1824 1160/2211   11.78   12.46    ~0.49    ~1.51   1821   -10.41      1   -12.21      0        -      0        -      2    -1.01       471      327   -11.60   -10.14
   3300.0   1856 1180/2211   12.18   12.89    ~0.47    ~1.42   1853   -10.05      1   -12.18      0        -      0        -      2    -1.03       460      327   -11.58    -9.72
   3400.0   1899 1201/2211   13.24   13.85    ~0.46    ~1.45   1896   -10.83      1   -12.53      0        -      0        -      2    -2.16       481      322   -12.30   -10.52
   3500.0   1933 1192/2211   12.58   13.22    ~0.45    ~1.52   1930   -11.03      1   -11.37      0        -      0        -      2    -1.61       453      320   -12.15   -10.80
   3600.0   1976 1212/2211   11.77   12.19    ~0.46    ~1.52   1972   -11.38      2   -15.76      0        -      0        -      2    -1.18       447      317   -12.25   -11.21
   3700.0   2016 1235/2211   12.84   12.58    ~0.45    ~1.48   2012   -10.98      2   -16.34      0        -      0        -      2    -1.30       482      315   -12.28   -10.74
   3800.0   2049 1219/2211   13.69   13.40    ~0.43    ~1.54   2045   -11.48      2   -16.94      0        -      0        -      2    -2.43       472      313   -12.90   -11.22
   3900.0   2089 1275/2211   12.65   12.65    ~0.47    ~1.52   2084   -11.37      2   -10.43      0        -      0        -      3    -4.74       449      311   -13.00   -11.07
   4000.0   2133 1278/2211   12.21   12.45    ~0.44    ~1.50   2129   -12.08      2    -7.72      0        -      0        -      2    -5.88       458      308   -13.53   -11.83
   4100.0   2168 1256/2211   13.30   13.75    ~0.43    ~1.55   2164   -12.25      2   -11.38      0        -      0        -      2    -6.64       482      306   -13.61   -12.01
   4200.0   2206 1287/2211   13.38   14.12    ~0.44    ~1.51   2202   -12.38      2   -11.93      0        -      0        -      2    -7.07       475      304   -13.80   -12.15
   4300.0   2238 1300/2211   12.76   13.60    ~0.44    ~1.52   2234   -11.79      2    -8.15      0        -      0        -      2    -6.23       506      301   -13.69   -11.48
   4400.0   2280 1324/2211   12.73   13.75    ~0.41    ~1.49   2276   -11.90      2    -8.71      0        -      0        -      2    -6.47       478      300   -13.85   -11.59
   4500.0   2324 1306/2211   13.66   14.73    ~0.42    ~1.52   2319   -13.05      2   -14.46      0        -      0        -      3    -7.39       462      300   -14.82   -12.79
   4600.0   2363 1354/2211   13.55   14.40    ~0.42    ~1.49   2358   -12.64      2   -15.57      0        -      0        -      3    -6.16       466      298   -14.66   -12.35
   4700.0   2394 1408/2211   12.57   13.23    ~0.44    ~1.57   2389   -12.39      2   -13.91      0        -      0        -      3    -3.23       462      296   -14.78   -12.04
   4800.0   2433 1389/2211   12.78   13.76    ~0.43    ~1.46   2428   -12.22      2   -16.80      0        -      0        -      3    -3.79       475      294   -14.30   -11.93
   4900.0   2469 1381/2211   13.40   13.90    ~0.41    ~1.58   2464   -12.49      2   -18.09      0        -      0        -      3    -4.55       507      291   -14.32   -12.24
   5000.0   2502 1447/2211   13.33   13.17    ~0.43    ~1.56   2497   -12.34      2   -16.12      0        -      0        -      3    -4.20       477      290   -14.17   -12.09
   5100.0   2532 1438/2211   12.90   12.44    ~0.42    ~1.60   2527   -13.15      2   -12.73      0        -      0        -      3    -4.64       490      290   -14.90   -12.91
   5200.0   2560 1420/2211   14.01   13.31    ~0.40    ~1.50   2555   -13.18      2   -11.55      0        -      0        -      3    -2.58       524      288   -14.94   -12.94
   5300.0   2578 1421/2211   14.64   13.91    ~0.41    ~1.49   2573   -13.79      2   -11.53      0        -      0        -      3    -2.93       500      288   -15.18   -13.60
   5400.0   2586 1473/2211   13.93   13.46    ~0.42    ~1.53   2581   -13.12      2   -11.23      0        -      0        -      3    -1.63       488      286   -14.09   -12.99
   5500.0   2597 1500/2211   13.85   13.13    ~0.42    ~1.54   2592   -13.39      2   -11.53      0        -      0        -      3    -1.44       460      284   -13.97   -13.30
   5600.0   2600 1436/2211   14.39   13.45    ~0.40    ~1.54   2595   -13.89      2    -8.55      0        -      0        -      3    -2.29       498      283   -14.73   -13.76
   5700.0   2612 1455/2211   14.26   13.39    ~0.41    ~1.60   2606   -13.99      2    -9.23      0        -      0        -      4   -12.54       514      281   -14.70   -13.90
   5800.0   2614 1490/2211   12.83   12.58    ~0.41    ~1.59   2609   -14.32      2   -16.14      0        -      0        -      3    -1.57       485      279   -14.88   -14.24
   5900.0   2618 1475/2211   13.28   12.89    ~0.41    ~1.53   2613   -15.02      2   -17.41      0        -      0        -      3    -1.68       500      275   -14.84   -15.03
   6000.0   2623 1462/2211   13.90   13.56    ~0.38    ~1.65   2618   -15.08      2   -17.88      0        -      0        -      3    -2.67       469      269   -14.65   -15.11
   6100.0   2629 1453/2211   13.29   13.55    ~0.42    ~1.67   2624   -15.05      2   -16.95      0        -      0        -      3    -1.46       432      263   -14.27   -15.13
   6200.0   2639 1497/2211   12.91   13.34    ~0.42    ~1.62   2634   -15.40      2   -14.32      0        -      0        -      3    -1.28       438      262   -14.71   -15.46
   6300.0   2641 1465/2211   13.25   13.76    ~0.42    ~1.60   2636   -15.69      2   -10.15      0        -      0        -      3    -2.37       405      262   -15.25   -15.72
   6400.0   2649 1443/2211   13.51   13.94    ~0.40    ~1.66   2644   -15.93      2    -8.96      0        -      0        -      3    -3.10       449      261   -15.50   -15.95
   6500.0   2648 1457/2211   13.13   13.49    ~0.41    ~1.68   2643   -15.77      2   -20.79      0        -      0        -      3    -1.79       460      260   -15.25   -15.81
   6600.0   2653 1483/2211   13.05   13.45    ~0.43    ~1.67   2648   -15.93      2   -33.94      0        -      0        -      3    -1.70       470      258   -15.43   -15.98
   6700.0   2657 1450/2211   13.18   13.74    ~0.41    ~1.62   2652   -16.05      2   -34.95      0        -      0        -      3    -2.04       443      257   -15.37   -16.12
   6800.0   2662 1481/2211   13.01   13.75    ~0.42    ~1.65   2657   -16.08      2   -33.03      0        -      0        -      3    -1.70       463      255   -14.86   -16.20
   6900.0   2661 1459/2211   12.78   13.54    ~0.41    ~1.65   2656   -16.22      2   -35.38      0        -      0        -      3    -1.80       429      252   -15.48   -16.30
   7000.0   2661 1485/2211   12.74   13.60    ~0.41    ~1.63   2656   -16.48      2   -32.62      0        -      0        -      3    -1.05       433      249   -15.66   -16.56
   7100.0   2670 1484/2211   12.94   13.63    ~0.42    ~1.67   2665   -16.63      2   -29.61      0        -      0        -      3    -0.88       435      248   -15.99   -16.68
   7200.0   2671 1454/2211   12.86   13.47    ~0.39    ~1.67   2666   -16.57      2   -24.97      0        -      0        -      3    -1.63       427      247   -16.20   -16.60
   7300.0   2669 1457/2211   12.86   13.66    ~0.41    ~1.68   2664   -16.53      2   -27.92      0        -      0        -      3    -1.16       441      244   -15.55   -16.62
   7400.0   2680 1475/2211   12.83   13.57    ~0.42    ~1.67   2675   -16.79      2   -27.66      0        -      0        -      3    -0.99       481      243   -15.74   -16.89
   7500.0   2678 1473/2211   12.87   13.56    ~0.40    ~1.74   2673   -16.55      2   -24.06      0        -      0        -      3    -0.97       449      240   -15.02   -16.69
   7600.0   2679 1506/2211   12.75   13.66    ~0.40    ~1.65   2674   -16.60      2   -26.30      0        -      0        -      3    -1.01       446      239   -14.95   -16.75
   7700.0   2685 1499/2211   12.59   13.42    ~0.40    ~1.63   2680   -16.81      2   -22.89      0        -      0        -      3    -1.04       438      236   -14.90   -16.98
   7800.0   2687 1491/2211   12.62   12.93    ~0.41    ~1.77   2682   -16.90      2   -20.71      0        -      0        -      3    -0.98       435      235   -14.90   -17.08
   7900.0   2685 1488/2211   12.67   12.88    ~0.42    ~1.71   2680   -16.75      2   -23.27      0        -      0        -      3    -0.86       427      228   -15.04   -16.90
   8000.0   2684 1516/2211   12.77   13.12    ~0.41    ~1.66   2679   -16.71      2   -25.50      0        -      0        -      3    -0.94       448      225   -14.88   -16.86
   8100.0   2691 1478/2211   12.83   12.97    ~0.40    ~1.70   2686   -16.79      2   -25.12      0        -      0        -      3    -0.97       431      219   -14.40   -16.99
   8200.0   2698 1514/2211   12.81   13.13    ~0.41    ~1.64   2693   -16.84      2   -25.24      0        -      0        -      3    -0.93       423      218   -14.08   -17.07
   8300.0   2694 1509/2211   12.98   13.61    ~0.41    ~1.65   2689   -17.20      2   -27.86      0        -      0        -      3    -0.96       417      214   -13.51   -17.51
   8400.0   2699 1493/2211   13.17   13.71    ~0.42    ~1.73   2694   -17.41      2   -33.62      0        -      0        -      3    -1.10       389      211   -13.96   -17.70
   8500.0   2696 1488/2211   12.98   13.45    ~0.42    ~1.69   2691   -17.27      2   -41.27      0        -      0        -      3    -1.01       412      211   -14.09   -17.54
   8600.0   2703 1491/2211   12.93   13.32    ~0.42    ~1.65   2698   -17.41      2   -40.53      0        -      0        -      3    -1.04       397      209   -14.36   -17.67
   8700.0   2702 1505/2211   12.96   13.51    ~0.41    ~1.66   2697   -17.62      2   -30.16      0        -      0        -      3    -1.03       437      208   -14.79   -17.84
   8800.0   2693 1488/2211   12.74   13.41    ~0.41    ~1.70   2687   -17.55      2   -29.31      0        -      0        -      4   -10.94       438      202   -14.27   -17.82
   8900.0   2693 1500/2211   12.38   12.98    ~0.40    ~1.56   2688   -17.71      2   -30.15      0        -      0        -      3    -1.48       423      197   -14.08   -17.99
   9000.0   2695 1497/2211   12.70   13.13    ~0.40    ~1.71   2690   -17.56      2   -27.14      0        -      0        -      3    -1.07       414      193   -13.85   -17.83
   9100.0   2687 1493/2211   13.11   13.56    ~0.40    ~1.66   2682   -17.52      2   -29.30      0        -      0        -      3    -1.04       408      192   -14.28   -17.76
   9200.0   2685 1500/2211   13.06   13.46    ~0.42    ~1.74   2680   -17.45      2   -32.59      0        -      0        -      3    -0.98       411      189   -14.27   -17.68
   9300.0   2686 1498/2211   12.82   13.48    ~0.43    ~1.73   2681   -17.48      2   -35.05      0        -      0        -      3    -0.86       376      188   -14.47   -17.70
   9400.0   2678 1496/2211   13.31   13.69    ~0.39    ~1.66   2673   -17.64      2   -25.03      0        -      0        -      3    -1.10       385      188   -14.29   -17.88
   9500.0   2666 1484/2211   13.73   13.65    ~0.39    ~1.74   2660   -17.67      3   -30.45      0        -      0        -      3    -1.40       392      185   -14.59   -17.90
   9600.0   2664 1522/2211   13.39   13.54    ~0.43    ~1.72   2657   -17.32      3   -32.09      0        -      0        -      4   -10.83       404      184   -14.19   -17.56
   9700.0   2671 1482/2211   13.42   13.57    ~0.41    ~1.74   2664   -17.35      3   -32.10      0        -      0        -      4    -8.90       396      182   -14.10   -17.59
   9800.0   2658 1519/2211   13.63   13.73    ~0.43    ~1.79   2650   -17.37      4   -33.78      0        -      0        -      4    -9.90       400      179   -14.01   -17.63
   9900.0   2660 1490/2211   13.42   13.86    ~0.42    ~1.81   2652   -17.41      5   -35.36      0        -      0        -      3    -1.04       401      177   -13.97   -17.67
  10000.0   2663 1518/2211   12.96   13.57    ~0.43    ~1.62   2655   -17.57      5   -27.42      0        -      0        -      3    -0.75       379      174   -13.38   -17.86
  10100.0   2659 1502/2211   13.23   13.54    ~0.41    ~1.66   2651   -17.52      5   -27.18      0        -      0        -      3    -0.89       378      174   -13.66   -17.79
  10200.0   2638 1509/2211   13.55   13.79    ~0.41    ~1.70   2630   -17.52      5   -30.80      0        -      0        -      3    -1.28       382      169   -13.74   -17.79
  10300.0   2641 1493/2211   13.31   13.68    ~0.41    ~1.71   2632   -17.51      6   -34.61      0        -      0        -      3    -1.11       406      168   -14.01   -17.77
  10400.0   2648 1521/2211   13.11   13.67    ~0.41    ~1.68   2639   -17.51      6   -33.72      0        -      0        -      3    -0.99       398      166   -14.19   -17.76
  10500.0   2646 1481/2211   13.31   13.77    ~0.40    ~1.63   2636   -17.34      7   -32.35      0        -      0        -      3    -1.02       412      161   -13.50   -17.61
  10600.0   2628 1482/2211   13.29   13.87    ~0.41    ~1.72   2618   -17.32      7   -25.93      0        -      0        -      3    -1.09       420      161   -13.78   -17.56
  10700.0   2635 1518/2211   12.95   13.65    ~0.42    ~1.69   2625   -17.64      7   -27.09      0        -      0        -      3    -0.83       408      158   -13.73   -17.90
  10800.0   2632 1496/2211   12.87   13.60    ~0.43    ~1.74   2622   -17.71      7   -27.85      0        -      0        -      3    -0.74       387      155   -13.83   -17.96
  10900.0   2627 1463/2211   12.98   13.71    ~0.41    ~1.68   2617   -17.57      7   -27.23      0        -      0        -      3    -0.89       412      153   -13.89   -17.80
  11000.0   2633 1479/2211   12.99   13.60    ~0.41    ~1.80   2623   -17.57      7   -30.97      0        -      0        -      3    -0.97       422      153   -14.11   -17.80
  11100.0   2629 1485/2211   13.02   13.49    ~0.41    ~1.78   2619   -17.59      7   -29.55      0        -      0        -      3    -0.94       420      151   -13.98   -17.83
  11200.0   2629 1481/2211   13.10   13.51    ~0.42    ~1.69   2618   -17.41      8   -25.87      0        -      0        -      3    -0.87       384      151   -13.86   -17.63
  11300.0   2630 1468/2211   13.38   13.64    ~0.40    ~1.75   2619   -17.49      8   -14.40      0        -      0        -      3    -0.99       401      145   -12.94   -17.73
  11400.0   2628 1493/2211   13.49   13.39    ~0.43    ~1.65   2616   -17.39      9   -15.97      0        -      0        -      3    -1.04       405      144   -13.05   -17.62
  11500.0   2630 1475/2211   13.29   13.26    ~0.41    ~1.77   2618   -17.46      9   -16.68      0        -      0        -      3    -0.87       397      140   -13.24   -17.68
  11600.0   2626 1482/2211   13.17   13.35    ~0.43    ~1.74   2614   -17.40      9   -18.98      0        -      0        -      3    -0.72       419      139   -12.89   -17.63
  11700.0   2629 1497/2211   13.00   13.48    ~0.44    ~1.68   2617   -17.36      9   -18.97      0        -      0        -      3    -0.73       411      137   -12.80   -17.60
  11800.0   2619 1458/2211   13.17   13.44    ~0.44    ~1.61   2607   -17.41      9   -16.39      0        -      0        -      3    -0.94       424      134   -12.70   -17.64
  11900.0   2622 1485/2211   13.08   13.41    ~0.41    ~1.62   2610   -17.18      9   -16.00      0        -      0        -      3    -0.72       401      131   -12.20   -17.42
  12000.0   2627 1475/2211   13.26   13.39    ~0.43    ~1.63   2615   -17.18      9   -17.73      0        -      0        -      3    -0.65       387      130   -12.31   -17.42
  12100.0   2617 1479/2211   13.47   13.53    ~0.41    ~1.72   2605   -17.22      9   -20.99      0        -      0        -      3    -0.89       403      127   -12.27   -17.46
  12200.0   2621 1490/2211   13.58   13.50    ~0.40    ~1.76   2609   -17.22      9   -19.51      0        -      0        -      3    -1.09       407      127   -12.34   -17.46
  12300.0   2621 1468/2211   13.64   13.41    ~0.39    ~1.70   2609   -17.08      9   -17.54      0        -      0        -      3    -0.78       397      123   -11.43   -17.34
  12400.0   2621 1502/2211   13.57   13.27    ~0.41    ~1.71   2608   -17.16     10   -20.58      0        -      0        -      3    -0.88       398      121   -11.36   -17.44
  12500.0   2602 1491/2211   13.74   13.42    ~0.42    ~1.74   2589   -17.19     10   -20.30      0        -      0        -      3    -1.17       403      118   -11.73   -17.44
  12600.0   2601 1504/2211   13.56   13.22    ~0.43    ~1.75   2588   -16.98     10   -23.25      0        -      0        -      3    -1.00       395      114   -11.02   -17.26
  12700.0   2604 1518/2211   13.21   12.96    ~0.43    ~1.75   2590   -16.89     11   -23.40      0        -      0        -      3    -0.67       363      111   -10.16   -17.20
  12800.0   2605 1487/2211   13.28   13.15    ~0.43    ~1.74   2589   -16.87     13   -25.70      0        -      0        -      3    -0.71       377      111    -9.86   -17.20
  12900.0   2603 1492/2211   13.77   13.46    ~0.41    ~1.75   2586   -16.81     14   -25.66      0        -      0        -      3    -1.45       378      110   -10.16   -17.13
  13000.0   2611 1487/2211   13.66   13.36    ~0.43    ~1.70   2594   -16.72     14   -23.98      0        -      0        -      3    -0.96       362      107    -9.52   -17.05
  13100.0   2609 1522/2211   13.35   13.29    ~0.43    ~1.76   2592   -16.64     14   -24.82      0        -      0        -      3    -0.53       361      105    -9.22   -16.97
  13200.0   2609 1502/2211   13.76   13.65    ~0.42    ~1.76   2592   -16.81     14   -26.46      0        -      0        -      3    -1.00       381      104    -8.92   -17.17
  13300.0   2619 1488/2211   13.84   13.68    ~0.41    ~1.68   2601   -17.02     15   -26.15      0        -      0        -      3    -1.36       354      103    -9.34   -17.37
  13400.0   2608 1516/2211   13.63   13.24    ~0.43    ~1.72   2588   -16.72     17   -25.57      0        -      0        -      3    -0.73       344      100    -9.18   -17.06
  13500.0   2610 1501/2211   13.42   13.04    ~0.43    ~1.68   2590   -16.75     17   -26.01      0        -      0        -      3    -0.51       365       99    -8.86   -17.11
  13600.0   2605 1456/2211   13.91   13.33    ~0.41    ~1.63   2583   -16.95     19   -26.04      0        -      0        -      3    -1.49       409       98   -10.06   -17.27
  13700.0   2603 1472/2211   13.81   13.39    ~0.40    ~1.69   2580   -16.83     20   -26.21      0        -      0        -      3    -1.51       373       94    -9.21   -17.17
  13800.0   2608 1464/2211   13.21   13.09    ~0.42    ~1.70   2584   -16.72     21   -26.65      0        -      0        -      3    -2.88       332       93    -9.11   -17.07
  13900.0   2612 1484/2211   13.24   13.33    ~0.42    ~1.59   2586   -16.92     22   -27.85      0        -      0        -      4   -10.76       357       89    -8.50   -17.31
  14000.0   2610 1489/2211   13.26   13.76    ~0.42    ~1.70   2583   -17.20     23   -28.23      0        -      0        -      4   -11.15       356       87    -9.77   -17.55
  14100.0   2612 1504/2211   13.06   13.65    ~0.41    ~1.64   2581   -17.02     27   -28.58      0        -      0        -      4   -10.32       346       86    -8.65   -17.42
  14200.0   2610 1484/2211   12.73   13.15    ~0.41    ~1.69   2578   -17.00     28   -27.87      0        -      0        -      4   -10.73       357       85    -8.82   -17.39
  14300.0   2609 1458/2211   13.03   13.44    ~0.41    ~1.67   2576   -17.05     30   -29.64      0        -      0        -      3    -4.48       339       81    -8.18   -17.47
  14400.0   2605 1460/2211   13.10   13.79    ~0.39    ~1.64   2569   -17.18     33   -29.98      0        -      0        -      3    -5.99       376       79    -8.91   -17.60
  14500.0   2606 1475/2211   12.64   13.34    ~0.43    ~1.74   2564   -16.96     39   -30.40      0        -      0        -      3    -3.53       376       77    -8.11   -17.42
  14600.0   2611 1475/2211   12.33   13.19    ~0.40    ~1.71   2565   -17.08     42   -30.91      0        -      0        -      4   -10.05       363       76    -8.60   -17.55
  14700.0   2608 1491/2211   12.70   13.47    ~0.42    ~1.65   2559   -16.88     45   -31.48      0        -      0        -      4   -11.04       348       76    -9.28   -17.36
  14800.0   2592 1473/2211   12.86   13.54    ~0.42    ~1.73   2543   -16.86     45   -30.59      0        -      0        -      4   -11.03       350       72    -9.40   -17.31
  14900.0   2594 1471/2211   12.62   13.08    ~0.43    ~1.70   2541   -17.13     49   -30.60      0        -      0        -      4    -9.82       350       71    -9.05   -17.60
  15000.0   2598 1467/2211   12.86   13.14    ~0.43    ~1.72   2539   -17.20     55   -31.62      0        -      0        -      4    -8.31       354       71    -9.17   -17.73
  15100.0   2608 1446/2211   13.14   13.72    ~0.42    ~1.74   2544   -17.48     60   -33.52      0        -      0        -      4    -2.39       370       68    -9.43   -18.05
  15200.0   2612 1459/2211   12.79   13.75    ~0.41    ~1.67   2543   -17.71     65   -34.01      0        -      0        -      4    -7.55       359       66    -8.95   -18.34
  15300.0   2615 1488/2211   12.71   13.57    ~0.40    ~1.67   2541   -17.75     70   -33.92      0        -      0        -      4    -8.95       346       66    -9.57   -18.40
  15400.0   2614 1496/2211   13.00   13.68    ~0.41    ~1.66   2533   -17.63     77   -34.47      0        -      0        -      4    -9.21       362       65    -9.13   -18.34
  15500.0   2612 1468/2211   13.49   13.64    ~0.42    ~1.72   2524   -17.49     84   -35.74      0        -      0        -      4    -4.71       361       65    -9.34   -18.28
  15600.0   2615 1503/2211   13.32   13.59    ~0.42    ~1.70   2518   -17.37     93   -35.66      0        -      0        -      4    -8.24       369       65    -8.80   -18.24
  15700.0   2612 1492/2211   13.17   13.55    ~0.40    ~1.75   2510   -17.45     98   -34.78      0        -      0        -      4   -12.43       354       62    -9.22   -18.31
  15800.0   2622 1522/2211   13.41   13.70    ~0.42    ~1.73   2516   -17.65    102   -34.61      0        -      0        -      4   -14.15       333       61    -9.81   -18.50
  15900.0   2623 1504/2211   13.42   13.74    ~0.41    ~1.72   2511   -17.49    108   -34.93      0        -      0        -      4   -13.63       364       59    -9.27   -18.41
  16000.0   2618 1523/2211   13.29   13.66    ~0.42    ~1.82   2497   -17.27    117   -35.43      0        -      0        -      4   -12.86       348       58    -8.95   -18.29
  16100.0   2625 1514/2211   13.14   13.56    ~0.42    ~1.74   2497   -17.32    124   -35.10      0        -      0        -      4   -12.57       343       58    -9.37   -18.35
  16200.0   2621 1482/2211   13.19   13.73    ~0.44    ~1.76   2488   -17.18    129   -36.10      0        -      0        -      4   -13.19       335       56    -9.74   -18.29
  16300.0   2612 1473/2211   13.18   13.71    ~0.42    ~1.78   2468   -17.20    140   -36.00      0        -      0        -      4   -11.28       343       54    -8.78   -18.40
  16400.0   2622 1515/2211   13.12   13.68    ~0.43    ~1.77   2466   -17.24    152   -36.58      0        -      0        -      4    -9.76       306       54    -9.16   -18.54
  16500.0   2624 1496/2211   13.07   13.67    ~0.42    ~1.78   2463   -17.50    157   -35.50      0        -      0        -      4    -8.77       347       52    -9.90   -18.74
  16600.0   2631 1489/2211   13.13   13.55    ~0.40    ~1.68   2466   -17.47    162   -36.18      0        -      0        -      3    -1.99       342       52    -9.96   -18.78
  16700.0   2625 1513/2211   13.12   13.69    ~0.41    ~1.78   2453   -17.32    169   -36.64      0        -      0        -      3    -5.48       345       52    -9.62   -18.73
  16800.0   2621 1502/2211   13.01   13.76    ~0.41    ~1.72   2439   -17.57    179   -35.29      0        -      0        -      3   -10.22       332       51    -9.27   -18.96
  16900.0   2634 1476/2211   13.14   13.75    ~0.42    ~1.74   2449   -17.78    183   -33.95      0        -      0        -      2    -0.40       376       50    -9.46   -19.08
  17000.0   2634 1503/2211   13.32   13.70    ~0.42    ~1.75   2444   -17.79    188   -33.92      0        -      0        -      2    -0.33       372       49    -9.18   -19.12
  17100.0   2631 1486/2211   13.56   13.66    ~0.40    ~1.76   2433   -17.65    196   -34.46      0        -      0        -      2    -0.27       354       49    -9.10   -19.07
  17200.0   2636 1499/2211   13.55   13.41    ~0.42    ~1.71   2433   -17.59    201   -33.97      0        -      0        -      2    -0.31       368       49    -9.10   -19.01
  17300.0   2632 1492/2211   13.54   13.22    ~0.41    ~1.71   2424   -17.77    206   -33.35      0        -      0        -      2    -0.33       349       47    -8.40   -19.17
  17400.0   2625 1480/2211   13.73   13.23    ~0.42    ~1.73   2411   -17.92    212   -31.36      0        -      0        -      2    -0.33       324       46    -8.36   -19.19
  17500.0   2626 1493/2211   13.70   13.46    ~0.43    ~1.77   2404   -17.75    220   -32.53      0        -      0        -      2    -0.36       381       44    -7.12   -19.18
  17600.0   2625 1498/2211   13.40   13.41    ~0.40    ~1.73   2398   -18.03    225   -30.76      0        -      0        -      2    -0.40       378       42    -7.86   -19.29
  17700.0   2626 1488/2211   13.26   13.51    ~0.41    ~1.72   2395   -18.04    229   -31.05      0        -      0        -      2    -0.36       328       39    -7.43   -19.33
  17800.0   2625 1493/2211   13.33   13.61    ~0.42    ~1.75   2385   -17.82    238   -32.16      0        -      0        -      2    -0.34       330       39    -7.19   -19.29
  17900.0   2633 1485/2211   13.36   13.58    ~0.43    ~1.77   2388   -18.09    243   -30.94      0        -      0        -      2    -0.36       321       39    -7.99   -19.44
  18000.0   2635 1505/2211   13.31   13.31    ~0.44    ~1.76   2383   -18.45    250   -29.27      0        -      0        -      2    -0.27       317       39    -7.90   -19.64
  18100.0   2633 1529/2211   13.53   13.22    ~0.44    ~1.78   2374   -18.66    257   -29.56      0        -      0        -      2    -0.26       331       37    -9.03   -19.86
  18200.0   2623 1486/2211   13.67   13.47    ~0.43    ~1.79   2358   -18.66    263   -29.57      0        -      0        -      2    -0.31       332       37    -9.78   -19.89
  18300.0   2626 1517/2211   13.58   13.37    ~0.43    ~1.80   2353   -18.61    271   -29.59      0        -      0        -      2    -0.34       308       37    -9.17   -19.88
  18400.0   2627 1486/2211   13.32   13.24    ~0.41    ~1.74   2347   -18.73    278   -28.78      0        -      0        -      2    -0.31       303       35    -8.62   -19.93
  18500.0   2621 1497/2211   13.37   13.31    ~0.42    ~1.64   2333   -18.56    286   -29.73      0        -      0        -      2    -0.36       307       35    -8.34   -19.92
  18600.0   2621 1473/2211   13.25   13.58    ~0.41    ~1.72   2325   -18.61    294   -29.89      0        -      0        -      2    -0.47       326       35    -8.75   -20.02
  18700.0   2624 1521/2211   12.95   13.47    ~0.44    ~1.78   2317   -18.82    305   -27.83      0        -      0        -      2    -0.33       324       35    -9.86   -19.99
  18800.0   2630 1507/2211   12.97   13.24    ~0.42    ~1.71   2315   -18.73    313   -28.34      0        -      0        -      2    -0.27       291       34    -9.87   -19.99
  18900.0   2626 1468/2211   13.02   13.34    ~0.42    ~1.78   2301   -18.27    323   -30.37      0        -      0        -      2    -0.29       332       33    -9.18   -19.88
  19000.0   2623 1506/2211   12.99   13.38    ~0.41    ~1.73   2288   -18.33    333   -30.36      0        -      0        -      2    -0.32       319       33    -9.34   -19.97
  19100.0   2611 1463/2211   12.72   13.21    ~0.41    ~1.78   2263   -18.38    346   -30.27      0        -      0        -      2    -0.21       310       32    -9.35   -20.08
  19200.0   2620 1506/2211   12.88   13.28    ~0.41    ~1.71   2258   -18.40    360   -30.09      0        -      0        -      2    -0.23       333       32    -8.82   -20.13
  19300.0   2605 1497/2211   13.13   13.49    ~0.42    ~1.76   2226   -18.76    377   -28.31      0        -      0        -      2    -0.40       347       31    -8.94   -20.26
  19400.0   2604 1498/2211   12.94   13.55    ~0.41    ~1.67   2203   -18.38    399   -29.16      0        -      0        -      2    -0.39       339       30    -8.98   -20.15
  19500.0   2603 1513/2211   12.73   13.51    ~0.42    ~1.80   2182   -18.23    418   -29.25      0        -      0        -      3   -14.75       335       30    -9.04   -20.12
  19600.0   2601 1489/2211   12.83   13.63    ~0.44    ~1.78   2155   -17.92    444   -29.74      0        -      0        -      2    -0.37       319       26    -6.69   -20.06
  19700.0   2595 1480/2211   13.03   13.64    ~0.42    ~1.80   2127   -17.79    466   -29.41      0        -      0        -      2    -0.45       336       26    -6.95   -20.00
  19800.0   2597 1497/2211   12.91   13.48    ~0.42    ~1.73   2105   -17.53    490   -30.15      0        -      0        -      2    -0.29       337       26    -6.72   -20.03
  19900.0   2598 1521/2211   12.92   13.46    ~0.43    ~1.82   2086   -17.39    510   -30.37      0        -      0        -      2    -0.23       322       26    -7.05   -20.05
  20000.0   2604 1485/2211   13.05   13.64    ~0.42    ~1.80   2068   -17.32    534   -30.11      0        -      0        -      2    -0.27       319       26    -7.44   -20.06
  20100.0   2602 1505/2211   13.12   13.77    ~0.43    ~1.75   2049   -17.45    551   -29.51      0        -      0        -      2    -0.32       315       25    -7.65   -20.11
  20200.0   2613 1502/2211   13.06   13.65    ~0.43    ~1.82   2044   -17.23    567   -29.57      0        -      0        -      2    -0.27       315       25    -7.46   -20.02
  20300.0   2605 1487/2211   13.06   13.77    ~0.43    ~1.78   2009   -16.88    594   -30.14      0        -      0        -      2    -0.32       313       25    -7.67   -20.01
  20400.0   2608 1486/2211   13.09   13.94    ~0.42    ~1.77   1994   -17.05    612   -29.72      0        -      0        -      2    -0.43       327       24    -7.34   -20.13
  20500.0   2601 1510/2211   13.12   13.83    ~0.42    ~1.77   1969   -17.03    630   -29.17      0        -      0        -      2    -0.44       340       22    -7.58   -20.06
  20600.0   2600 1507/2211   13.19   13.73    ~0.40    ~1.81   1951   -17.34    647   -27.94      0        -      0        -      2    -0.36       325       22    -7.04   -20.08
  20700.0   2595 1515/2211   13.12   13.74    ~0.41    ~1.78   1929   -17.04    664   -28.10      0        -      0        -      2    -0.32       317       19    -6.59   -19.95
  20800.0   2597 1513/2211   13.03   13.77    ~0.42    ~1.80   1916   -16.95    679   -28.13      0        -      0        -      2    -0.32       308       19    -5.91   -19.96
  20900.0   2592 1526/2211   12.98   13.72    ~0.44    ~1.87   1893   -16.96    696   -27.75      0        -      0        -      3   -11.39       327       19    -5.95   -19.96
  21000.0   2597 1490/2211   13.01   13.70    ~0.44    ~1.85   1884   -17.14    710   -27.62      0        -      0        -      3   -11.69       314       18    -5.22   -20.11
  21100.0   2602 1517/2211   13.10   13.60    ~0.44    ~1.87   1874   -16.90    726   -27.96      0        -      0        -      2    -0.27       328       17    -5.36   -20.07
  21200.0   2596 1491/2211   13.17   13.69    ~0.43    ~1.79   1848   -16.91    746   -27.56      0        -      0        -      2    -0.37       351       14    -6.92   -20.03
  21300.0   2598 1504/2211   13.22   13.68    ~0.42    ~1.73   1835   -16.88    761   -27.49      0        -      0        -      2    -0.42       336       14    -7.01   -20.05
  21400.0   2594 1505/2211   13.14   13.82    ~0.43    ~1.79   1819   -16.99    773   -27.72      0        -      0        -      2    -0.41       332       11    -7.01   -20.23
  21500.0   2598 1497/2211   13.18   13.76    ~0.42    ~1.81   1806   -16.92    790   -27.74      0        -      0        -      2    -0.37       305       11    -6.94   -20.25
  21600.0   2595 1484/2211   13.21   13.67    ~0.42    ~1.87   1789   -16.95    804   -27.59      0        -      0        -      2    -0.42       356       11    -7.36   -20.29
  21700.0   2599 1514/2211   13.18   13.62    ~0.43    ~1.82   1778   -16.92    819   -27.47      0        -      0        -      2    -0.39       295       10    -6.62   -20.29
  21800.0   2594 1522/2211   13.20   13.48    ~0.42    ~1.85   1761   -16.83    831   -27.09      0        -      0        -      2    -0.24       307        9    -8.18   -20.15
  21900.0   2608 1524/2211   13.11   13.60    ~0.43    ~1.84   1764   -16.71    842   -27.20      0        -      0        -      2    -0.25       308        7    -9.68   -20.11
  22000.0   2604 1503/2211   13.10   13.69    ~0.44    ~1.83   1748   -16.55    854   -27.19      0        -      0        -      2    -0.35       326        6   -10.63   -20.05
  22100.0   2606 1510/2211   12.99   13.77    ~0.43    ~1.83   1738   -16.30    866   -27.32      0        -      0        -      2    -0.38       333        5   -13.18   -19.96
  22200.0   2599 1503/2211   12.81   13.73    ~0.40    ~1.82   1716   -15.95    881   -27.69      0        -      0        -      2    -0.28       327        5   -12.95   -19.93
  22300.0   2605 1508/2211   12.86   13.89    ~0.43    ~1.79   1704   -16.15    899   -27.68      0        -      0        -      2    -0.42       313        5   -12.84   -20.13
  22400.0   2606 1493/2211   12.93   14.03    ~0.43    ~1.80   1696   -16.40    908   -27.61      0        -      0        -      2    -0.59       322        3    -7.70   -20.31
  22500.0   2607 1491/2211   13.03   13.91    ~0.44    ~1.79   1692   -16.24    913   -27.55      0        -      0        -      2    -0.39       349        3    -7.51   -20.20
  22600.0   2616 1488/2211   13.03   13.74    ~0.41    ~1.82   1695   -16.14    919   -27.66      0        -      0        -      2    -0.27       337        1     0.15   -20.18
  22700.0   2614 1508/2211   13.20   13.73    ~0.43    ~1.76   1688   -16.15    923   -27.65      0        -      0        -      3    -8.18       354        1     0.31   -20.21
  22800.0   2616 1487/2211   13.33   13.67    ~0.41    ~1.79   1684   -16.03    929   -27.78      0        -      0        -      3    -6.79       362        1    -0.10   -20.20
  22900.0   2610 1503/2211   13.11   13.46    ~0.45    ~1.80   1673   -15.73    935   -28.07      0        -      0        -      2    -5.20       354        1     0.08   -20.15
  23000.0   2614 1473/2211   13.11   13.38    ~0.42    ~1.82   1668   -15.67    944   -28.30      0        -      0        -      2    -6.72       320        1     0.21   -20.23
  23100.0   2615 1499/2211   13.40   13.49    ~0.42    ~1.80   1657   -15.62    956   -28.36      0        -      0        -      2    -5.45       344        1    -0.05   -20.28
  23200.0   2616 1513/2211   13.43   13.41    ~0.43    ~1.77   1652   -15.55    962   -28.55      0        -      0        -      2    -7.67       338        1     0.15   -20.33
  23300.0   2620 1486/2211   13.34   13.25    ~0.43    ~1.84   1649   -15.65    969   -28.62      0        -      0        -      2    -9.06       348        1     0.20   -20.45
  23400.0   2612 1497/2211   13.38   13.32    ~0.41    ~1.72   1632   -15.82    978   -28.62      0        -      0        -      2   -11.96       365        1    -0.06   -20.62
  23500.0   2614 1504/2211   13.33   13.40    ~0.42    ~1.78   1629   -15.89    983   -28.78      0        -      0        -      2   -13.41       350        1     0.07   -20.75
  23600.0   2607 1472/2211   13.12   13.29    ~0.42    ~1.73   1613   -15.87    992   -28.65      0        -      0        -      2   -11.54       313        1     0.22   -20.73
  23700.0   2611 1524/2211   12.96   13.24    ~0.43    ~1.79   1612   -16.19    997   -28.29      0        -      0        -      2    -9.79       321        1    -0.09   -20.82
  23800.0   2604 1509/2211   13.11   13.41    ~0.43    ~1.81   1601   -15.65   1001   -28.32      0        -      0        -      2    -8.25       300        1    -0.02   -20.52
  23900.0   2609 1504/2211   13.20   13.52    ~0.42    ~1.76   1598   -15.58   1009   -28.41      0        -      0        -      2    -7.54       300        1     0.19   -20.54
  24000.0   2609 1507/2211   13.21   13.42    ~0.43    ~1.85   1593   -15.71   1014   -28.61      0        -      0        -      2    -5.54       288        1    -0.14   -20.72
  24100.0   2606 1505/2211   13.34   13.45    ~0.42    ~1.77   1586   -15.77   1018   -28.55      0        -      0        -      2    -5.42       318        1     0.00   -20.77
  24200.0   2594 1489/2211   13.58   13.58    ~0.44    ~1.85   1569   -15.93   1023   -28.27      0        -      0        -      2    -3.29       343        1     0.14   -20.80
  24300.0   2590 1502/2211   13.44   13.51    ~0.42    ~1.81   1571   -15.80   1017   -28.51      0        -      0        -      2    -2.02       341        1    -0.08   -20.79
  24400.0   2594 1487/2211   13.29   13.10    ~0.41    ~1.83   1578   -15.83   1013   -28.49      0        -      0        -      3   -13.93       257        1     0.00   -20.78
  24500.0   2592 1507/2211   13.11   13.35    ~0.43    ~1.78   1587   -15.84   1003   -28.64      0        -      0        -      2    -2.41       282        1     0.28   -20.79
  24600.0   2582 1532/2211   13.10   13.44    ~0.42    ~1.88   1592   -15.81    988   -28.32      0        -      0        -      2    -3.77       297        1    -0.09   -20.59
  24700.0   2585 1510/2211   13.10   13.19    ~0.44    ~1.79   1598   -15.91    985   -28.41      0        -      0        -      2    -4.01       297        1     0.00   -20.67
  24800.0   2584 1510/2211   12.96   13.06    ~0.42    ~1.79   1614   -16.49    968   -27.95      0        -      0        -      2    -3.35       282        1     0.18   -20.78
  24900.0   2578 1506/2211   13.10   13.15    ~0.44    ~1.77   1633   -16.32    943   -27.78      0        -      0        -      2    -6.98       287        1    -0.10   -20.51
  25000.0   2569 1464/2211   12.96   13.24    ~0.44    ~1.86   1652   -16.53    915   -27.28      0        -      0        -      2    -7.98       282        1     0.04   -20.36
  25100.0   2560 1483/2211   12.82   13.25    ~0.43    ~1.78   1682   -16.80    876   -27.63      0        -      0        -      2    -6.11       284        1     0.17   -20.50
  25200.0   2556 1501/2211   12.96   13.33    ~0.43    ~1.72   1708   -16.99    845   -27.79      0        -      0        -      3   -14.79       325        1    -0.08   -20.57
  25300.0   2541 1484/2211   13.02   13.57    ~0.43    ~1.79   1728   -16.99    811   -27.56      0        -      0        -      2    -8.23       356        0        -   -20.35
  25400.0   2523 1483/2211   12.86   13.68    ~0.44    ~1.80   1740   -17.08    781   -27.18      0        -      0        -      2   -10.14       318        0        -   -20.20
  25500.0   2509 1468/2211   12.93   13.49    ~0.42    ~1.87   1766   -16.98    741   -26.78      0        -      0        -      2    -8.30       302        0        -   -19.87
  25600.0   2495 1442/2211   12.95   13.54    ~0.43    ~1.85   1803   -17.14    690   -26.34      0        -      0        -      2   -12.57       322        0        -   -19.68
  25700.0   2495 1465/2211   12.92   13.60    ~0.44    ~1.83   1845   -17.31    648   -26.48      0        -      0        -      2    -7.00       331        0        -   -19.68
  25800.0   2471 1442/2211   12.88   13.68    ~0.44    ~1.78   1882   -17.42    587   -26.08      0        -      0        -      2    -5.83       310        0        -   -19.47
  25900.0   2464 1467/2211   12.74   13.71    ~0.44    ~1.77   1933   -17.28    529   -25.61      0        -      0        -      2    -5.26       280        0        -   -19.06
  26000.0   2442 1422/2211   12.70   13.64    ~0.43    ~1.73   1989   -17.71    451   -25.16      0        -      0        -      2    -2.50       293        0        -   -19.08
  26100.0   2418 1428/2211   12.75   13.79    ~0.46    ~1.80   2045   -17.56    371   -24.23      0        -      0        -      2    -2.31       285        0        -   -18.57
  26200.0   2366 1426/2211   12.86   13.83    ~0.46    ~1.75   2095   -17.39    269   -24.83      0        -      0        -      2    -8.48       313        0        -   -18.23
  26300.0   2349 1411/2211   12.81   13.78    ~0.43    ~1.73   2158   -17.29    189   -25.33      0        -      0        -      2   -12.17       316        0        -   -17.93
  26400.0   2353 1372/2211   12.66   14.02    ~0.43    ~1.71   2225   -17.34    126   -25.23      0        -      0        -      2   -11.84       340        0        -   -17.76
  26500.0   2349 1406/2211   13.24   14.17    ~0.45    ~1.75   2269   -17.62     78   -27.39      0        -      0        -      2   -15.74       302        0        -   -17.94
  26600.0   2389 1435/2211   12.92   14.07    ~0.44    ~1.71   2328   -17.66     59   -26.33      0        -      0        -      2   -18.32       311        0        -   -17.88
  26700.0   2426 1415/2211   12.60   13.80    ~0.42    ~1.69   2378   -17.98     47   -25.26      0        -      0        -      1   -35.02       293        0        -   -18.13
  26800.0   2449 1434/2211   12.76   13.85    ~0.43    ~1.73   2410   -18.23     38   -25.95      0        -      0        -      1   -37.15       328        0        -   -18.36
  26900.0   2459 1434/2211   12.93   13.79    ~0.44    ~1.69   2434   -18.59     24   -28.33      0        -      0        -      1   -32.22       306        0        -   -18.69
  27000.0   2461 1436/2211   12.88   13.65    ~0.42    ~1.68   2441   -18.28     19   -28.51      0        -      0        -      1   -31.22       326        0        -   -18.36
  27100.0   2456 1451/2211   12.51   13.55    ~0.45    ~1.74   2438   -18.13     17   -28.90      0        -      0        -      1   -29.13       316        0        -   -18.21
  27200.0   2452 1449/2211   12.85   13.83    ~0.42    ~1.74   2437   -17.78     14   -30.86      0        -      0        -      1   -38.10       319        0        -   -17.87
  27300.0   2446 1446/2211   13.04   13.99    ~0.46    ~1.75   2433   -17.69     12   -29.77      0        -      0        -      1   -43.09       313        0        -   -17.76
  27400.0   2458 1434/2211   12.76   13.61    ~0.43    ~1.81   2446   -17.71     11   -32.08      0        -      0        -      1   -38.82       336        0        -   -17.78
  27500.0   2464 1441/2211   12.88   13.28    ~0.43    ~1.76   2454   -17.83      9   -29.04      0        -      0        -      1   -37.64       313        0        -   -17.87
  27600.0   2460 1445/2211   13.13   13.43    ~0.44    ~1.75   2449   -17.33      9   -30.60      0        -      0        -      2   -25.54       330        0        -   -17.39
  27700.0   2470 1439/2211   13.22   13.42    ~0.41    ~1.79   2461   -17.30      7   -28.24      0        -      0        -      2   -25.55       328        0        -   -17.33
  27800.0   2487 1452/2211   12.83   13.14    ~0.46    ~1.77   2478   -18.22      7   -28.60      0        -      0        -      2   -22.67       318        0        -   -18.25
  27900.0   2499 1445/2211   13.00   13.16    ~0.43    ~1.76   2491   -18.19      6   -28.69      0        -      0        -      2   -23.13       307        0        -   -18.22
  28000.0   2499 1451/2211   13.10   13.35    ~0.45    ~1.76   2492   -17.77      5   -25.95      0        -      0        -      2   -27.55       314        0        -   -17.79
  28100.0   2494 1452/2211   13.00   13.24    ~0.44    ~1.70   2487   -17.73      5   -26.83      0        -      0        -      2   -29.14       297        0        -   -17.76
  28200.0   2495 1455/2211   13.10   13.14    ~0.43    ~1.77   2488   -18.13      5   -25.77      0        -      0        -      2   -26.88       289        0        -   -18.15
  28300.0   2494 1475/2211   13.42   13.19    ~0.43    ~1.78   2487   -17.95      5   -22.21      0        -      0        -      2   -28.87       287        0        -   -17.97
  28400.0   2493 1442/2211   13.55   13.40    ~0.44    ~1.77   2485   -17.83      5   -26.62      0        -      0        -      3   -26.82       294        0        -   -17.86
  28500.0   2497 1467/2211   13.25   13.11    ~0.43    ~1.69   2491   -17.90      4   -23.84      0        -      0        -      2   -32.27       300        0        -   -17.92
  28600.0   2522 1450/2211   12.94   13.05    ~0.40    ~1.75   2515   -18.60      4   -24.04      0        -      0        -      3   -32.68       297        0        -   -18.62
  28700.0   2520 1440/2211   13.11   13.19    ~0.45    ~1.76   2515   -18.50      3   -38.22      0        -      0        -      2   -29.75       304        0        -   -18.53
  28800.0   2518 1478/2211   13.27   13.28    ~0.42    ~1.76   2513   -18.44      3   -40.05      0        -      0        -      2   -27.21       318        0        -   -18.47
  28900.0   2517 1470/2211   13.09   13.23    ~0.41    ~1.73   2511   -18.30      4   -33.01      0        -      0        -      2   -25.93       303        0        -   -18.33
  29000.0   2525 1459/2211   13.27   13.07    ~0.42    ~1.73   2519   -18.39      4   -30.47      0        -      0        -      2   -26.35       257        0        -   -18.42
  29100.0   2525 1459/2211   13.73   13.59    ~0.44    ~1.80   2519   -18.73      4   -29.63      0        -      0        -      2   -29.61       264        0        -   -18.75
  29200.0   2517 1438/2211   13.72   13.91    ~0.41    ~1.74   2511   -18.66      4   -29.12      0        -      0        -      2   -31.02       266        0        -   -18.69
  29300.0   2523 1436/2211   13.44   13.73    ~0.41    ~1.76   2517   -18.29      4   -27.03      0        -      0        -      2   -32.33       260        0        -   -18.31
  29400.0   2526 1456/2211   13.41   13.74    ~0.41    ~1.79   2520   -18.00      4   -26.67      0        -      0        -      2   -33.89       272        0        -   -18.03
  29500.0   2528 1473/2211   13.57   13.86    ~0.42    ~1.71   2522   -17.92      4   -27.87      0        -      0        -      2   -33.30       257        0        -   -17.95
  29600.0   2513 1455/2211   13.48   13.60    ~0.42    ~1.73   2507   -17.71      4   -27.59      0        -      0        -      2   -30.46       275        0        -   -17.74
  29700.0   2522 1459/2211   13.01   13.13    ~0.42    ~1.70   2516   -17.82      4   -26.92      0        -      0        -      2   -31.86       253        0        -   -17.85
  29800.0   2538 1474/2211   13.03   13.37    ~0.42    ~1.70   2532   -17.67      4   -25.88      0        -      0        -      2   -33.00       281        0        -   -17.70
  29900.0   2537 1493/2211   13.15   13.76    ~0.42    ~1.77   2532   -18.03      4   -21.04      0        -      0        -      1   -23.25       291        0        -   -18.04
  30000.0   2549 1472/2211   12.83   13.40    ~0.42    ~1.72   2544   -18.31      4   -20.72      0        -      0        -      1   -22.18       320        0        -   -18.31

300 of 300 samples printed
