== r39-s1  (**Ended:** budget reached.)
  t	alive	cols	cols abs	x sd	p0	p1	p2	p3	absorpt	inherit	jnt inh	mean m/s	diverged	wraps	crowded	stillb	births	mat blk	mat short	audit	mat resid	det cv	mat cv	det deep	corpses	floor low %	floor J	% on floor	floor con	refuge J	depth m
  1000	392	323/2211	1/2211	10.97	126	136	97	33	1	0	88	0.0645	0	0	0	0	380	40759	0	0.0000%	0	1.674	0.184	0.0545	69	5.6%	152.4	0.1%	0.767	39.8	-6.3
  2000	814	593/2211	1/2211	12.58	356	151	112	195	1	0	90	0.0962	0	0	0	0	817	120509	0	0.0000%	0	1.055	0.052	0.1652	84	11.9%	377.3	0.1%	2.404	72.6	-10.5
  3000	1084	807/2211	0/2211	13.19	228	290	307	259	0	0	87	0.0685	0	0	0	1	1116	147005	0	0.0000%	0	0.482	0.054	0.646	113	8.4%	1200.7	0.3%	0.783	383.8	-16.6
  4000	1394	986/2211	1/2211	13.25	288	391	367	348	1	0	76	0.0932	0	0	0	2	1543	170829	0	0.0000%	0	0.345	0.064	1.1558	165	18.1%	2359.9	0.4%	3.034	627.1	-16.6
  5000	1693	1146/2211	1/2211	13.79	414	459	439	381	1	0	51	0.0796	0	0	0	3	2109	187874	0	0.0000%	0	0.211	0.055	1.547	418	17.7%	3768.1	0.4%	3.06	935.2	-17.6
  6000	1828	1217/2211	1/2211	13.69	425	486	487	430	1	0	32	0.0505	0	0	0	9	2548	202402	0	0.0000%	0	0.132	0.054	2.2208	698	17.2%	5372.9	0.6%	2.639	1379.5	-18.4
  7000	1917	1250/2211	3/2211	13.24	487	502	472	456	3	1	22	0.0966	0	0	0	22	3071	195557	0	0.0000%	0	0.078	0.034	2.5219	1028	18.4%	6994.8	0.6%	1.15	1646.6	-19.5
  8000	1907	1232/2211	4/2211	13.31	476	461	484	486	4	1	9	0.08	0	0	0	28	3750	180474	0	0.0000%	0	0.074	0.06	3.1027	1488	19.1%	8452	0.6%	4.517	2013.1	-20.2
  9000	1905	1228/2211	36/2211	13.27	415	520	520	450	39	36	3	0.0773	0	0	0	37	4623	148097	0	0.0000%	0	0.099	0.046	3.6562	2063	20.4%	9644.1	0.7%	1.693	2328.8	-20.7
  10000	1896	1243/2211	98/2211	13.18	513	414	461	508	113	110	2	0.0766	0	0	0	53	5376	145923	0	0.0000%	0	0.136	0.048	3.6103	2373	21%	10507.5	0.7%	3.463	2296.2	-20.5
  11000	1868	1232/2211	227/2211	12.98	421	482	525	440	246	244	0	0.0948	0	0	0	64	5982	151355	0	0.0000%	0	0.133	0.055	3.2013	2350	21.5%	10022.1	0.7%	2.512	2392.4	-21.7
  12000	1904	1244/2211	435/2211	12.66	557	465	462	420	482	479	0	0.0944	0	0	0	79	6578	170648	0	0.0000%	0	0.151	0.019	2.5109	2040	24%	7955.5	0.7%	3.298	1819	-21.9
  13000	1962	1275/2211	566/2211	12.68	508	565	446	443	669	665	0	0.0719	0	0	0	89	7061	180460	0	0.0000%	0	0.201	0.053	1.3975	1680	27.1%	5126.6	0.5%	3.231	1021.5	-22.7
  14000	1994	1287/2211	661/2211	12.98	519	525	465	485	783	779	0	0.0851	0	0	0	102	7578	158175	0	0.0000%	0	0.25	0.048	1.075	1532	28.3%	3330.8	0.4%	2.639	583.4	-22.5
  15000	1915	1269/2211	516/2211	13.09	494	450	510	461	601	598	0	0.098	0	0	0	108	8278	104107	0	0.0000%	0	0.175	0.071	0.8741	1744	24.6%	2482.7	0.5%	2.068	539.4	-21.4
  16000	1783	1182/2211	127/2211	13.27	434	432	488	429	132	130	0	0.0751	0	0	0	116	9044	84414	0	0.0000%	0	0.097	0.074	1.0694	2197	20.8%	2623.8	0.6%	3.05	648.5	-19.3
  17000	1744	1152/2211	20/2211	13.37	408	429	495	412	20	20	0	0.0784	0	0	0	123	9638	94534	0	0.0000%	0	0.082	0.081	1.2518	2359	20.3%	3124.9	0.6%	1.946	768.7	-19.5
  18000	1790	1195/2211	6/2211	13.04	472	429	447	442	6	6	0	0.0913	0	0	0	129	10231	97570	0	0.0000%	0	0.084	0.099	1.4175	2173	20.2%	3819.8	0.6%	3.947	883.2	-18.8
  19000	1841	1220/2211	4/2211	13.16	489	491	448	413	4	2	0	0.0826	0	0	0	135	10864	113618	0	0.0000%	0	0.078	0.071	1.65	1810	20%	4483.7	0.6%	2.96	1017.6	-18.3
  20000	1866	1226/2211	2/2211	13.82	327	469	551	519	2	0	0	0.0775	0	0	0	147	11458	114305	0	0.0000%	0	0.086	0.079	2.1296	1750	20.1%	5375.3	0.7%	2.536	1324	-20.9
  21000	1789	1212/2211	4/2211	12.62	543	428	441	377	4	1	0	0.0878	0	0	0	151	12160	106585	0	0.0000%	0	0.111	0.161	2.3539	1978	20.3%	6580.2	0.7%	3.461	1602.1	-18.6
  22000	1841	1217/2211	6/2211	12.74	493	465	462	421	6	3	0	0.0919	0	0	0	153	12787	116691	0	0.0000%	0	0.113	0.114	2.5578	1965	20.4%	7222	0.7%	2.66	1729.2	-19.9
  23000	1874	1227/2211	15/2211	13.11	367	525	531	451	16	13	0	0.0905	0	0	0	155	13383	119447	0	0.0000%	0	0.128	0.083	3.2217	1984	20.5%	8181.4	0.7%	1.417	1992.8	-19.5
  24000	1884	1251/2211	51/2211	12.94	470	467	475	472	55	51	0	0.0641	0	0	0	162	13936	128254	0	0.0000%	0	0.144	0.054	3.1944	1723	21.3%	9146.8	0.7%	5.806	2133.9	-19
  25000	1880	1252/2211	129/2211	13.48	418	477	516	469	140	138	0	0.0774	0	0	0	174	14496	149276	0	0.0000%	0	0.153	0.027	2.9886	1725	20.2%	9651.5	0.8%	2.902	2277.8	-20
  26000	1924	1263/2211	241/2211	12.98	541	457	496	430	269	267	0	0.0992	0	0	0	183	15008	160679	0	0.0000%	0	0.162	0.043	1.1129	1617	22.5%	8627.9	0.6%	3.574	1721.7	-19.4
  27000	1981	1310/2211	331/2211	13.20	536	481	479	485	360	358	0	0.0827	0	0	0	189	15482	187067	0	0.0000%	0	0.148	0.02	1.9011	1492	24.2%	6763.8	0.5%	4.37	1287.3	-21.2
  28000	2008	1283/2211	406/2211	13.28	481	538	509	480	465	462	0	0.0783	0	0	0	195	16013	172084	0	0.0000%	0	0.154	0.029	1.8317	1427	23.5%	5742.8	0.7%	4.172	1322.7	-21.4
  29000	2027	1326/2211	494/2211	13.05	553	500	512	462	549	546	0	0.0799	0	0	0	199	16527	146695	0	0.0000%	0	0.176	0.04	1.2629	1457	27%	3773.5	0.5%	3.202	804	-21.8
  30000	1920	1266/2211	379/2211	12.97	520	493	462	445	428	425	0	0.0956	0	0	0	208	17182	103522	0	0.0000%	0	0.189	0.066	1.1783	1802	23.9%	3015.7	0.5%	2.064	623.8	-21.1
== r39-s2  (**Ended:** budget reached.)
  t	alive	cols	cols abs	x sd	p0	p1	p2	p3	absorpt	inherit	jnt inh	mean m/s	diverged	wraps	crowded	stillb	births	mat blk	mat short	audit	mat resid	det cv	mat cv	det deep	corpses	floor low %	floor J	% on floor	floor con	refuge J	depth m
  1000	321	277/2211	1/2211	9.55	42	109	108	62	1	0	71	0.0325	0	0	0	0	313	49004	0	0.0000%	0	2.387	0.181	0.0487	63	10%	115.9	0.1%	0.195	30.5	-3
  2000	613	497/2211	0/2211	13.33	76	155	185	197	0	0	73	0.0756	0	0	0	0	621	99553	0	0.0000%	0	1.255	0.067	0.158	79	10.7%	319.1	0.1%	1.473	90.3	-8.5
  3000	874	671/2211	0/2211	13.42	267	175	191	241	0	0	73	0.0786	0	0	0	0	918	132375	0	0.0000%	0	0.834	0.046	0.7556	115	11.7%	1302.5	0.2%	0.978	333.9	-11.4
  4000	1179	854/2211	2/2211	13.72	213	277	311	378	2	0	69	0.0842	0	0	0	0	1343	169725	0	0.0000%	0	0.576	0.047	1.0089	183	16.7%	2515.8	0.2%	2.966	529.4	-12.3
  5000	1567	1065/2211	6/2211	14.30	259	339	438	531	6	3	68	0.0749	0	0	0	0	1857	214599	0	0.0000%	0	0.387	0.035	2.054	289	15.7%	4449.6	0.4%	2.744	1146.7	-13.4
  6000	1762	1205/2211	15/2211	13.63	403	386	444	529	15	11	62	0.0579	0	0	0	0	2225	241086	0	0.0000%	0	0.328	0.03	3.1343	429	17%	6564.3	0.5%	5.808	1665.3	-13.4
  7000	1893	1215/2211	25/2211	13.85	336	410	491	656	26	22	47	0.0697	0	0	0	0	2610	254164	0	0.0000%	0	0.252	0.024	4.5146	573	18.4%	8866.4	0.5%	6.091	2225.4	-14.2
  8000	1957	1247/2211	76/2211	14.21	320	409	569	659	78	74	36	0.076	0	0	0	0	3129	254247	0	0.0000%	0	0.212	0.055	4.2585	904	22.4%	10609.2	0.5%	4.983	2416.2	-14.6
  9000	1935	1230/2211	228/2211	13.39	431	470	494	540	249	245	27	0.0644	0	0	0	0	3559	273038	0	0.0000%	0	0.247	0.025	4.5746	1201	21.7%	10127.4	0.5%	5.804	2336.8	-14.1
  10000	2005	1229/2211	326/2211	13.80	360	412	587	646	357	354	24	0.0464	0	0	0	0	3889	296370	0	0.0000%	0	0.357	0.018	3.9297	1224	21.8%	9026.5	0.5%	5.148	2058.8	-14.9
  11000	2072	1297/2211	397/2211	13.72	390	475	531	676	444	442	15	0.0623	0	0	0	0	4237	299702	0	0.0000%	0	0.408	0.018	2.728	1067	23.9%	7059.5	0.5%	7.067	1565.3	-15
  12000	2135	1294/2211	474/2211	13.72	411	468	607	649	535	534	7	0.079	0	0	0	0	4561	297098	0	0.0000%	0	0.423	0.032	1.8838	850	25%	5404.6	0.5%	3.804	1257.1	-16.3
  13000	2192	1297/2211	511/2211	14.16	412	448	609	723	584	583	2	0.0792	0	0	0	1	4891	277843	0	0.0000%	0	0.484	0.025	1.3059	846	25.6%	4018.8	0.4%	7.892	891.9	-17
  14000	2182	1323/2211	423/2211	13.84	492	519	494	677	478	478	1	0.0622	0	0	0	1	5389	246763	0	0.0000%	0	0.418	0.055	1.1374	1075	25.6%	3050.9	0.4%	5.889	651	-17.7
  15000	2106	1301/2211	175/2211	13.77	467	440	549	650	184	184	1	0.0897	0	0	0	1	6056	224332	0	0.0000%	0	0.375	0.038	1.4064	1562	22.4%	3367.5	0.5%	5.079	785.5	-17.2
  16000	2092	1290/2211	50/2211	13.38	479	489	517	607	51	49	1	0.0705	0	0	0	1	6644	217800	0	0.0000%	0	0.331	0.033	1.3913	1889	23%	3913.6	0.5%	3.216	864.5	-16.9
  17000	2091	1285/2211	18/2211	13.25	501	551	504	535	18	16	1	0.0637	0	0	0	1	7191	211205	0	0.0000%	0	0.264	0.056	1.7498	1976	23%	4502.4	0.5%	3.444	988.6	-17
  18000	2081	1280/2211	10/2211	13.65	397	433	577	674	10	7	0	0.0553	0	0	0	1	7854	197594	0	0.0000%	0	0.206	0.044	2.2451	1893	22.7%	5467.1	0.6%	3.149	1329.7	-16.8
  19000	2063	1234/2211	4/2211	14.05	369	417	510	767	4	2	0	0.0658	0	0	0	1	8634	179140	0	0.0000%	0	0.16	0.04	2.7033	2049	22.3%	6313.6	0.6%	5.03	1514.5	-16.9
  20000	2010	1262/2211	5/2211	13.32	466	443	529	572	5	3	0	0.0757	0	0	0	1	9262	176995	0	0.0000%	0	0.143	0.08	2.7989	2185	22.7%	7458.5	0.6%	3.618	1686.3	-15.6
  21000	2015	1272/2211	9/2211	13.84	413	470	522	610	9	7	0	0.064	0	0	0	1	9828	165058	0	0.0000%	0	0.122	0.075	3.8929	2092	22.5%	8882.3	0.7%	1.223	2215.1	-16.1
  22000	2061	1269/2211	24/2211	13.33	479	513	518	551	24	22	0	0.0579	0	0	0	1	10406	174189	0	0.0000%	0	0.11	0.054	3.6884	1828	23.7%	9945.2	0.7%	1.664	2306.1	-17
  23000	2035	1303/2211	62/2211	12.67	480	517	508	530	64	62	0	0.0973	0	0	0	1	10960	188269	0	0.0000%	0	0.115	0.058	3.7684	1713	24.6%	10396.4	0.6%	2.302	2336.3	-17
  24000	2069	1293/2211	189/2211	13.51	413	461	502	693	198	196	0	0.0738	0	0	0	1	11508	189391	0	0.0000%	0	0.109	0.036	4.1513	1666	24.6%	10500.7	0.7%	6.784	2633.9	-17.5
  25000	2106	1321/2211	307/2211	13.63	461	493	538	614	332	330	0	0.0687	0	0	0	2	11876	224972	0	0.0000%	0	0.134	0.044	3.5586	1461	27.1%	9253.6	0.6%	5.908	2309.8	-17.7
  26000	2168	1340/2211	401/2211	13.30	458	493	566	651	436	435	0	0.0872	0	0	0	2	12205	239865	0	0.0000%	0	0.174	0.016	2.9193	1160	28.6%	8430	0.6%	4.442	1926	-18.6
  27000	2227	1356/2211	506/2211	13.48	523	534	597	573	576	575	0	0.0709	0	0	0	2	12554	245142	0	0.0000%	0	0.213	0.02	2.9676	916	28.8%	7183.8	0.6%	4.124	1616.9	-19.2
  28000	2245	1369/2211	648/2211	12.84	626	535	516	568	793	792	0	0.0611	0	0	0	2	12979	232843	0	0.0000%	0	0.298	0.013	2.1833	983	28.1%	5216.1	0.6%	5.214	1297.6	-20
  29000	2262	1384/2211	758/2211	13.12	539	549	551	623	931	930	0	0.066	0	0	0	2	13375	209733	0	0.0000%	0	0.403	0.018	1.2812	1097	27.6%	3511.2	0.4%	5.342	786.8	-20.2
  30000	2276	1394/2211	782/2211	13.22	520	537	596	623	973	973	0	0.0644	0	0	0	2	13792	168550	0	0.0000%	0	0.561	0.012	0.9792	1208	27.2%	2463.2	0.4%	4.916	565.7	-20.3
== r39-s3  (**Ended:** budget reached.)
  t	alive	cols	cols abs	x sd	p0	p1	p2	p3	absorpt	inherit	jnt inh	mean m/s	diverged	wraps	crowded	stillb	births	mat blk	mat short	audit	mat resid	det cv	mat cv	det deep	corpses	floor low %	floor J	% on floor	floor con	refuge J	depth m
  1000	638	487/2211	4/2211	11.55	180	238	124	96	4	2	213	0.067	0	0	0	0	654	72766	0	0.0000%	0	1.586	0.149	0.1334	99	3%	238.9	0.2%	0.501	87.9	-9.5
  2000	1031	759/2211	3/2211	13.19	190	328	304	209	3	2	218	0.0473	0	0	0	0	1159	154806	0	0.0000%	0	0.993	0.062	1.0622	211	12.1%	1552	0.7%	1.991	731.7	-9.8
  3000	1471	916/2211	3/2211	11.42	590	285	300	296	3	2	213	0.0554	0	0	0	0	1828	205558	0	0.0000%	0	0.721	0.063	2.0358	440	18.9%	2662.5	0.5%	0.678	907	-12.2
  4000	1877	1157/2211	8/2211	13.53	397	502	489	489	8	5	192	0.0657	0	0	0	1	2434	246611	0	0.0000%	0	0.57	0.083	1.2942	558	18.1%	3406.3	0.4%	2.076	890.1	-10.2
  5000	2286	1337/2211	10/2211	13.62	455	530	658	643	10	6	185	0.0635	0	0	0	1	2955	315454	0	0.0000%	0	0.463	0.053	2.2114	561	17.8%	4761.3	0.4%	4.285	1192.1	-11.2
  6000	2442	1395/2211	15/2211	13.07	652	663	607	520	15	11	174	0.0622	0	0	0	8	3244	334695	0	0.0000%	0	0.362	0.06	2.7519	470	18.2%	6386.8	0.5%	3.592	1532.1	-12.1
  7000	2541	1445/2211	20/2211	13.60	431	732	725	653	20	16	166	0.0786	0	0	0	13	3454	346429	0	0.0000%	0	0.224	0.033	3.0686	384	18.9%	8181.2	0.5%	3.917	2042.8	-13.2
  8000	2602	1500/2211	22/2211	13.00	714	628	604	656	22	18	160	0.0797	0	0	0	16	3662	361735	0	0.0000%	0	0.109	0.028	3.6177	398	19.5%	10076.4	0.6%	2.776	2409.4	-15.7
  9000	2645	1486/2211	24/2211	13.32	540	674	681	750	24	20	146	0.0811	0	0	0	16	3916	358115	0	0.0000%	0	0.086	0.009	4.071	478	20.4%	11672.6	0.6%	4.322	2611	-16.4
  10000	2654	1469/2211	34/2211	13.30	562	660	734	698	34	30	140	0.0628	0	0	0	23	4222	352071	0	0.0000%	0	0.099	0.018	4.5513	663	20.7%	13367.4	0.7%	3.819	3144.8	-17.5
  11000	2662	1516/2211	72/2211	12.89	678	667	626	691	73	68	128	0.0689	0	0	0	24	4507	346760	0	0.0000%	0	0.126	0.028	4.8333	794	22.1%	14664.3	0.8%	1.453	3561.3	-17.4
  12000	2661	1503/2211	115/2211	13.45	567	644	717	733	121	117	116	0.0801	0	0	0	27	4774	351770	0	0.0000%	0	0.142	0.043	5.7758	860	23.2%	15022.4	0.7%	2.863	3602.3	-18.1
  13000	2663	1495/2211	178/2211	13.37	580	639	744	700	189	185	104	0.0723	0	0	0	28	5033	356007	0	0.0000%	0	0.146	0.021	4.834	811	23.2%	14961.5	0.7%	6.294	3247.1	-18.8
  14000	2654	1510/2211	235/2211	13.28	645	660	678	671	258	255	82	0.0611	0	0	0	33	5283	351007	0	0.0000%	0	0.147	0.015	4.479	797	24.5%	13525.7	0.6%	3.152	2760.6	-19.3
  15000	2653	1520/2211	321/2211	13.13	727	612	644	670	354	351	67	0.0582	0	0	0	33	5538	340680	0	0.0000%	0	0.149	0.036	4.6739	777	24.5%	13644.9	0.7%	5.256	2906.7	-19.5
  16000	2659	1529/2211	421/2211	13.19	663	674	645	677	480	478	57	0.0899	0	0	0	37	5784	344240	0	0.0000%	0	0.153	0.009	4.4835	761	24.6%	12809.9	0.7%	1.998	2987.1	-19.9
  17000	2659	1530/2211	516/2211	13.26	624	676	686	673	610	609	47	0.0687	0	0	0	39	6017	348593	0	0.0000%	0	0.15	0.022	3.8133	735	26.1%	11070.2	0.7%	5.211	2475.3	-19.9
  18000	2657	1549/2211	648/2211	13.53	603	606	748	700	781	780	38	0.0548	0	0	0	39	6275	339349	0	0.0000%	0	0.132	0.037	3.3373	736	26.5%	9406.7	0.6%	3.194	2025.7	-20.8
  19000	2679	1480/2211	746/2211	13.38	637	607	698	737	931	930	32	0.0914	0	0	0	42	6501	344627	0	0.0000%	0	0.137	0.01	2.8678	700	29.3%	7484.7	0.7%	3.552	1791.4	-21.3
  20000	2664	1515/2211	832/2211	13.46	621	658	707	678	1069	1067	26	0.0844	0	0	0	44	6715	329469	0	0.0000%	0	0.122	0.02	2.1753	699	28.3%	5829.9	0.6%	3.292	1396.3	-21.7
  21000	2670	1514/2211	908/2211	13.57	607	672	667	724	1201	1199	14	0.0645	0	0	0	46	6936	304247	0	0.0000%	0	0.114	0.021	1.6709	651	26.2%	4381.7	0.6%	4.945	980.2	-22
  22000	2660	1524/2211	942/2211	13.45	576	611	738	735	1276	1274	6	0.0789	0	0	0	50	7174	262752	0	0.0000%	0	0.113	0.014	1.3684	690	25.8%	3401.4	0.6%	4.822	822.7	-22.3
  23000	2624	1508/2211	944/2211	13.35	607	673	666	678	1266	1265	2	0.0742	0	0	0	51	7462	209743	0	0.0000%	0	0.107	0.061	0.9914	782	25.3%	2544.7	0.6%	5.498	609.6	-22.3
  24000	2536	1490/2211	846/2211	13.29	616	596	676	648	1057	1054	1	0.0801	0	0	0	51	7931	152125	0	0.0000%	0	0.117	0.034	0.8247	1125	23.5%	2147.9	0.6%	2.5	508	-21.9
  25000	2268	1373/2211	267/2211	13.44	529	562	585	592	283	283	1	0.0529	0	0	0	51	8760	121781	0	0.0000%	0	0.096	0.078	0.726	1980	22%	2078.4	0.6%	1.258	446	-20.6
  26000	2329	1426/2211	16/2211	13.14	591	598	574	566	16	15	1	0.0779	0	0	0	51	9556	129180	0	0.0000%	0	0.085	0.06	0.9019	2382	20.3%	2530.4	0.6%	3.166	615.8	-19.8
  27000	2382	1446/2211	6/2211	13.29	557	565	650	610	7	6	1	0.0968	0	0	0	52	9927	171975	0	0.0000%	0	0.076	0.03	1.1178	2134	20.5%	3014.1	0.6%	0.824	717.8	-19.1
  28000	2427	1469/2211	4/2211	13.06	670	633	578	546	4	3	1	0.071	0	0	0	54	10289	199503	0	0.0000%	0	0.083	0.034	1.2543	1356	21.1%	3474.6	0.6%	1.037	761.2	-19.6
  29000	2472	1464/2211	0/2211	13.29	641	613	570	648	0	0	1	0.0702	0	0	0	57	10647	210927	0	0.0000%	0	0.086	0.032	1.3881	944	20.8%	4075.4	0.6%	3.064	930.4	-19.4
  30000	2523	1467/2211	0/2211	13.57	563	630	648	682	0	0	1	0.1062	0	0	0	58	10997	225424	0	0.0000%	0	0.106	0.014	1.7544	933	21.9%	4780.2	0.7%	2.608	1162.2	-19.5
== r39-s4  (**Ended:** budget reached.)
  t	alive	cols	cols abs	x sd	p0	p1	p2	p3	absorpt	inherit	jnt inh	mean m/s	diverged	wraps	crowded	stillb	births	mat blk	mat short	audit	mat resid	det cv	mat cv	det deep	corpses	floor low %	floor J	% on floor	floor con	refuge J	depth m
  1000	743	546/2211	2/2211	10.50	247	281	142	73	2	0	355	0.0548	0	0	0	0	745	69704	0	0.0000%	0	1.953	0.179	0.074	83	8.9%	143.2	0.1%	1.069	35.3	-10.6
  2000	1365	968/2211	0/2211	13.43	256	382	365	362	0	0	350	0.0684	0	0	0	1	1483	156621	0	0.0000%	0	1.061	0.087	0.3227	199	14.2%	406.7	0.1%	1.606	106.1	-9.3
  3000	1749	1136/2211	1/2211	12.95	299	509	498	443	1	0	318	0.0584	0	0	0	8	1926	216633	0	0.0000%	0	0.665	0.059	0.5595	258	13.3%	1124.9	0.2%	2.882	267	-9.8
  4000	2133	1278/2211	2/2211	12.21	735	476	404	518	2	0	299	0.07	0	0	0	35	2377	253191	0	0.0000%	0	0.448	0.059	1.008	256	12%	2415.1	0.4%	4.415	773.8	-12.1
  5000	2502	1443/2211	2/2211	13.33	587	551	686	678	2	0	282	0.0944	0	0	0	62	2836	291119	0	0.0000%	0	0.292	0.034	1.6493	224	16.5%	3505.5	0.4%	5.457	919.4	-12.3
  6000	2624	1458/2211	2/2211	13.90	509	550	756	809	2	0	262	0.0637	0	0	0	115	3079	312969	0	0.0000%	0	0.174	0.048	2.5326	281	17.8%	5150.5	0.5%	4.996	1290.1	-15.1
  7000	2661	1482/2211	2/2211	12.74	597	645	675	744	2	0	243	0.0715	0	0	0	192	3252	313952	0	0.0000%	0	0.105	0.008	2.7835	355	19.3%	6646.7	0.6%	4.592	1645.2	-16.5
  8000	2687	1512/2211	2/2211	12.77	677	652	721	637	2	0	219	0.0706	0	0	0	262	3456	297233	0	0.0000%	0	0.088	0.061	2.8951	446	21%	7902.2	0.7%	3.716	1939.9	-16.7
  9000	2695	1499/2211	2/2211	12.70	643	745	679	628	2	0	190	0.0857	0	0	0	318	3688	274285	0	0.0000%	0	0.099	0.011	3.135	555	23.4%	8481.6	0.6%	5.052	1918.9	-17.5
  10000	2663	1520/2211	5/2211	12.96	628	644	665	726	5	2	171	0.0657	0	0	0	372	4037	250168	0	0.0000%	0	0.117	0.019	3.133	792	23.3%	8789.7	0.6%	5.014	1851	-17.6
  11000	2633	1480/2211	7/2211	12.99	601	598	715	719	7	5	150	0.0624	0	0	0	427	4451	229939	0	0.0000%	0	0.136	0.022	3.3528	1062	23.1%	9979.7	0.7%	3.578	2205.1	-17.6
  12000	2627	1476/2211	9/2211	13.26	578	635	659	755	9	6	128	0.0738	0	0	0	480	4842	212441	0	0.0000%	0	0.162	0.022	4.0603	1236	23.9%	11227.1	0.7%	3.685	2563.5	-17.2
  13000	2611	1489/2211	14/2211	13.66	569	582	713	747	14	11	106	0.0832	0	0	0	534	5208	202708	0	0.0000%	0	0.192	0.025	4.4056	1226	23.7%	12339	0.8%	4.053	2934.6	-16.7
  14000	2610	1495/2211	23/2211	13.26	544	569	704	793	23	19	86	0.0618	0	0	0	593	5556	215348	0	0.0000%	0	0.213	0.022	4.3252	1127	23.5%	13111.5	0.9%	3.936	3128.5	-17.3
  15000	2599	1469/2211	55/2211	12.86	660	612	664	663	55	52	71	0.0875	0	0	0	636	5886	213999	0	0.0000%	0	0.226	0.042	4.8529	1068	24.5%	13161.3	0.8%	6.552	2835.2	-17.5
  16000	2618	1521/2211	113/2211	13.29	574	637	654	753	117	114	58	0.0769	0	0	0	694	6205	212980	0	0.0000%	0	0.217	0.011	4.4784	988	25.6%	13338.7	0.8%	3.868	3052.4	-18.1
  17000	2634	1500/2211	177/2211	13.32	596	573	670	795	188	184	49	0.077	0	0	0	746	6474	225761	0	0.0000%	0	0.207	0.014	3.6018	894	27.8%	12441.7	0.7%	5.359	2560.3	-18.9
  18000	2635	1510/2211	238/2211	13.31	600	665	617	753	250	246	39	0.0702	0	0	0	798	6755	227798	0	0.0000%	0	0.183	0.014	3.3825	833	25.9%	10253.8	0.6%	5.273	1989.7	-19.5
  19000	2623	1507/2211	311/2211	12.99	632	659	631	701	333	329	33	0.0752	0	0	0	842	7086	215690	0	0.0000%	0	0.171	0.02	3.5513	872	24.3%	9834.1	0.7%	4.982	2338.9	-19.8
  20000	2604	1485/2211	463/2211	13.05	594	655	665	690	534	530	26	0.083	0	0	0	884	7478	210111	0	0.0000%	0	0.153	0.026	3.6294	1034	25.9%	8348.1	0.7%	4.576	1948.9	-19.9
  21000	2597	1492/2211	611/2211	13.01	606	613	652	726	710	706	18	0.0688	0	0	0	929	7800	220186	0	0.0000%	0	0.15	0.026	2.4454	1079	27.2%	7006.9	0.7%	5.324	1534.1	-20
  22000	2604	1506/2211	698/2211	13.10	577	652	673	702	854	849	6	0.0629	0	0	0	954	8114	226101	0	0.0000%	0	0.159	0.017	1.7796	1045	28.6%	5815.5	0.7%	4.552	1245.5	-20
  23000	2614	1471/2211	764/2211	13.11	633	645	619	717	944	939	1	0.0888	0	0	0	988	8401	212557	0	0.0000%	0	0.15	0.023	1.4513	912	28%	4517	0.6%	5.431	948.9	-20.2
  24000	2609	1510/2211	809/2211	13.21	622	631	631	725	1014	1011	1	0.0751	0	0	0	1010	8712	176679	0	0.0000%	0	0.135	0.036	1.0293	896	28.5%	3372.6	0.6%	6.955	716.2	-20.7
  25000	2570	1465/2211	723/2211	12.96	673	603	615	679	915	911	1	0.0617	0	0	0	1043	9086	132524	0	0.0000%	0	0.134	0.041	0.7996	1002	29.3%	2629.8	0.6%	2.289	568.1	-20.3
  26000	2442	1420/2211	407/2211	12.70	658	507	616	661	451	448	0	0.0926	0	0	0	1070	9705	107826	0	0.0000%	0	0.119	0.063	0.822	1472	27%	2370.3	0.6%	6.242	511.1	-19.1
  27000	2461	1431/2211	19/2211	12.88	528	651	672	610	19	18	0	0.0767	0	0	0	1090	10465	99070	0	0.0000%	0	0.101	0.053	0.8993	1896	24.1%	2602.1	0.7%	5.284	636.6	-18.4
  28000	2499	1455/2211	5/2211	13.10	585	601	633	680	5	2	0	0.0697	0	0	0	1109	10803	118306	0	0.0000%	0	0.096	0.052	1.1019	1778	23.3%	2863.6	0.7%	3.631	679.3	-17.8
  29000	2526	1460/2211	4/2211	13.27	592	639	597	698	4	0	0	0.0591	0	0	0	1141	11138	144131	0	0.0000%	0	0.085	0.05	1.089	1336	22.9%	2983.5	0.6%	3.605	652.6	-18.4
  30000	2550	1471/2211	4/2211	12.83	656	600	644	650	4	0	0	0.0763	0	0	0	1170	11477	158923	0	0.0000%	0	0.098	0.058	1.2118	919	23.1%	3339.1	0.6%	4.335	717.7	-18.3
== r39-s5  (**Ended:** budget reached.)
  t	alive	cols	cols abs	x sd	p0	p1	p2	p3	absorpt	inherit	jnt inh	mean m/s	diverged	wraps	crowded	stillb	births	mat blk	mat short	audit	mat resid	det cv	mat cv	det deep	corpses	floor low %	floor J	% on floor	floor con	refuge J	depth m
  1000	479	380/2211	0/2211	11.00	179	105	110	85	0	0	170	0.0762	0	0	0	0	491	50278	0	0.0000%	0	1.893	0.184	0.0755	76	6.6%	160.4	0.1%	1.278	50.7	-7.8
  2000	1091	808/2211	0/2211	13.95	178	293	320	300	0	0	208	0.0696	0	0	0	0	1141	115124	0	0.0000%	0	0.976	0.047	0.4247	114	5.8%	477.1	0.1%	3.884	131.6	-13.5
  3000	1527	1080/2211	1/2211	13.65	308	378	437	404	1	0	207	0.0816	0	0	0	3	1619	161991	0	0.0000%	0	0.726	0.036	0.9826	156	10.3%	1296.2	0.3%	4.228	436.1	-13
  4000	1933	1236/2211	2/2211	13.67	487	398	530	518	2	0	200	0.0724	0	0	0	22	2132	201332	0	0.0000%	0	0.515	0.048	1.2856	212	16.4%	2455.8	0.3%	5.186	652.9	-13.2
  5000	2416	1366/2211	2/2211	13.92	323	661	767	665	2	0	187	0.0677	0	0	0	81	2731	238407	0	0.0000%	0	0.294	0.063	1.5401	273	15.3%	4348.1	0.4%	7.311	1047.5	-16.5
  6000	2604	1509/2211	2/2211	12.97	667	708	636	593	2	0	165	0.0813	0	0	0	169	3059	263992	0	0.0000%	0	0.168	0.037	2.3746	371	18.4%	5903.2	0.5%	6.014	1437.8	-16.9
  7000	2658	1521/2211	3/2211	13.06	667	694	676	621	3	1	144	0.081	0	0	0	273	3282	263766	0	0.0000%	0	0.083	0.01	2.6023	440	19.5%	7298.8	0.6%	8.473	1701.6	-17.8
  8000	2690	1525/2211	3/2211	13.50	587	710	707	686	3	1	115	0.0722	0	0	0	404	3490	255524	0	0.0000%	0	0.08	0.045	3.1209	499	19.9%	8898.7	0.7%	3.623	2156	-18
  9000	2702	1559/2211	4/2211	13.20	671	657	683	691	4	2	86	0.0641	0	0	0	537	3713	244243	0	0.0000%	0	0.106	0.022	3.4306	572	20.6%	10050.4	0.7%	5.047	2396.8	-18.5
  10000	2708	1559/2211	6/2211	13.57	605	690	715	698	6	4	71	0.0848	0	0	0	652	3968	228459	0	0.0000%	0	0.124	0.026	4.4296	654	21.6%	10517.9	0.7%	3.446	2609.6	-19.6
  11000	2707	1536/2211	5/2211	13.32	638	661	760	648	5	4	49	0.088	0	0	0	774	4218	214045	0	0.0000%	0	0.155	0.013	4.4624	726	22%	11603.8	0.7%	7.311	2707.5	-20.1
  12000	2703	1559/2211	10/2211	13.00	686	651	648	718	11	10	31	0.0687	0	0	0	901	4496	202729	0	0.0000%	0	0.173	0.043	3.9062	796	22.1%	12172.9	0.7%	5.269	2751.1	-20.5
  13000	2684	1523/2211	22/2211	13.34	616	651	702	715	22	22	19	0.0776	0	0	0	1014	4777	187143	0	0.0000%	0	0.198	0.013	4.5223	844	23.2%	12542.7	0.8%	4.875	3118.8	-20.7
  14000	2670	1516/2211	55/2211	12.97	707	647	670	646	58	57	12	0.0845	0	0	0	1137	5072	173155	0	0.0000%	0	0.207	0.032	4.2012	908	22.3%	12964.9	0.8%	4.655	2989.7	-21.1
  15000	2657	1533/2211	112/2211	13.09	667	620	672	698	119	118	8	0.0765	0	0	0	1247	5332	175430	0	0.0000%	0	0.178	0.045	3.6697	895	23.4%	11063.6	0.6%	3.835	2198.7	-21.2
  16000	2616	1510/2211	202/2211	13.32	606	657	676	677	215	214	6	0.078	0	0	0	1350	5577	185493	0	0.0000%	0	0.167	0.008	3.4272	872	24.7%	10429.4	0.8%	2.506	2465.2	-20.6
  17000	2602	1510/2211	291/2211	13.30	596	717	634	655	319	318	5	0.0799	0	0	0	1439	5807	197064	0	0.0000%	0	0.155	0.011	3.104	802	27.2%	8717.8	0.7%	2.275	1961.7	-20.9
  18000	2586	1505/2211	396/2211	13.22	603	661	686	636	434	432	4	0.0813	0	0	0	1530	6020	204389	0	0.0000%	0	0.16	0.021	1.8856	759	28.2%	6787.4	0.7%	1.886	1568.8	-21
  19000	2576	1493/2211	461/2211	13.29	659	636	674	607	523	521	4	0.0793	0	0	0	1614	6259	193446	0	0.0000%	0	0.136	0.016	1.6567	720	27.3%	4810.7	0.6%	2.496	1024.7	-21.2
  20000	2606	1490/2211	491/2211	13.07	660	671	639	636	568	566	3	0.0659	0	0	0	1699	6555	167982	0	0.0000%	0	0.143	0.01	1.1294	741	27.5%	3437.2	0.6%	2.576	751.5	-21.7
  21000	2601	1520/2211	455/2211	13.27	648	640	694	619	514	512	3	0.087	0	0	0	1775	6911	128229	0	0.0000%	0	0.139	0.06	0.8657	871	28%	2711.5	0.6%	0.861	618.6	-21.9
  22000	2537	1498/2211	91/2211	13.45	611	681	666	579	94	93	2	0.0847	0	0	0	1836	7597	99747	0	0.0000%	0	0.104	0.062	0.8996	1375	23.1%	2582.5	0.7%	1.303	578.3	-21.4
  23000	2626	1550/2211	7/2211	12.71	747	681	614	584	7	5	1	0.0664	0	0	0	1896	8116	92459	0	0.0000%	0	0.124	0.053	0.9386	1542	21.8%	2814.4	0.7%	1.647	624.1	-20.5
  24000	2679	1514/2211	1/2211	13.14	685	658	652	684	1	0	1	0.0918	0	0	0	1976	8424	118449	0	0.0000%	0	0.14	0.049	1.1626	1451	21.6%	3121.9	0.8%	3.233	779.6	-21.1
  25000	2681	1531/2211	1/2211	13.12	657	683	683	658	1	0	1	0.0889	0	0	0	2064	8703	147216	0	0.0000%	0	0.154	0.043	1.2285	969	21.9%	3470.6	0.7%	1.081	811.9	-21
  26000	2716	1520/2211	1/2211	13.35	743	642	664	667	1	0	0	0.0792	0	0	0	2174	8942	153471	0	0.0000%	0	0.16	0.016	1.1716	733	22.3%	3618.8	0.7%	1.897	764.1	-21.1
  27000	2729	1568/2211	0/2211	13.09	750	654	629	696	0	0	0	0.0704	0	0	0	2280	9177	159739	0	0.0000%	0	0.182	0.031	1.2603	699	22.4%	3996.9	0.7%	2.187	868	-21.3
  28000	2720	1555/2211	0/2211	13.01	725	657	695	643	0	0	0	0.0887	0	0	0	2363	9422	167241	0	0.0000%	0	0.208	0.021	1.3361	678	22.8%	4332.2	0.7%	1.483	939.9	-20.8
  29000	2720	1558/2211	0/2211	13.35	652	686	675	707	0	0	0	0.0844	0	0	0	2468	9668	171697	0	0.0000%	0	0.209	0.021	1.3302	720	22.7%	4562.3	0.8%	2.994	1093.7	-21
  30000	2714	1518/2211	0/2211	13.23	647	687	687	693	0	0	0	0.0746	0	0	0	2556	9919	173531	0	0.0000%	0	0.207	0.016	1.797	750	23.1%	4706.9	0.8%	2.367	1083.2	-21.3
