arm r36-s1 | run 2026-09-11-071830-55a61291 | box 20 x 5 m, 60 m deep, 4 patch(es)
columns of 1 m: 100 | lineage.jsonl: 17455 births, 111 clades

        t      n      cols    x sd    z sd     nn h    nn 3d   leaf   leaf y   stom   stom y   mixo   mixo y    jnt    jnt y  plain  plain y  clade 1m  jointed  joint y  rigid y
    100.0     41    34/100    5.43    1.31     0.67     2.28     31   -17.48      5   -20.61      0        -      3   -19.62      2   -18.77         2       20   -18.15   -18.02
    200.0     60    38/100    5.29    1.55     0.53     1.69     55   -11.14      3   -11.23      0        -      1    -9.00      1   -19.03         6       31    -8.32   -14.36
    300.0     68    46/100    7.47    1.51     0.53     1.57     64    -9.75      3    -5.34      0        -      1    -4.56      0        -         4       37    -7.23   -12.18
    400.0     92    59/100    6.19    1.45     0.48     1.23     86    -9.51      5    -7.86      0        -      1    -0.25      0        -        11       58    -8.78   -10.23
    500.0    107    58/100    4.77    2.07     0.36     1.25    100    -9.97      6    -8.82      0        -      1    -2.07      0        -        21       69   -10.05    -9.44
    600.0    111    56/100    4.32    2.34     0.35     1.25    102    -9.91      8   -10.45      0        -      1    -5.01      0        -        21       74   -10.21    -9.29
    700.0    130    65/100    4.78    1.78     0.43     1.22    118   -10.32     11   -11.44      0        -      1    -0.53      0        -        27       90   -10.61    -9.72
    800.0    141    74/100    5.63    2.05     0.38     1.44    125   -11.26     15   -14.02      0        -      1    -5.34      0        -        23       92   -11.39   -11.74
    900.0    148    75/100    5.94    1.66     0.38     1.34    130   -11.97     17   -14.46      0        -      1   -12.99      0        -        24       96   -11.99   -12.76
   1000.0    155    77/100    5.50    1.80     0.34     1.37    136   -12.26     18   -13.69      0        -      1   -17.48      0        -        17      105   -12.67   -12.03
   1100.0    173    79/100    6.17    2.22     0.37     1.35    152   -13.58     21   -14.87      0        -      0        -      0        -        29      108   -13.09   -14.81
   1200.0    182    81/100    9.05    1.97     0.34     1.34    160   -14.25     22   -14.21      0        -      0        -      0        -        22      115   -13.69   -15.20
   1300.0    175    83/100    6.84    1.86     0.34     1.33    143   -13.87     32   -17.81      0        -      0        -      0        -        16      106   -13.34   -16.52
   1400.0    173    80/100    6.36    1.84     0.34     1.37    131   -13.21     42   -19.71      0        -      0        -      0        -        13       93   -11.69   -18.38
   1500.0    175    82/100    8.77    1.94     0.32     1.38    118   -12.12     57   -22.10      0        -      0        -      0        -        10       82   -10.16   -19.96
   1600.0    177    82/100    7.69    1.98     0.34     1.22    110   -11.30     67   -22.24      0        -      0        -      0        -        17       77    -9.72   -19.84
   1700.0    194    85/100    7.33    2.00     0.34     1.28    125   -13.82     69   -21.87      0        -      0        -      0        -         8       77   -10.79   -20.56
   1800.0    208    84/100    6.86    1.61     0.31     1.32    124   -14.58     84   -21.66      0        -      0        -      0        -        27       76   -11.21   -21.03
   1900.0    220    87/100    8.21    1.73     0.33     1.34    114   -14.11    106   -22.53      0        -      0        -      0        -        24       74   -11.20   -21.70
   2000.0    226    89/100    6.98    1.99     0.31     1.31    108   -13.89    118   -23.22      0        -      0        -      0        -        26       76   -11.67   -22.35
   2100.0    237    90/100    6.86    1.67     0.31     1.23    107   -14.34    130   -23.54      0        -      0        -      0        -        20       83   -13.33   -22.65
   2200.0    237    92/100    8.45    1.88     0.32     1.39    120   -15.97    117   -22.23      0        -      0        -      0        -        21      102   -15.41   -21.81
   2300.0    241    87/100    8.96    1.77     0.27     1.46    127   -16.59    114   -21.25      0        -      0        -      0        -        19      109   -15.76   -21.30
   2400.0    232    91/100    6.66    1.86     0.31     1.38    127   -16.38    104   -19.22      0        -      1   -36.94      0        -        16      107   -15.16   -19.96
   2500.0    233    89/100    7.25    1.83     0.31     1.35    138   -17.08     95   -18.03      0        -      0        -      0        -        32      117   -15.95   -19.00
   2600.0    246    92/100    7.77    1.81     0.32     1.32    140   -17.06    106   -17.91      0        -      0        -      0        -        26      128   -16.71   -18.20
   2700.0    252    89/100    7.35    1.87     0.28     1.22    133   -16.64    119   -18.39      0        -      0        -      0        -        25      134   -17.15   -17.83
   2800.0    257    91/100    7.89    1.87     0.31     1.22    138   -17.50    119   -16.69      0        -      0        -      0        -        33      150   -17.47   -16.64
   2900.0    261    93/100    7.25    2.01     0.28     1.21    149   -18.12    112   -16.75      0        -      0        -      0        -        42      152   -17.99   -16.89
   3000.0    260    91/100    7.06    1.90     0.29     1.25    147   -18.76    113   -17.50      0        -      0        -      0        -        32      146   -18.49   -17.85
   3100.0    269    94/100    7.22    1.86     0.28     1.23    136   -18.20    133   -17.50      0        -      0        -      0        -        28      148   -17.50   -18.29
   3200.0    271    91/100    8.22    1.65     0.27     1.17    128   -16.84    143   -18.22      0        -      0        -      0        -        38      145   -16.79   -18.47
   3300.0    281    94/100    7.60    1.77     0.28     1.19    127   -17.03    154   -18.71      0        -      0        -      0        -        41      145   -16.65   -19.34
   3400.0    291    92/100    7.65    1.81     0.25     1.23    126   -17.01    165   -18.97      0        -      0        -      0        -        52      139   -16.18   -19.90
   3500.0    291    93/100    8.31    1.68     0.26     1.31    127   -16.51    164   -18.58      0        -      0        -      0        -        43      146   -15.30   -20.06
   3600.0    284    96/100    7.10    1.78     0.29     1.14    129   -16.18    155   -18.60      0        -      0        -      0        -        50      155   -15.09   -20.41
   3700.0    280    88/100    6.96    1.90     0.29     1.08    131   -16.21    149   -18.60      0        -      0        -      0        -        54      147   -14.79   -20.46
   3800.0    303    95/100    8.12    1.72     0.28     1.23    149   -16.99    154   -18.63      0        -      0        -      0        -        50      160   -15.37   -20.57
   3900.0    321    93/100    8.19    1.53     0.27     1.12    171   -17.80    150   -17.71      0        -      0        -      0        -        55      163   -15.12   -20.47
   4000.0    302    93/100    8.33    1.88     0.27     1.15    167   -17.60    135   -17.43      0        -      0        -      0        -        48      164   -15.81   -19.56
   4100.0    300    94/100    7.77    1.59     0.28     1.19    168   -17.57    132   -18.22      0        -      0        -      0        -        41      167   -16.56   -19.48
   4200.0    296    93/100    6.92    1.76     0.27     1.17    167   -16.77    129   -18.21      0        -      0        -      0        -        55      159   -15.67   -19.39
   4300.0    300    96/100    7.19    1.94     0.27     1.22    168   -16.63    132   -18.33      0        -      0        -      0        -        38      154   -15.22   -19.66
   4400.0    303    97/100    6.60    2.00     0.28     1.13    166   -16.00    137   -18.53      0        -      0        -      0        -        55      152   -15.00   -19.30
   4500.0    305    97/100    7.18    2.00     0.28     1.13    149   -14.69    156   -19.99      0        -      0        -      0        -        51      150   -14.30   -20.39
   4600.0    298    95/100    7.98    1.83     0.27     1.17    161   -15.64    136   -19.60      0        -      1   -26.98      0        -        39      158   -15.45   -19.79
   4700.0    290    92/100    7.50    2.10     0.25     1.21    160   -14.83    130   -19.51      0        -      0        -      0        -        41      166   -15.35   -19.04
   4800.0    291    94/100    7.27    1.96     0.27     1.15    160   -14.86    131   -19.39      0        -      0        -      0        -        51      167   -15.27   -19.09
   4900.0    304    95/100    7.16    2.01     0.23     1.12    166   -15.85    138   -19.37      0        -      0        -      0        -        48      159   -14.98   -20.14
   5000.0    307    99/100    6.10    1.69     0.27     1.14    157   -15.91    150   -20.43      0        -      0        -      0        -        53      169   -16.10   -20.58
   5100.0    287    95/100    6.47    2.10     0.28     1.21    144   -15.16    143   -19.89      0        -      0        -      0        -        51      169   -16.15   -19.46
   5200.0    298    95/100    7.10    1.89     0.30     1.19    163   -16.91    135   -19.25      0        -      0        -      0        -        48      170   -16.31   -20.16
   5300.0    306    98/100    8.72    2.34     0.26     1.16    162   -17.10    144   -19.49      0        -      0        -      0        -        52      168   -16.28   -20.59
   5400.0    312    98/100    7.94    1.84     0.26     1.16    163   -16.82    149   -19.92      0        -      0        -      0        -        61      172   -16.45   -20.57
   5500.0    301    96/100    7.57    1.86     0.28     1.08    157   -15.92    144   -18.92      0        -      0        -      0        -        49      170   -16.03   -19.07
   5600.0    302    91/100    6.02    1.94     0.25     1.18    169   -16.03    133   -18.01      0        -      0        -      0        -        55      177   -16.47   -17.52
   5700.0    303    94/100    6.25    2.40     0.26     1.16    174   -16.45    129   -17.75      0        -      0        -      0        -        36      165   -16.29   -17.85
   5800.0    286    93/100    6.61    1.60     0.27     1.16    160   -14.52    126   -16.63      0        -      0        -      0        -        42      135   -13.18   -17.47
   5900.0    308    95/100    6.33    2.09     0.24     1.04    182   -15.36    126   -17.00      0        -      0        -      0        -        76      131   -13.16   -18.15
   6000.0    310    93/100    6.60    1.80     0.25     1.05    181   -15.56    129   -16.83      0        -      0        -      0        -        62      153   -14.72   -17.42
   6100.0    308    97/100    7.21    1.83     0.27     1.13    184   -14.95    124   -16.97      0        -      0        -      0        -        50      169   -15.43   -16.18
   6200.0    320    96/100    6.55    2.00     0.25     1.07    207   -15.83    113   -17.11      0        -      0        -      0        -        71      181   -16.17   -16.42
   6300.0    307    96/100    6.44    2.02     0.27     1.06    196   -15.22    111   -17.75      0        -      0        -      0        -        55      150   -13.76   -18.41
   6400.0    308    93/100    6.48    1.81     0.27     1.03    201   -15.48    107   -17.40      0        -      0        -      0        -        51      141   -13.54   -18.34
   6500.0    297    93/100    5.60    1.77     0.28     1.12    190   -14.96    107   -17.93      0        -      0        -      0        -        53      154   -15.30   -16.81
   6600.0    308    91/100    5.77    1.92     0.25     1.01    200   -15.03    108   -17.56      0        -      0        -      0        -        49      151   -14.96   -16.84
   6700.0    314    89/100    5.96    2.10     0.24     0.97    204   -15.21    110   -18.26      0        -      0        -      0        -        85      147   -15.23   -17.20
   6800.0    322    96/100    6.02    1.87     0.24     1.07    212   -15.24    110   -17.78      0        -      0        -      0        -        59      141   -15.05   -16.92
   6900.0    316    94/100    6.38    1.96     0.26     1.10    210   -15.52    106   -17.59      0        -      0        -      0        -        65      142   -15.62   -16.70
   7000.0    300    96/100    7.02    2.23     0.29     1.13    202   -15.09     98   -16.86      0        -      0        -      0        -        38      130   -14.51   -16.56
   7100.0    302    95/100    9.51    2.09     0.27     1.11    197   -14.53    105   -16.97      0        -      0        -      0        -        51      146   -14.84   -15.87
   7200.0    296    93/100    6.45    1.63     0.26     1.04    187   -13.08    109   -16.71      0        -      0        -      0        -        57      143   -14.06   -14.75
   7300.0    311    95/100    6.01    2.24     0.26     1.04    201   -13.32    110   -17.14      0        -      0        -      0        -        56      139   -13.67   -15.48
   7400.0    305    96/100    7.11    1.84     0.24     1.08    197   -12.76    108   -17.80      0        -      0        -      0        -        49      131   -13.57   -15.28
   7500.0    328    95/100    6.56    1.87     0.26     1.06    212   -14.13    116   -17.57      0        -      0        -      0        -        64      145   -14.26   -16.20
   7600.0    307    96/100    6.64    1.90     0.27     1.16    187   -12.85    120   -17.28      0        -      0        -      0        -        44      154   -15.27   -13.88
   7700.0    315    93/100    6.22    1.90     0.27     1.10    197   -14.37    117   -17.28      0        -      1   -25.00      0        -        47      170   -16.75   -14.01
   7800.0    323    96/100    5.71    1.64     0.29     1.15    200   -15.07    123   -17.96      0        -      0        -      0        -        44      173   -17.07   -15.12
   7900.0    314    91/100    6.18    2.13     0.25     1.08    186   -14.24    128   -17.96      0        -      0        -      0        -        40      182   -17.50   -13.35
   8000.0    319    95/100    6.25    1.84     0.24     1.14    186   -14.36    132   -18.14      1   -31.15      0        -      0        -        50      184   -17.74   -13.57
   8100.0    332    96/100    6.79    1.90     0.24     1.08    206   -15.52    126   -17.69      0        -      0        -      0        -        62      188   -17.84   -14.40
   8200.0    323    98/100    6.90    1.91     0.25     1.05    197   -14.42    126   -17.22      0        -      0        -      0        -        55      165   -16.13   -14.86
   8300.0    328    90/100    8.10    2.17     0.26     1.00    206   -14.87    122   -16.66      0        -      0        -      0        -        64      168   -16.83   -14.17
   8400.0    338    99/100    7.23    2.17     0.23     1.00    206   -14.31    132   -17.61      0        -      0        -      0        -        80      154   -15.79   -15.44
   8500.0    352    95/100    8.49    2.26     0.23     0.99    216   -14.45    136   -16.84      0        -      0        -      0        -        76      146   -14.74   -15.82
   8600.0    354    95/100    8.44    2.06     0.26     1.03    220   -14.83    134   -16.43      0        -      0        -      0        -        78      145   -14.67   -15.96
   8700.0    378    96/100    6.60    1.66     0.23     0.98    243   -16.32    135   -16.90      0        -      0        -      0        -       102      150   -15.36   -17.30
   8800.0    369    99/100    5.68    2.02     0.22     1.05    235   -15.59    134   -16.64      0        -      0        -      0        -        69      149   -14.78   -16.78
   8900.0    369    96/100    6.56    1.96     0.23     1.08    228   -15.24    141   -17.11      0        -      0        -      0        -        70      173   -16.42   -15.53
   9000.0    374    96/100    6.58    1.90     0.23     1.04    225   -15.14    149   -18.30      0        -      0        -      0        -        81      180   -16.93   -15.91
   9100.0    377    98/100    5.83    2.37     0.25     1.00    227   -15.29    150   -19.42      0        -      0        -      0        -        91      170   -17.12   -16.78
   9200.0    373    96/100    6.71    2.09     0.24     1.01    220   -15.52    153   -20.04      0        -      0        -      0        -        77      167   -17.56   -17.22
   9300.0    366    95/100    7.71    1.88     0.23     1.04    215   -15.04    151   -20.20      0        -      0        -      0        -        75      173   -18.32   -16.13
   9400.0    374    97/100    6.55    1.71     0.25     1.03    238   -15.52    135   -19.23      1   -31.45      0        -      0        -        92      148   -17.00   -16.84
   9500.0    392    98/100    7.09    2.12     0.21     0.96    263   -16.23    129   -18.46      0        -      0        -      0        -       112      144   -16.25   -17.38
   9600.0    378    93/100    7.91    1.82     0.25     1.03    252   -15.83    125   -18.63      0        -      1   -25.24      0        -        79      151   -16.83   -16.74
   9700.0    358    96/100    7.45    1.94     0.26     1.09    238   -14.81    120   -18.42      0        -      0        -      0        -        55      159   -16.60   -15.56
   9800.0    363    96/100    6.70    2.11     0.24     1.01    243   -14.61    119   -17.75      1   -23.03      0        -      0        -        75      153   -15.53   -15.76
   9900.0    373    95/100    6.82    1.88     0.24     1.05    253   -14.52    118   -17.43      1   -20.39      0        -      1   -19.93        81      148   -15.45   -15.48
  10000.0    386    99/100    7.00    2.30     0.25     0.93    271   -14.35    114   -17.30      1   -17.91      0        -      0        -       108      138   -15.03   -15.34
  10100.0    401    97/100    6.30    2.49     0.24     0.92    299   -15.01    101   -16.63      1   -13.34      0        -      0        -       129      127   -14.47   -15.85
  10200.0    407    96/100    5.95    1.78     0.22     0.94    302   -14.79    104   -16.88      1   -15.26      0        -      0        -       142      129   -14.91   -15.51
  10300.0    423    98/100    6.04    2.05     0.22     0.94    315   -15.62    107   -16.55      1   -17.92      0        -      0        -       116      147   -16.15   -15.70
  10400.0    401    97/100    6.28    1.73     0.23     1.01    295   -14.89    105   -16.48      1   -18.99      0        -      0        -       112      139   -15.21   -15.37
  10500.0    402    95/100    7.20    2.05     0.23     1.04    294   -14.99    107   -16.22      1   -17.38      0        -      0        -       111      141   -14.99   -15.50
  10600.0    381    95/100    7.32    1.95     0.24     0.96    274   -14.13    106   -16.14      1   -12.68      0        -      0        -       116      149   -14.69   -14.68
  10700.0    397    96/100    6.79    2.31     0.25     0.95    282   -14.60    114   -17.23      1   -10.47      0        -      0        -        90      154   -15.49   -15.25
  10800.0    411    97/100    6.33    1.96     0.22     0.96    279   -15.21    131   -17.86      1    -4.33      0        -      0        -        95      164   -15.55   -16.35
  10900.0    404    97/100    6.61    1.82     0.22     0.98    270   -15.12    133   -18.50      1    -0.79      0        -      0        -       118      152   -15.51   -16.62
  11000.0    403    98/100    6.50    2.08     0.24     1.02    273   -15.42    129   -18.65      1    -4.88      0        -      0        -        88      137   -14.79   -17.27
  11100.0    413    98/100    6.56    2.01     0.23     0.94    279   -15.17    133   -18.08      1    -5.97      0        -      0        -       116      146   -15.24   -16.54
  11200.0    418    99/100    7.16    1.72     0.21     0.88    288   -15.06    129   -17.93      1    -8.17      0        -      0        -       115      138   -14.55   -16.60
  11300.0    418    98/100    7.27    1.88     0.24     0.99    287   -15.33    130   -17.67      1    -3.79      0        -      0        -       106      139   -14.20   -16.95
  11400.0    418    98/100    7.86    1.95     0.22     0.94    295   -15.32    122   -16.86      1    -2.21      0        -      0        -       108      138   -13.37   -16.91
  11500.0    427    96/100    7.64    1.77     0.21     0.98    308   -15.33    118   -16.39      1    -1.34      0        -      0        -        95      147   -14.09   -16.37
  11600.0    416    99/100    8.01    1.93     0.22     0.96    295   -13.91    120   -16.29      1    -3.18      0        -      0        -       110      159   -14.83   -14.41
  11700.0    429    98/100    7.89    2.59     0.22     0.90    318   -14.65    110   -15.78      1    -9.04      0        -      0        -       124      158   -14.88   -14.95
  11800.0    409    98/100    8.29    1.78     0.23     1.02    295   -13.90    113   -15.91      1   -13.10      0        -      0        -        90      154   -14.21   -14.60
  11900.0    415    97/100    9.19    2.10     0.23     0.98    299   -14.36    115   -16.93      1   -16.47      0        -      0        -       110      159   -15.11   -15.06
  12000.0    434    98/100    7.99    1.88     0.22     1.00    320   -15.43    113   -16.23      1   -19.50      0        -      0        -        95      163   -15.40   -15.80
  12100.0    428    98/100    7.61    1.97     0.22     1.01    296   -14.27    131   -17.37      1   -15.86      0        -      0        -       108      163   -14.96   -15.38
  12200.0    432    99/100    6.90    2.07     0.21     1.04    303   -14.85    128   -18.17      1   -13.77      0        -      0        -       106      154   -15.15   -16.21
  12300.0    418    96/100    7.69    1.97     0.22     0.98    288   -14.11    129   -18.43      1   -10.37      0        -      0        -        98      157   -15.75   -15.24
  12400.0    420    95/100    8.05    1.77     0.22     1.00    297   -14.37    122   -18.42      1    -9.72      0        -      0        -        97      150   -15.23   -15.71
  12500.0    440    98/100    7.92    1.75     0.22     0.93    311   -14.73    128   -18.46      1    -5.92      0        -      0        -       133      143   -15.01   -16.17
  12600.0    465    99/100    7.04    1.72     0.23     1.02    338   -15.15    126   -18.27      1    -3.79      0        -      0        -       116      131   -14.07   -16.72
  12700.0    472    99/100    7.77    2.44     0.22     0.92    341   -15.20    130   -17.94      1   -11.25      0        -      0        -       145      133   -14.59   -16.47
  12800.0    454   100/100    7.84    2.20     0.23     0.97    318   -14.39    135   -18.37      1   -18.34      0        -      0        -       118      133   -15.43   -15.64
  12900.0    448   100/100    7.53    2.00     0.23     0.94    312   -14.36    134   -17.52      2   -20.48      0        -      0        -       124      142   -16.36   -14.86
  13000.0    476    99/100    7.62    1.91     0.22     0.90    336   -15.46    137   -17.84      3   -19.00      0        -      0        -       162      160   -18.12   -15.18
  13100.0    473    98/100    7.51    2.07     0.22     0.90    336   -15.27    134   -17.96      3   -20.48      0        -      0        -       172      153   -17.83   -15.22
  13200.0    481    98/100    7.92    1.98     0.21     0.88    351   -16.01    127   -18.10      3   -21.73      0        -      0        -       152      138   -16.96   -16.46
  13300.0    487    99/100    6.80    2.00     0.21     0.88    349   -15.94    135   -18.82      3   -23.50      0        -      0        -       159      147   -17.96   -16.28
  13400.0    496   100/100    7.57    2.26     0.20     0.88    352   -16.27    142   -19.40      2   -19.27      0        -      0        -       148      145   -18.02   -16.82
  13500.0    489    98/100    7.68    1.78     0.20     0.89    321   -15.19    166   -19.91      2   -20.42      0        -      0        -       145      163   -18.35   -16.05
  13600.0    506    99/100    8.88    1.86     0.19     0.91    345   -16.21    159   -19.20      2   -20.77      0        -      0        -       150      165   -18.31   -16.61
  13700.0    513    99/100    7.22    1.74     0.21     0.93    351   -16.94    160   -19.37      2   -26.39      0        -      0        -       150      165   -18.42   -17.41
  13800.0    497    96/100    6.61    2.05     0.22     0.90    332   -16.93    162   -19.30      3   -29.61      0        -      0        -       148      161   -18.47   -17.45
  13900.0    493    98/100    6.14    2.02     0.20     0.86    335   -16.81    155   -18.70      3   -33.68      0        -      0        -       168      145   -16.93   -17.75
  14000.0    505    98/100    7.26    1.66     0.21     0.91    350   -16.72    153   -18.62      2   -29.32      0        -      0        -       180      140   -16.60   -17.63
  14100.0    512    99/100    7.40    1.75     0.20     0.93    360   -16.93    150   -18.07      2   -27.21      0        -      0        -       172      142   -17.04   -17.40
  14200.0    534   100/100    6.41    1.89     0.21     0.94    383   -17.27    150   -17.86      1   -20.49      0        -      0        -       190      146   -16.92   -17.64
  14300.0    520   100/100    7.15    2.17     0.22     0.87    372   -15.99    147   -18.04      1   -19.74      0        -      0        -       172      141   -16.29   -16.69
  14400.0    535   100/100    6.04    1.80     0.20     0.92    384   -16.37    150   -18.73      1   -23.53      0        -      0        -       202      143   -16.96   -17.07
  14500.0    533    98/100    6.29    1.76     0.20     0.90    356   -15.58    177   -20.06      0        -      0        -      0        -       172      159   -17.92   -16.71
  14600.0    561    99/100    7.29    1.65     0.19     0.92    370   -15.83    191   -20.46      0        -      0        -      0        -       190      160   -18.26   -17.06
  14700.0    567    98/100    8.38    1.92     0.19     0.90    368   -15.75    199   -20.53      0        -      0        -      0        -       195      159   -18.37   -17.05
  14800.0    596    99/100    7.81    1.75     0.19     0.85    393   -16.79    203   -20.66      0        -      0        -      0        -       222      155   -18.25   -18.06
  14900.0    586    99/100    8.12    1.90     0.20     0.87    387   -16.81    199   -20.55      0        -      0        -      0        -       227      160   -18.63   -17.88
  15000.0    576    98/100    6.73    1.94     0.19     0.92    389   -16.60    187   -20.86      0        -      0        -      0        -       198      141   -17.96   -17.99
  15100.0    569    99/100    6.89    2.43     0.20     0.91    393   -16.64    176   -20.55      0        -      0        -      0        -       184      131   -16.74   -18.19
  15200.0    554    98/100    7.00    1.87     0.20     0.95    377   -15.82    176   -20.42      0        -      0        -      1   -21.13       155      133   -17.02   -17.37
  15300.0    561    99/100    6.68    1.99     0.19     0.87    389   -15.67    171   -19.50      0        -      0        -      1   -20.33       195      137   -17.21   -16.73
  15400.0    561   100/100    9.67    2.22     0.19     0.92    392   -15.21    168   -19.30      0        -      0        -      1   -21.55       201      140   -17.53   -16.09
  15500.0    601   100/100    7.26    2.11     0.18     0.82    431   -16.72    169   -18.99      0        -      0        -      1   -16.15       248      141   -17.40   -17.35
  15600.0    610    99/100    8.12    2.19     0.17     0.80    438   -17.33    170   -19.20      0        -      0        -      2   -17.62       263      141   -17.51   -17.95
  15700.0    595   100/100    8.80    2.03     0.19     0.83    426   -17.29    168   -18.86      0        -      0        -      1   -10.75       234      167   -19.34   -17.09
  15800.0    582    99/100    7.00    1.94     0.19     0.88    415   -17.16    166   -19.02      0        -      0        -      1   -11.25       195      166   -18.93   -17.18
  15900.0    570    97/100    6.49    1.79     0.18     0.92    401   -16.22    168   -18.93      0        -      0        -      1   -17.31       206      150   -17.23   -16.95
  16000.0    582    98/100    7.23    2.07     0.18     0.89    425   -16.86    157   -18.70      0        -      0        -      0        -       236      136   -16.59   -17.59
  16100.0    579    98/100    7.54    2.00     0.19     0.88    422   -16.11    157   -18.74      0        -      0        -      0        -       223      133   -16.16   -17.02
  16200.0    600   100/100    6.31    1.86     0.19     0.88    445   -16.95    155   -18.54      0        -      0        -      0        -       234      131   -16.09   -17.71
  16300.0    609    99/100    6.97    2.14     0.19     0.84    459   -17.74    150   -17.72      0        -      0        -      0        -       263      125   -15.07   -18.43
  16400.0    592    99/100    7.49    2.17     0.19     0.94    444   -17.06    148   -17.97      0        -      0        -      0        -       209      124   -15.58   -17.74
  16500.0    596   100/100    7.58    2.22     0.19     0.86    446   -16.52    149   -18.13      0        -      0        -      1   -27.95       239      133   -16.37   -17.10
  16600.0    617   100/100    7.55    1.99     0.18     0.85    470   -16.94    146   -18.56      0        -      1   -30.88      0        -       255      148   -18.26   -17.05
  16700.0    608   100/100    8.24    2.02     0.18     0.82    468   -15.88    140   -19.02      0        -      0        -      0        -       264      138   -18.02   -16.19
  16800.0    619   100/100    7.14    1.86     0.18     0.83    469   -15.71    149   -19.49      0        -      0        -      1   -25.01       247      152   -19.30   -15.76
  16900.0    605   100/100    7.01    2.10     0.18     0.86    449   -14.96    155   -19.26      0        -      0        -      1   -29.18       216      147   -18.76   -15.22
  17000.0    618   100/100    7.24    2.05     0.18     0.81    461   -14.99    157   -18.88      0        -      0        -      0        -       270      141   -17.96   -15.39
  17100.0    633    99/100    7.17    1.89     0.18     0.85    472   -15.28    161   -18.57      0        -      0        -      0        -       278      144   -17.57   -15.69
  17200.0    618    99/100    6.72    1.94     0.18     0.81    451   -14.25    167   -18.94      0        -      0        -      0        -       235      150   -18.01   -14.72
  17300.0    622    99/100    7.15    1.95     0.18     0.80    455   -14.38    167   -18.66      0        -      0        -      0        -       276      146   -17.24   -15.00
  17400.0    629    98/100    6.36    1.89     0.18     0.80    464   -15.30    165   -18.76      0        -      0        -      0        -       283      145   -17.41   -15.85
  17500.0    622   100/100    6.16    1.83     0.18     0.84    462   -15.83    160   -18.79      0        -      0        -      0        -       264      153   -18.29   -16.04
  17600.0    634   100/100    6.23    2.16     0.19     0.85    469   -16.32    165   -19.22      0        -      0        -      0        -       279      153   -18.34   -16.67
  17700.0    658   100/100    7.18    2.03     0.18     0.85    487   -16.91    171   -19.67      0        -      0        -      0        -       265      154   -18.35   -17.41
  17800.0    676   100/100    8.47    1.90     0.17     0.82    508   -17.56    168   -19.09      0        -      0        -      0        -       305      149   -17.81   -17.98
  17900.0    683   100/100   10.86    1.82     0.17     0.82    516   -17.62    167   -18.91      0        -      0        -      0        -       299      148   -17.55   -18.04
  18000.0    679    99/100    8.05    1.66     0.17     0.87    517   -17.70    162   -18.61      0        -      0        -      0        -       274      143   -17.09   -18.14
  18100.0    668   100/100    8.28    1.77     0.18     0.87    499   -17.21    168   -19.42      0        -      0        -      1   -35.10       280      145   -17.81   -17.79
  18200.0    658   100/100    7.55    1.99     0.18     0.85    495   -16.50    163   -19.79      0        -      0        -      0        -       273      135   -17.33   -17.31
  18300.0    660   100/100    7.80    2.09     0.18     0.84    503   -16.80    157   -19.49      0        -      0        -      0        -       288      129   -16.75   -17.61
  18400.0    682   100/100    7.26    1.93     0.18     0.77    529   -17.31    153   -19.70      0        -      0        -      0        -       338      122   -16.50   -18.14
  18500.0    681    99/100    8.04    2.04     0.17     0.82    527   -16.93    154   -20.07      0        -      0        -      0        -       313      120   -17.24   -17.73
  18600.0    694    99/100    7.67    1.98     0.18     0.81    538   -16.88    156   -20.09      0        -      0        -      0        -       326      128   -17.93   -17.52
  18700.0    711   100/100    6.83    1.75     0.17     0.82    530   -16.27    180   -21.05      0        -      1   -26.63      0        -       336      145   -18.69   -17.19
  18800.0    717   100/100    6.57    2.07     0.17     0.81    531   -15.99    184   -21.09      0        -      0        -      2   -28.00       324      144   -18.34   -17.08
  18900.0    692    99/100    6.31    2.14     0.18     0.86    521   -15.51    171   -20.19      0        -      0        -      0        -       328      136   -17.54   -16.45
  19000.0    684    99/100    6.93    1.91     0.17     0.81    504   -14.61    180   -20.86      0        -      0        -      0        -       317      137   -17.79   -15.87
  19100.0    713   100/100    7.51    2.06     0.17     0.82    539   -15.27    174   -20.53      0        -      0        -      0        -       331      131   -17.39   -16.36
  19200.0    740    99/100    7.58    1.86     0.17     0.77    561   -15.78    179   -21.36      0        -      0        -      0        -       375      136   -18.49   -16.82
  19300.0    742   100/100    7.45    2.51     0.17     0.79    557   -15.72    185   -21.54      0        -      0        -      0        -       338      139   -18.94   -16.76
  19400.0    736   100/100    7.58    1.95     0.16     0.85    559   -15.87    177   -20.97      0        -      0        -      0        -       350      140   -18.72   -16.72
  19500.0    745    99/100    8.57    2.21     0.16     0.77    573   -16.25    171   -20.50      0        -      0        -      1   -15.57       368      139   -19.09   -16.80
  19600.0    740   100/100    7.24    1.79     0.16     0.81    573   -15.90    166   -20.13      0        -      0        -      1   -24.32       351      128   -18.27   -16.56
  19700.0    731    99/100    6.92    1.98     0.17     0.79    566   -15.68    164   -19.98      0        -      0        -      1   -28.52       348      130   -18.10   -16.35
  19800.0    735   100/100    7.37    1.83     0.18     0.81    577   -16.24    158   -20.05      0        -      0        -      0        -       342      145   -19.97   -16.35
  19900.0    723    99/100    7.89    2.12     0.18     0.80    571   -16.55    152   -20.93      0        -      0        -      0        -       337      143   -20.43   -16.74
  20000.0    757   100/100    8.09    2.10     0.16     0.78    600   -16.82    157   -21.70      0        -      0        -      0        -       383      130   -19.89   -17.40
  20100.0    768   100/100    7.80    1.95     0.17     0.82    612   -17.03    156   -21.76      0        -      0        -      0        -       409      122   -19.62   -17.68
  20200.0    788   100/100    7.70    2.14     0.16     0.77    623   -17.46    165   -22.33      0        -      0        -      0        -       413      126   -20.28   -18.13
  20300.0    795   100/100    7.20    1.97     0.16     0.77    635   -17.48    160   -21.79      0        -      0        -      0        -       405      121   -19.64   -18.11
  20400.0    812    99/100    7.93    2.39     0.17     0.75    646   -17.03    165   -21.86      0        -      0        -      1   -24.93       470      121   -19.40   -17.78
  20500.0    829   100/100    7.05    2.05     0.15     0.75    668   -17.48    160   -21.42      0        -      0        -      1   -30.55       474      119   -19.12   -18.11
  20600.0    820    99/100    7.22    1.92     0.16     0.76    662   -17.35    158   -20.84      0        -      0        -      0        -       454      116   -18.21   -17.99
  20700.0    815   100/100    7.19    1.86     0.16     0.71    656   -16.96    159   -20.64      0        -      0        -      0        -       459      114   -17.61   -17.69
  20800.0    819   100/100    7.99    2.19     0.16     0.77    662   -16.94    157   -20.29      0        -      0        -      0        -       431      113   -17.40   -17.61
  20900.0    846   100/100    8.12    1.87     0.16     0.74    678   -17.27    168   -20.53      0        -      0        -      0        -       464      119   -17.52   -17.98
  21000.0    846   100/100    7.25    1.86     0.16     0.76    679   -17.03    167   -19.57      0        -      0        -      0        -       456      119   -17.21   -17.58
  21100.0    844    99/100    5.70    1.77     0.15     0.69    675   -17.10    169   -20.09      0        -      0        -      0        -       479      122   -18.00   -17.65
  21200.0    848   100/100    6.51    2.13     0.16     0.75    683   -17.37    164   -20.20      0        -      0        -      1   -22.14       467      116   -17.91   -17.92
  21300.0    838   100/100    8.22    2.03     0.16     0.73    667   -17.21    171   -20.93      0        -      0        -      0        -       446      125   -19.17   -17.76
  21400.0    857   100/100    7.73    2.04     0.15     0.78    686   -17.46    171   -20.93      0        -      0        -      0        -       446      127   -19.52   -17.91
  21500.0    834   100/100    8.95    1.94     0.16     0.76    676   -17.39    158   -20.47      0        -      0        -      0        -       432      128   -20.05   -17.60
  21600.0    814   100/100    8.45    2.12     0.16     0.75    657   -16.89    157   -21.26      0        -      0        -      0        -       447      114   -19.13   -17.51
  21700.0    856   100/100    7.69    1.82     0.16     0.72    681   -17.54    175   -22.49      0        -      0        -      0        -       488      127   -20.66   -18.19
  21800.0    857   100/100    7.99    1.93     0.16     0.76    682   -17.74    175   -22.64      0        -      0        -      0        -       449      129   -21.42   -18.26
  21900.0    861   100/100    7.46    2.69     0.16     0.79    695   -17.94    165   -22.47      0        -      0        -      1   -20.22       449      118   -21.09   -18.45
  22000.0    857   100/100    8.70    1.82     0.16     0.73    699   -17.77    157   -21.85      0        -      0        -      1   -23.85       471      111   -20.13   -18.29
  22100.0    849   100/100    7.69    1.84     0.16     0.76    707   -17.99    141   -20.28      0        -      0        -      1   -23.06       491       97   -17.67   -18.46
  22200.0    834   100/100    8.25    1.87     0.16     0.74    691   -17.17    141   -20.12      0        -      0        -      2   -24.48       487       93   -16.87   -17.79
  22300.0    845   100/100    7.79    1.94     0.16     0.76    690   -16.84    155   -20.07      0        -      0        -      0        -       444      107   -17.52   -17.42
  22400.0    859   100/100    6.56    1.83     0.15     0.72    703   -16.76    156   -19.90      0        -      0        -      0        -       487      108   -17.21   -17.35
  22500.0    859   100/100    6.43    2.19     0.16     0.76    706   -16.36    153   -19.01      0        -      0        -      0        -       492      102   -16.09   -16.93
  22600.0    850   100/100    6.76    1.84     0.15     0.75    692   -15.95    158   -18.87      0        -      0        -      0        -       492      103   -15.93   -16.57
  22700.0    845   100/100    7.25    1.87     0.16     0.75    687   -15.70    158   -18.99      0        -      0        -      0        -       501      100   -16.04   -16.35
  22800.0    841   100/100    6.55    2.03     0.15     0.76    685   -15.41    156   -18.92      0        -      0        -      0        -       473       99   -16.05   -16.07
  22900.0    845    99/100    6.50    2.09     0.16     0.69    695   -15.43    150   -18.59      0        -      0        -      0        -       496       95   -15.53   -16.05
  23000.0    866    99/100    7.20    1.94     0.15     0.71    724   -15.86    142   -18.55      0        -      0        -      0        -       561       89   -15.53   -16.39
  23100.0    882    99/100    6.44    2.06     0.15     0.70    739   -16.30    143   -19.16      0        -      0        -      0        -       549       94   -16.86   -16.75
  23200.0    878   100/100    7.31    1.89     0.15     0.75    732   -16.60    146   -19.87      0        -      0        -      0        -       502       97   -17.62   -17.08
  23300.0    860    99/100    8.81    2.00     0.16     0.78    705   -16.35    155   -20.72      0        -      0        -      0        -       468      108   -19.34   -16.82
  23400.0    863   100/100    7.25    1.81     0.15     0.76    714   -16.43    149   -20.88      0        -      0        -      0        -       501      104   -19.73   -16.85
  23500.0    873   100/100    7.05    1.89     0.16     0.76    718   -16.36    154   -20.90      0        -      0        -      1   -23.05       515      111   -19.76   -16.79
  23600.0    873   100/100    7.15    1.92     0.15     0.75    726   -16.29    147   -20.24      0        -      0        -      0        -       517      105   -19.06   -16.66
  23700.0    880   100/100    7.11    2.04     0.16     0.75    742   -16.50    138   -18.58      0        -      0        -      0        -       511       99   -17.41   -16.75
  23800.0    887   100/100    8.19    2.44     0.15     0.70    746   -16.58    141   -18.59      0        -      0        -      0        -       536      101   -17.57   -16.81
  23900.0    895   100/100    7.51    1.67     0.16     0.76    749   -16.94    145   -18.70      0        -      0        -      1   -33.30       519      100   -17.48   -17.22
  24000.0    904   100/100    8.90    1.77     0.16     0.75    752   -17.14    152   -19.85      0        -      0        -      0        -       530      107   -18.94   -17.42
  24100.0    896   100/100    8.93    2.05     0.15     0.76    753   -17.16    143   -19.88      0        -      0        -      0        -       509       99   -18.71   -17.45
  24200.0    906   100/100    8.58    2.02     0.15     0.75    766   -17.03    140   -19.52      0        -      0        -      0        -       511       97   -17.98   -17.35
  24300.0    906   100/100    7.29    2.00     0.16     0.72    764   -16.49    142   -19.99      0        -      0        -      0        -       553       96   -18.28   -16.89
  24400.0    906   100/100    6.64    2.12     0.15     0.76    767   -16.47    139   -19.50      0        -      0        -      0        -       533       95   -17.26   -16.90
  24500.0    917   100/100    6.40    1.93     0.15     0.73    768   -16.56    149   -19.94      0        -      0        -      0        -       555      100   -18.20   -16.97
  24600.0    927   100/100    6.99    1.77     0.14     0.69    783   -16.93    144   -19.84      0        -      0        -      0        -       592       95   -18.16   -17.30
  24700.0    947   100/100    7.76    2.02     0.14     0.73    798   -17.41    149   -21.24      0        -      0        -      0        -       579       99   -19.27   -17.86
  24800.0    963   100/100    6.50    2.14     0.15     0.72    817   -17.92    146   -20.74      0        -      0        -      0        -       591       98   -19.11   -18.26
  24900.0    954   100/100    7.30    2.01     0.15     0.71    811   -17.91    143   -20.52      0        -      0        -      0        -       600       96   -19.16   -18.20
  25000.0    959   100/100    6.92    2.15     0.14     0.72    824   -18.05    135   -20.10      0        -      0        -      0        -       623       87   -17.93   -18.38
  25100.0    978   100/100    6.80    1.86     0.14     0.70    841   -18.09    137   -20.64      0        -      0        -      0        -       620       88   -18.69   -18.42
  25200.0    978   100/100    6.80    1.74     0.15     0.68    842   -18.11    136   -20.95      0        -      0        -      0        -       630       90   -19.58   -18.40
  25300.0    985   100/100    6.72    1.84     0.15     0.68    835   -18.16    150   -22.17      0        -      0        -      0        -       636       99   -21.02   -18.52
  25400.0    953   100/100    6.45    1.77     0.15     0.68    816   -17.81    137   -21.33      0        -      0        -      0        -       617       89   -20.58   -18.08
  25500.0    958   100/100    6.35    2.00     0.15     0.71    821   -17.61    136   -21.31      0        -      0        -      1   -27.48       611       90   -20.91   -17.86
  25600.0    981   100/100    6.06    2.20     0.15     0.73    848   -17.64    133   -20.56      0        -      0        -      0        -       609       85   -19.93   -17.86
  25700.0    983   100/100    5.83    2.27     0.15     0.71    858   -17.29    125   -19.59      0        -      0        -      0        -       625       77   -18.14   -17.53
  25800.0    983   100/100    6.44    2.28     0.15     0.73    860   -16.79    123   -19.41      0        -      0        -      0        -       596       75   -17.86   -17.05
  25900.0    990   100/100    6.63    2.23     0.15     0.72    863   -16.29    127   -19.82      0        -      0        -      0        -       630       80   -18.13   -16.62
  26000.0    977   100/100    7.17    2.25     0.15     0.73    849   -15.76    128   -20.35      0        -      0        -      0        -       608       83   -19.12   -16.11
  26100.0    980   100/100    8.19    2.37     0.15     0.72    852   -15.49    128   -20.37      0        -      0        -      0        -       646       82   -18.92   -15.88
  26200.0   1003   100/100    9.40    2.32     0.14     0.70    876   -15.95    127   -20.22      0        -      0        -      0        -       667       81   -18.71   -16.29
  26300.0   1026   100/100    8.91    1.94     0.15     0.70    897   -16.07    127   -20.65      0        -      0        -      2   -13.14       698       80   -18.92   -16.44
  26400.0   1020   100/100    7.28    1.94     0.14     0.71    890   -16.16    129   -21.04      0        -      0        -      1    -0.51       650       80   -19.15   -16.55
  26500.0   1029   100/100    7.00    2.05     0.14     0.70    895   -16.33    133   -22.07      0        -      0        -      1    -1.25       679       83   -20.12   -16.79
  26600.0   1026   100/100    6.80    1.76     0.14     0.67    897   -16.57    128   -22.13      0        -      0        -      1    -3.09       676       80   -20.27   -16.99
  26700.0   1024   100/100    7.65    2.10     0.15     0.68    888   -16.45    135   -21.70      0        -      0        -      1    -0.92       688       85   -19.92   -16.87
  26800.0   1026   100/100    7.54    1.92     0.14     0.74    882   -16.21    143   -21.50      0        -      0        -      1    -0.13       639       91   -20.04   -16.63
  26900.0   1027   100/100    8.62    2.21     0.14     0.67    874   -15.81    152   -21.94      0        -      0        -      1    -2.48       664       99   -20.81   -16.27
  27000.0   1022   100/100    7.44    1.67     0.14     0.65    877   -16.07    144   -22.12      0        -      0        -      1    -1.24       680       94   -21.10   -16.48
  27100.0   1023   100/100    7.91    1.90     0.14     0.67    878   -16.28    144   -22.40      0        -      0        -      1    -0.10       698       89   -21.05   -16.75
  27200.0   1040   100/100   10.77    2.04     0.15     0.63    903   -16.82    136   -21.91      0        -      0        -      1    -0.39       694       82   -19.24   -17.32
  27300.0   1043   100/100    8.72    1.85     0.15     0.70    905   -17.01    137   -22.01      0        -      0        -      1    -1.22       690       82   -19.46   -17.50
  27400.0   1025   100/100    8.41    2.48     0.15     0.71    890   -16.46    134   -20.71      0        -      0        -      1    -0.52       649       81   -18.69   -16.85
  27500.0   1028   100/100    9.66    2.18     0.14     0.70    890   -16.09    137   -20.73      0        -      0        -      1    -4.97       689       84   -18.76   -16.51
  27600.0   1039   100/100    7.77    2.48     0.14     0.71    901   -16.00    137   -21.06      0        -      0        -      1    -5.72       673       85   -19.44   -16.41
  27700.0   1042   100/100    8.36    2.67     0.15     0.70    901   -15.84    139   -21.20      0        -      0        -      2    -4.20       665       84   -19.34   -16.29
  27800.0   1042   100/100    8.15    1.79     0.14     0.69    909   -15.96    131   -20.84      0        -      0        -      2    -1.02       690       77   -18.17   -16.41
  27900.0   1058   100/100    7.76    2.14     0.14     0.65    918   -16.37    138   -20.76      0        -      0        -      2    -2.29       711       85   -18.74   -16.76
  28000.0   1057   100/100    8.72    2.16     0.13     0.68    912   -16.08    143   -21.11      0        -      0        -      2    -5.92       714       89   -19.31   -16.50
  28100.0   1051   100/100    7.92    2.02     0.14     0.71    916   -15.87    133   -20.08      0        -      0        -      2    -6.01       720       83   -18.49   -16.21
  28200.0   1045   100/100    8.86    2.05     0.14     0.70    914   -15.89    129   -19.67      0        -      0        -      2    -6.74       717       79   -17.72   -16.22
  28300.0   1057   100/100    8.10    1.78     0.13     0.68    923   -16.11    132   -20.20      0        -      0        -      2    -7.45       686       79   -17.76   -16.52
  28400.0   1073   100/100    8.18    1.76     0.14     0.67    938   -16.50    133   -19.88      0        -      0        -      2    -9.83       732       84   -18.65   -16.76
  28500.0   1076   100/100    7.31    2.19     0.13     0.68    937   -16.53    137   -20.43      0        -      0        -      2    -5.87       733       90   -19.48   -16.78
  28600.0   1068   100/100    9.40    2.49     0.14     0.68    929   -16.30    137   -20.87      0        -      0        -      2    -4.88       744       89   -19.90   -16.59
  28700.0   1067   100/100    8.88    1.93     0.14     0.72    928   -16.13    137   -21.32      0        -      0        -      2    -5.55       698       85   -19.87   -16.51
  28800.0   1064   100/100    7.86    2.16     0.14     0.70    935   -16.34    125   -19.98      0        -      0        -      4    -2.22       714       75   -18.13   -16.61
  28900.0   1078   100/100    7.22    2.12     0.14     0.67    946   -16.41    128   -19.91      0        -      0        -      4    -3.35       749       77   -18.13   -16.67
  29000.0   1096   100/100    6.99    1.89     0.14     0.68    962   -16.53    130   -20.20      0        -      0        -      4    -1.71       769       80   -18.67   -16.78
  29100.0   1107   100/100    7.28    2.18     0.14     0.67    977   -16.93    126   -19.53      0        -      0        -      4    -1.72       793       75   -18.02   -17.11
  29200.0   1112   100/100    8.60    2.04     0.14     0.71    986   -17.18    122   -19.53      0        -      0        -      4    -3.91       767       71   -17.82   -17.36
  29300.0   1113   100/100    6.97    1.78     0.13     0.63    992   -17.06    117   -19.41      0        -      0        -      4    -5.96       810       68   -17.61   -17.24
  29400.0   1115   100/100    6.64    2.12     0.14     0.64    996   -16.85    115   -19.67      0        -      0        -      4    -7.14       822       66   -18.38   -17.03
  29500.0   1129   100/100    6.37    2.00     0.14     0.65   1013   -17.09    112   -19.69      0        -      0        -      4    -6.97       798       64   -18.33   -17.25
  29600.0   1129   100/100    6.18    2.14     0.14     0.65   1004   -16.95    121   -20.85      0        -      0        -      4    -7.47       777       74   -20.40   -17.12
  29700.0   1123   100/100    6.79    2.29     0.13     0.65    995   -16.58    124   -21.69      0        -      0        -      4    -8.98       782       75   -21.16   -16.83
  29800.0   1143   100/100    7.25    1.78     0.13     0.69   1016   -16.75    123   -21.88      0        -      0        -      4    -9.97       796       74   -21.41   -17.00
  29900.0   1155   100/100    7.90    2.02     0.14     0.68   1033   -17.01    118   -21.47      0        -      0        -      4   -11.92       836       70   -20.94   -17.23
  30000.0   1154   100/100    7.28    1.81     0.13     0.66   1021   -16.72    128   -21.81      0        -      0        -      5   -15.79       818       75   -21.28   -17.00

300 of 300 samples printed
