arm r36-s5 | run 2026-09-11-182321-55a61291 | box 20 x 5 m, 60 m deep, 4 patch(es)
columns of 1 m: 100 | lineage.jsonl: 13922 births, 62 clades

        t      n      cols    x sd    z sd     nn h    nn 3d   leaf   leaf y   stom   stom y   mixo   mixo y    jnt    jnt y  plain  plain y  clade 1m  jointed  joint y  rigid y
    100.0     43    37/100    7.47    1.59     0.75     2.30     38   -13.91      3   -27.35      0        -      2   -13.55      0        -         0       25   -15.70   -13.62
    200.0     65    44/100    5.41    1.64     0.63     1.67     64    -7.21      1    -9.93      0        -      0        -      0        -         2       40    -6.27    -8.81
    300.0     98    59/100    5.34    1.89     0.45     1.24     97    -8.53      1   -11.39      0        -      0        -      0        -        11       62    -7.86    -9.78
    400.0    118    72/100    5.94    2.02     0.48     1.22    118    -9.30      0        -      0        -      0        -      0        -        13       80    -8.90   -10.16
    500.0    135    74/100    5.29    1.82     0.38     1.20    135   -10.49      0        -      0        -      0        -      0        -        15       95   -10.36   -10.81
    600.0    151    78/100    6.37    1.83     0.37     1.40    151   -11.89      0        -      0        -      0        -      0        -        14      107   -11.77   -12.19
    700.0    164    82/100    6.41    1.84     0.37     1.29    164   -13.05      0        -      0        -      0        -      0        -        10      122   -13.79   -10.88
    800.0    180    77/100    6.56    1.69     0.32     1.12    180   -13.62      0        -      0        -      0        -      0        -        33      135   -14.34   -11.46
    900.0    187    78/100    6.37    1.86     0.32     1.28    187   -14.18      0        -      0        -      0        -      0        -        42      140   -14.81   -12.32
   1000.0    181    91/100    7.11    2.25     0.41     1.26    181   -13.12      0        -      0        -      0        -      0        -        34      122   -13.12   -13.13
   1100.0    182    83/100    7.21    2.16     0.35     1.22    181   -12.64      0        -      0        -      0        -      1   -16.35        22      122   -12.56   -12.86
   1200.0    197    83/100    8.46    1.74     0.36     1.19    196   -13.32      0        -      0        -      0        -      1   -13.16        39      138   -13.33   -13.29
   1300.0    192    88/100    7.05    1.89     0.34     1.22    191   -13.25      0        -      0        -      0        -      1   -14.56        22      138   -13.46   -12.71
   1400.0    196    79/100    7.35    1.81     0.36     1.22    195   -13.87      0        -      0        -      0        -      1   -11.87        14      134   -13.66   -14.29
   1500.0    205    80/100    6.15    1.59     0.31     1.16    204   -14.34      0        -      0        -      0        -      1   -11.08        22      135   -14.01   -14.94
   1600.0    211    88/100    7.35    1.95     0.33     1.22    210   -14.18      0        -      0        -      0        -      1    -8.72        34      135   -13.98   -14.47
   1700.0    219    92/100    6.13    2.05     0.32     1.19    217   -14.02      0        -      1   -21.19      0        -      1    -9.17        39      147   -14.71   -12.64
   1800.0    229    84/100    5.35    1.80     0.32     1.21    227   -14.97      0        -      1   -23.47      0        -      1    -8.43        39      158   -16.27   -12.08
   1900.0    235    86/100    6.14    2.25     0.30     1.25    233   -15.60      0        -      1   -25.58      0        -      1   -11.76        50      138   -14.83   -16.76
   2000.0    227    87/100    7.38    1.53     0.32     1.24    223   -14.88      0        -      4   -29.41      0        -      0        -        46      133   -14.61   -15.88
   2100.0    224    91/100    6.71    1.94     0.34     1.24    219   -14.93      0        -      5   -26.86      0        -      0        -        33      122   -13.74   -16.94
   2200.0    216    88/100    7.09    2.12     0.33     1.28    210   -14.94      0        -      6   -26.69      0        -      0        -        43      130   -14.95   -15.76
   2300.0    206    84/100    7.01    1.73     0.31     1.25    194   -14.42      1   -25.03     11   -24.61      0        -      0        -        37      124   -14.97   -15.07
   2400.0    207    84/100    7.12    2.03     0.33     1.37    193   -14.96      1   -23.90     13   -25.06      0        -      0        -        29      121   -15.48   -15.87
   2500.0    208    89/100    7.85    1.86     0.32     1.45    187   -14.92      1   -19.44     20   -26.19      0        -      0        -        23      111   -14.94   -17.26
   2600.0    210    87/100    8.52    2.00     0.34     1.32    182   -14.62      1   -18.22     27   -29.27      0        -      0        -        33      107   -14.12   -19.02
   2700.0    219    85/100    6.32    2.23     0.32     1.32    187   -14.37      1   -20.04     31   -30.33      0        -      0        -        36      106   -14.05   -19.10
   2800.0    217    90/100    6.85    1.92     0.33     1.27    184   -13.90      1   -25.69     32   -28.97      0        -      0        -        45      103   -13.63   -18.47
   2900.0    222    90/100    6.67    2.05     0.30     1.24    183   -13.59      2   -27.73     37   -29.06      0        -      0        -        49       97   -13.00   -18.86
   3000.0    227    89/100    8.22    1.92     0.30     1.23    183   -13.16      5   -31.32     39   -28.23      0        -      0        -        45       94   -12.90   -18.45
   3100.0    246    88/100    7.46    1.99     0.31     1.23    194   -12.77      4   -36.58     48   -29.57      0        -      0        -        56       91   -12.58   -18.70
   3200.0    251    89/100    7.56    1.82     0.28     1.28    192   -12.98      2   -37.10     57   -30.49      0        -      0        -        54       92   -13.22   -19.42
   3300.0    254    87/100    9.63    2.06     0.29     1.30    195   -12.69      1   -29.02     57   -30.37      1    -4.97      0        -        49       96   -13.43   -18.67
   3400.0    258    91/100    8.06    2.07     0.29     1.25    196   -12.18      0        -     62   -30.69      0        -      0        -        54       95   -13.55   -18.43
   3500.0    277    93/100    9.11    2.00     0.29     1.24    206   -11.59      0        -     71   -30.12      0        -      0        -        38       93   -12.57   -18.24
   3600.0    311    97/100    7.76    1.91     0.27     1.09    241   -12.79      0        -     70   -30.38      0        -      0        -        79       94   -12.84   -18.44
   3700.0    298    93/100    7.15    2.18     0.29     1.16    233   -11.11      0        -     65   -28.23      0        -      0        -        55       94   -12.56   -15.90
   3800.0    293    88/100    6.75    1.96     0.25     1.16    234   -11.61      0        -     59   -27.28      0        -      0        -        68       93   -13.05   -15.56
   3900.0    305    99/100    6.46    2.04     0.27     1.20    250   -12.49      1   -38.52     53   -25.38      0        -      1    -2.03        65       89   -13.34   -15.38
   4000.0    323    97/100    5.81    1.96     0.25     1.17    276   -13.21      1   -35.68     46   -22.94      0        -      0        -        53      105   -16.66   -13.70
   4100.0    341    94/100    6.94    2.03     0.25     1.11    300   -13.92      1   -30.91     40   -20.53      0        -      0        -        94      103   -16.66   -13.91
   4200.0    370    98/100    6.69    1.93     0.24     1.04    327   -13.95      1   -23.26     42   -21.43      0        -      0        -        90       98   -15.77   -14.48
   4300.0    382    99/100    7.18    1.98     0.24     1.07    323   -12.74      1   -23.84     58   -22.86      0        -      0        -       110       88   -14.13   -14.36
   4400.0    437    99/100    6.62    1.82     0.23     1.03    338   -11.95      1   -23.10     98   -26.40      0        -      0        -       148       83   -13.87   -15.53
   4500.0    461    97/100    7.06    1.96     0.24     1.01    345   -11.36      1   -19.85    115   -28.36      0        -      0        -       147       79   -13.23   -16.11
   4600.0    474    99/100    8.82    1.97     0.21     1.02    347   -11.69      2   -33.12    125   -28.88      0        -      0        -       134       74   -12.69   -16.98
   4700.0    494   100/100    7.94    1.90     0.22     0.91    357   -12.01      2   -31.49    135   -29.94      0        -      0        -       179       71   -12.87   -17.68
   4800.0    515    99/100    7.20    2.13     0.20     0.99    376   -12.63      2   -24.26    137   -31.14      0        -      0        -       183       75   -14.05   -18.20
   4900.0    548    99/100    7.21    2.05     0.19     0.98    420   -13.77      1   -24.34    127   -30.99      0        -      0        -       187       86   -16.90   -17.95
   5000.0    577    98/100    6.78    2.16     0.18     0.97    438   -13.86      1   -18.37    138   -30.83      0        -      0        -       218       79   -17.07   -18.06
   5100.0    604   100/100    6.18    2.31     0.17     0.95    449   -13.28      1   -14.72    154   -31.76      0        -      0        -       226       67   -14.90   -18.38
   5200.0    621   100/100    6.99    1.94     0.19     0.91    454   -13.01      1   -15.85    166   -31.40      0        -      0        -       247       57   -12.16   -18.51
   5300.0    626   100/100    6.27    1.99     0.18     0.92    467   -13.35      1   -21.69    158   -29.24      0        -      0        -       250       59   -13.91   -17.73
   5400.0    638   100/100    6.64    1.79     0.17     0.90    475   -13.47      0        -    163   -27.30      0        -      0        -       280       53   -13.37   -17.33
   5500.0    656   100/100    6.99    1.97     0.17     0.84    493   -14.32      0        -    163   -26.53      0        -      0        -       293       55   -16.49   -17.43
   5600.0    639   100/100    7.30    2.12     0.19     0.83    495   -14.33      0        -    144   -24.49      0        -      0        -       307       52   -14.35   -16.82
   5700.0    634   100/100    7.56    1.79     0.18     0.81    505   -14.87      0        -    129   -23.06      0        -      0        -       299       41   -10.57   -16.95
   5800.0    621   100/100    7.42    2.01     0.17     0.84    499   -14.66      0        -    122   -21.85      0        -      0        -       288       47   -13.10   -16.31
   5900.0    628    99/100    9.28    2.60     0.19     0.85    519   -15.00      0        -    109   -20.55      0        -      0        -       291       49   -14.47   -16.09
   6000.0    623   100/100   10.42    2.08     0.19     0.86    522   -14.91      0        -    101   -18.98      0        -      0        -       297       45   -13.60   -15.72
   6100.0    648    99/100    7.67    1.90     0.18     0.84    536   -15.17      0        -    112   -18.60      0        -      0        -       306       43   -12.45   -16.00
   6200.0    664   100/100    7.01    2.70     0.17     0.78    533   -15.22      0        -    131   -19.93      0        -      0        -       334       38   -11.97   -16.40
   6300.0    673    98/100    7.72    1.91     0.18     0.76    543   -15.13      0        -    130   -20.13      0        -      0        -       328       43   -13.81   -16.25
   6400.0    675   100/100    6.46    1.91     0.18     0.80    548   -15.35      0        -    127   -19.96      0        -      0        -       329       35   -11.30   -16.48
   6500.0    685   100/100    6.62    1.91     0.18     0.82    560   -15.56      0        -    125   -19.56      0        -      0        -       359       33   -10.71   -16.57
   6600.0    689   100/100    6.47    1.79     0.17     0.82    561   -15.66      0        -    128   -20.03      0        -      0        -       339       34   -13.27   -16.64
   6700.0    677   100/100    7.52    2.01     0.17     0.78    568   -15.98      0        -    109   -16.98      0        -      0        -       326       28   -11.04   -16.36
   6800.0    698   100/100    6.01    1.76     0.16     0.79    598   -16.56      0        -    100   -15.92      0        -      0        -       367       26    -9.44   -16.74
   6900.0    712   100/100    6.27    2.01     0.17     0.80    602   -16.86      0        -    110   -17.18      0        -      0        -       383       25    -9.95   -17.17
   7000.0    732   100/100    6.35    1.90     0.17     0.77    609   -17.40      0        -    123   -18.71      0        -      0        -       372       23    -9.98   -17.87
   7100.0    729   100/100    7.68    2.15     0.17     0.79    599   -17.11      0        -    130   -19.94      0        -      0        -       353       22   -10.06   -17.85
   7200.0    736   100/100    8.14    1.96     0.17     0.79    611   -17.55      0        -    125   -19.67      0        -      0        -       383       22   -10.00   -18.16
   7300.0    748   100/100    8.91    2.06     0.18     0.83    616   -18.10      0        -    132   -20.49      0        -      0        -       378       28   -14.39   -18.68
   7400.0    741   100/100    8.46    2.14     0.17     0.86    618   -18.13      0        -    123   -20.47      0        -      0        -       347       29   -16.32   -18.61
   7500.0    741   100/100    8.35    2.21     0.17     0.88    617   -18.03      0        -    124   -20.71      0        -      0        -       324       21   -11.16   -18.69
   7600.0    747   100/100    6.94    1.99     0.16     0.82    624   -17.70      0        -    123   -21.22      0        -      0        -       352       29   -15.78   -18.38
   7700.0    759    99/100    7.32    2.13     0.16     0.83    642   -17.54      0        -    117   -20.61      0        -      0        -       365       34   -17.30   -18.05
   7800.0    778   100/100    7.30    1.62     0.17     0.77    669   -17.99      0        -    109   -20.56      0        -      0        -       439       27   -14.49   -18.49
   7900.0    808   100/100    8.01    1.88     0.16     0.74    702   -18.61      1   -25.29    105   -20.17      0        -      0        -       464       23   -13.30   -18.99
   8000.0    817   100/100    7.13    1.99     0.15     0.72    718   -19.34      1   -21.48     98   -19.82      0        -      0        -       513       23   -14.37   -19.54
   8100.0    842    99/100    6.61    2.17     0.15     0.69    748   -19.75      2   -21.08     92   -19.61      0        -      0        -       538       22   -15.42   -19.85
   8200.0    871    99/100    7.53    1.99     0.15     0.69    779   -19.93      2   -17.25     90   -18.81      0        -      0        -       510       29   -17.77   -19.88
   8300.0    898   100/100    8.58    2.54     0.15     0.73    792   -19.52      2   -20.51    104   -19.31      0        -      0        -       542       23   -14.98   -19.62
   8400.0    908    99/100    8.39    1.85     0.15     0.68    793   -19.52      2   -20.84    113   -19.76      0        -      0        -       616       17   -11.38   -19.71
   8500.0    925   100/100    7.80    2.11     0.15     0.67    798   -19.33      2   -26.82    125   -21.76      0        -      0        -       598       15   -10.16   -19.84
   8600.0    946   100/100    7.32    1.98     0.15     0.72    818   -19.63      2   -28.10    126   -22.39      0        -      0        -       572       15    -9.43   -20.19
   8700.0    938   100/100    8.84    1.97     0.15     0.75    821   -19.66      2   -28.78    115   -20.71      0        -      0        -       556       14    -9.08   -19.97
   8800.0    935   100/100    8.22    1.99     0.16     0.75    821   -19.50      2   -22.91    111   -21.21      0        -      1   -25.71       561       14   -10.16   -19.86
   8900.0    937   100/100    8.71    1.84     0.15     0.73    810   -19.08      2   -19.88    124   -23.12      0        -      1   -23.70       586       13    -9.69   -19.76
   9000.0    942   100/100    8.70    1.84     0.15     0.74    812   -19.06      2   -19.84    127   -24.71      0        -      1   -24.72       560       16   -12.96   -19.95
   9100.0    958   100/100    6.53    1.71     0.15     0.72    829   -19.23      1    -5.82    128   -25.15      0        -      0        -       559       19   -15.03   -20.10
   9200.0    964   100/100    6.73    1.85     0.14     0.73    846   -18.96      2   -13.93    115   -24.17      1   -31.45      0        -       588       22   -17.34   -19.63
   9300.0    980   100/100    8.74    1.97     0.15     0.74    881   -18.67      2   -14.82     97   -22.96      0        -      0        -       584       24   -18.91   -19.09
   9400.0    999   100/100    7.93    1.89     0.15     0.69    901   -18.62      2   -15.38     96   -21.81      0        -      0        -       646       24   -21.36   -18.86
   9500.0   1000   100/100    7.53    1.98     0.15     0.73    910   -18.58      2   -13.45     88   -20.34      0        -      0        -       641       16   -14.16   -18.80
   9600.0    988   100/100    7.48    2.16     0.14     0.73    903   -18.22      2   -15.07     83   -18.17      0        -      0        -       639       14   -10.96   -18.31
   9700.0   1003   100/100    9.77    2.35     0.14     0.72    908   -18.77      2   -13.96     93   -20.31      0        -      0        -       624       14   -12.67   -18.99
   9800.0   1029   100/100    6.63    2.01     0.14     0.69    921   -19.03      3   -18.15    105   -22.02      0        -      0        -       676       13   -13.90   -19.40
   9900.0   1044   100/100    6.80    2.45     0.14     0.70    939   -19.21      3   -21.87    102   -22.11      0        -      0        -       644       13   -15.90   -19.54
  10000.0   1056    99/100    6.99    2.16     0.14     0.68    953   -19.34      3   -22.56     99   -22.40      0        -      1   -28.37       717       11   -12.82   -19.72
  10100.0   1075   100/100    6.74    1.87     0.13     0.70    964   -19.22      3   -19.84    108   -23.16      0        -      0        -       693       10   -11.55   -19.69
  10200.0   1101   100/100    7.71    2.14     0.14     0.68    992   -18.87      3   -19.03    106   -23.30      0        -      0        -       728       10   -11.44   -19.37
  10300.0   1098   100/100    7.14    2.05     0.14     0.62    994   -18.51      3   -20.61    101   -22.51      0        -      0        -       780       11   -14.08   -18.93
  10400.0   1109   100/100    6.05    1.73     0.13     0.65   1005   -18.14      3   -21.47    101   -22.39      0        -      0        -       787       17   -20.64   -18.50
  10500.0   1102   100/100    7.37    2.07     0.14     0.67   1004   -17.73      3   -25.83     95   -21.61      0        -      0        -       761       14   -16.68   -18.10
  10600.0   1105   100/100    7.94    2.01     0.14     0.66   1014   -17.77      3   -28.12     88   -20.81      0        -      0        -       742       22   -20.78   -17.99
  10700.0   1097   100/100    7.04    2.04     0.14     0.69   1016   -17.86      3   -26.91     78   -19.49      0        -      0        -       712       28   -21.04   -17.92
  10800.0   1090   100/100    6.99    1.90     0.14     0.71   1000   -17.78      3   -23.12     87   -20.32      0        -      0        -       711       31   -22.53   -17.86
  10900.0   1080   100/100    7.07    1.92     0.14     0.70    999   -17.89      3   -20.47     78   -19.35      0        -      0        -       727       34   -23.89   -17.81
  11000.0   1063   100/100    7.44    1.84     0.14     0.67    987   -18.09      3   -17.97     73   -19.20      0        -      0        -       744       21   -16.11   -18.21
  11100.0   1062   100/100    7.46    2.31     0.14     0.67    990   -18.28      3   -18.69     69   -18.93      0        -      0        -       720       21   -16.22   -18.37
  11200.0   1084   100/100    7.54    2.19     0.14     0.69   1014   -18.20      3   -19.92     66   -19.62      0        -      1   -19.57       750       26   -19.35   -18.27
  11300.0   1099   100/100    7.58    2.02     0.14     0.67   1032   -17.60      3   -20.40     63   -18.46      0        -      1   -19.59       729       22   -16.21   -17.69
  11400.0   1099   100/100    7.47    1.79     0.14     0.68   1040   -17.34      3   -22.46     55   -17.10      0        -      1   -22.05       761       22   -14.71   -17.40
  11500.0   1123   100/100    7.67    2.02     0.14     0.67   1067   -17.42      3   -23.60     52   -16.18      0        -      1   -19.93       793       19   -12.74   -17.46
  11600.0   1132   100/100    8.70    1.89     0.13     0.67   1081   -17.71      3   -24.52     47   -14.54      0        -      1   -20.27       808       20   -14.63   -17.65
  11700.0   1138   100/100    7.39    2.25     0.13     0.66   1089   -18.09      3   -26.68     45   -14.25      0        -      1   -25.14       810       16   -11.36   -18.06
  11800.0   1138   100/100    7.95    2.08     0.14     0.67   1088   -18.19      4   -28.21     44   -15.21      0        -      2   -26.09       826       15   -12.70   -18.20
  11900.0   1158   100/100    7.45    2.18     0.13     0.66   1109   -18.50      4   -27.38     43   -16.49      0        -      2   -27.05       828       16   -13.86   -18.53
  12000.0   1180   100/100    7.10    1.95     0.13     0.66   1132   -19.06      4   -29.08     42   -17.46      0        -      2   -31.59       833       29   -21.61   -19.00
  12100.0   1179   100/100    7.13    2.01     0.13     0.65   1135   -19.06      4   -30.74     39   -16.58      0        -      1   -39.58       857       23   -19.19   -19.03
  12200.0   1193    99/100    6.82    2.15     0.13     0.64   1142   -18.69      4   -30.55     47   -19.14      0        -      0        -       859       25   -20.31   -18.71
  12300.0   1199   100/100    7.57    1.73     0.13     0.67   1138   -18.58      4   -30.20     57   -21.29      0        -      0        -       858       22   -19.02   -18.74
  12400.0   1199   100/100    8.44    1.87     0.13     0.70   1127   -18.52      4   -30.57     68   -23.90      0        -      0        -       827       17   -17.47   -18.88
  12500.0   1207   100/100    7.71    1.81    ~0.13    ~0.68   1136   -18.39      5   -29.69     66   -24.06      0        -      0        -       844       16   -16.34   -18.78
  12600.0   1220   100/100    7.09    1.99    ~0.13    ~0.63   1153   -18.23      5   -28.17     62   -24.15      0        -      0        -       890       19   -18.33   -18.57
  12700.0   1217   100/100    7.82    1.90    ~0.14    ~0.56   1158   -18.22      5   -26.67     54   -22.05      0        -      0        -       896       15   -15.08   -18.46
  12800.0   1233   100/100    6.79    1.74    ~0.13    ~0.63   1177   -18.29      5   -27.72     51   -21.31      0        -      0        -       943       14   -14.71   -18.50
  12900.0   1233   100/100    7.05    2.10    ~0.13    ~0.65   1174   -17.87      5   -29.03     54   -21.13      0        -      0        -       917       13   -15.24   -18.09
  13000.0   1246   100/100    8.04    1.83    ~0.13    ~0.64   1169   -17.59      5   -28.07     72   -23.89      0        -      0        -       902       11   -12.49   -18.05
  13100.0   1262   100/100    8.37    1.95    ~0.13    ~0.63   1182   -17.66      6   -31.12     74   -23.65      0        -      0        -       947       11   -12.91   -18.12
  13200.0   1272   100/100    9.44    1.83    ~0.13    ~0.67   1194   -17.62      7   -30.09     71   -23.63      0        -      0        -       918       11   -12.74   -18.07
  13300.0   1277   100/100    8.31    2.23    ~0.12    ~0.64   1199   -17.28      7   -29.98     71   -23.54      0        -      0        -       910       11   -14.48   -17.72
  13400.0   1282   100/100    8.14    2.04    ~0.13    ~0.64   1209   -17.40      7   -29.40     66   -23.03      0        -      0        -       937       12   -14.31   -17.79
  13500.0   1256   100/100    7.22    1.84    ~0.13    ~0.63   1191   -17.02      8   -30.21     57   -22.52      0        -      0        -       927       13   -14.79   -17.38
  13600.0   1263   100/100    8.26    1.99    ~0.13    ~0.64   1181   -16.51      8   -32.28     74   -25.49      0        -      0        -       928       12   -11.11   -17.19
  13700.0   1265   100/100   10.35    1.99    ~0.13    ~0.65   1189   -16.67      9   -36.59     67   -22.69      0        -      0        -       919       12   -10.80   -17.19
  13800.0   1266   100/100    7.45    2.06    ~0.12    ~0.69   1197   -17.17      8   -35.17     61   -21.06      0        -      0        -       879       13   -12.40   -17.52
  13900.0   1278   100/100    6.61    2.23    ~0.13    ~0.67   1214   -17.42      9   -35.84     55   -20.35      0        -      0        -       933       12   -10.83   -17.74
  14000.0   1297   100/100    6.98    2.13    ~0.13    ~0.66   1238   -17.79      9   -40.34     50   -19.24      0        -      0        -       915       14   -14.85   -18.04
  14100.0   1297   100/100    7.23    2.02    ~0.12    ~0.64   1243   -18.00      9   -39.81     45   -18.83      0        -      0        -       938       17   -18.52   -18.17
  14200.0   1294   100/100    6.97    2.02    ~0.13    ~0.66   1245   -18.09      9   -38.87     40   -16.75      0        -      0        -       960       27   -24.05   -18.07
  14300.0   1303   100/100    6.83    2.16    ~0.13    ~0.63   1256   -18.32     10   -37.64     37   -16.58      0        -      0        -       959       17   -17.76   -18.42
  14400.0   1318   100/100    7.20    2.06    ~0.12    ~0.65   1272   -18.27     11   -38.66     34   -15.87      0        -      1   -15.17       967       15   -15.21   -18.41
  14500.0   1337   100/100    7.98    1.94    ~0.11    ~0.62   1290   -18.26     13   -37.52     31   -14.53      0        -      3   -24.84      1014       13   -14.90   -18.41
  14600.0   1360   100/100    8.20    1.89    ~0.11    ~0.64   1317   -18.11     13   -37.55     29   -13.54      0        -      1   -15.33      1053       12   -12.76   -18.24
  14700.0   1379   100/100    7.73    1.74    ~0.12    ~0.60   1326   -18.05     16   -40.30     36   -18.21      0        -      1   -14.92      1068       12   -12.84   -18.36
  14800.0   1385   100/100    7.31    1.81    ~0.12    ~0.62   1323   -17.79     16   -40.80     45   -23.31      0        -      1   -18.61      1060       12   -13.82   -18.28
  14900.0   1387   100/100    7.51    2.02    ~0.12    ~0.61   1324   -17.68     17   -41.66     45   -23.18      0        -      1   -13.10      1066       12   -13.49   -18.19
  15000.0   1388   100/100    6.93    2.21    ~0.12    ~0.60   1326   -17.68     20   -43.18     41   -23.27      0        -      1   -17.12      1063       12   -13.81   -18.25
  15100.0   1402   100/100    7.72    2.15    ~0.13    ~0.61   1342   -17.86     21   -45.39     38   -23.04      0        -      1   -14.81      1078       12   -13.34   -18.45
  15200.0   1404   100/100    7.06    1.81    ~0.13    ~0.61   1348   -17.88     23   -44.90     32   -21.45      0        -      1   -19.14      1090       13   -14.99   -18.44
  15300.0   1417   100/100    8.00    1.97    ~0.12    ~0.62   1364   -17.96     25   -45.12     27   -18.52      0        -      1   -14.26      1080       15   -16.35   -18.47
  15400.0   1428   100/100    8.02    2.14    ~0.12    ~0.64   1372   -18.05     29   -45.18     26   -17.47      0        -      1   -13.13      1110       16   -16.10   -18.61
  15500.0   1450   100/100    7.35    2.15    ~0.12    ~0.62   1381   -17.88     34   -44.87     34   -22.28      0        -      1   -14.08      1103       15   -14.61   -18.66
  15600.0   1457   100/100    6.44    1.88    ~0.12    ~0.60   1375   -17.78     35   -44.29     46   -26.77      0        -      1    -9.50      1108       13   -12.45   -18.75
  15700.0   1462   100/100    6.41    2.25    ~0.11    ~0.59   1378   -17.94     37   -42.91     46   -26.37      0        -      1    -8.38      1138       12   -10.72   -18.90
  15800.0   1453   100/100    7.47    1.79    ~0.11    ~0.61   1371   -18.09     39   -44.10     42   -23.62      0        -      1    -9.07      1144       11    -8.13   -19.02
  15900.0   1447   100/100    8.52    2.02    ~0.12    ~0.65   1365   -18.15     41   -44.39     40   -22.84      0        -      1    -5.37      1082       11    -9.96   -19.08
  16000.0   1460   100/100    7.98    1.94    ~0.12    ~0.64   1384   -18.53     42   -43.83     33   -21.09      0        -      1    -2.72      1122       11   -11.37   -19.36
  16100.0   1457   100/100    7.82    2.05    ~0.12    ~0.62   1385   -18.89     43   -43.35     28   -18.60      0        -      1    -8.85      1120       12   -16.84   -19.62
  16200.0   1458   100/100    7.53    1.95    ~0.11    ~0.60   1387   -18.84     43   -43.08     27   -18.17      0        -      1    -4.72      1108        9   -14.48   -19.57
  16300.0   1465   100/100    7.38    2.20    ~0.11    ~0.59   1394   -19.00     47   -42.82     23   -16.06      0        -      1    -2.19      1156        9   -11.67   -19.76
  16400.0   1469   100/100    7.66    1.86    ~0.12    ~0.57   1399   -19.08     47   -42.10     22   -16.00      0        -      1    -8.20      1199       10   -10.87   -19.82
  16500.0   1475   100/100    9.29    2.07    ~0.12    ~0.62   1403   -19.26     50   -41.71     21   -16.52      0        -      1   -12.37      1160        8    -6.32   -20.05
  16600.0   1488   100/100    9.32    2.06    ~0.12    ~0.61   1418   -19.05     48   -41.87     21   -16.82      0        -      1   -19.27      1219        8    -8.59   -19.81
  16700.0   1504   100/100    7.24    2.47    ~0.12    ~0.63   1438   -18.99     47   -40.20     17   -14.39      0        -      2   -19.35      1184        7    -9.51   -19.64
  16800.0   1519   100/100    8.79    2.02    ~0.12    ~0.62   1453   -18.92     48   -38.66     16   -13.78      0        -      2   -23.07      1223        7   -10.30   -19.53
  16900.0   1529   100/100    8.22    2.13    ~0.12    ~0.62   1463   -18.98     49   -38.53     15   -12.60      0        -      2   -25.57      1209        6    -6.78   -19.61
  17000.0   1541   100/100    8.13    1.93    ~0.12    ~0.63   1475   -19.15     51   -37.99     14   -12.68      0        -      1   -13.78      1246        6    -8.46   -19.75
  17100.0   1543   100/100   10.20    1.84    ~0.11    ~0.57   1478   -19.00     50   -38.37     14   -12.40      0        -      1   -13.12      1242        6    -9.46   -19.61
  17200.0   1564   100/100    8.03    1.83    ~0.11    ~0.60   1498   -19.27     51   -38.33     13   -13.68      0        -      2   -20.64      1276        5    -8.12   -19.89
  17300.0   1569   100/100    7.83    1.60    ~0.11    ~0.57   1505   -19.12     51   -38.01     11   -12.28      0        -      2   -17.41      1234        5    -8.19   -19.72
  17400.0   1571   100/100    7.89    1.85    ~0.12    ~0.57   1506   -19.08     52   -37.56     12   -13.75      0        -      1    -0.45      1297        5   -10.86   -19.67
  17500.0   1572   100/100    7.81    1.89    ~0.12    ~0.60   1508   -18.72     52   -37.17     11   -12.33      0        -      1    -8.42      1302        5   -10.35   -19.31
  17600.0   1592   100/100    8.74    1.95    ~0.11    ~0.57   1525   -18.94     55   -37.14     11   -13.03      0        -      1    -4.78      1315        5   -12.91   -19.54
  17700.0   1608   100/100    7.25    2.15    ~0.11    ~0.58   1543   -18.82     54   -36.25     10   -10.56      0        -      1    -3.99      1331        5   -12.58   -19.37
  17800.0   1604   100/100    7.26    2.12    ~0.12    ~0.60   1541   -18.47     52   -34.07     10    -9.71      0        -      1    -2.24      1296       12   -24.22   -18.87
  17900.0   1614   100/100    6.84    2.09    ~0.11    ~0.63   1552   -18.40     51   -33.77     10   -11.41      0        -      1    -1.34      1301       18   -27.45   -18.73
  18000.0   1604   100/100    6.47    2.30    ~0.12    ~0.60   1541   -18.50     52   -34.24     10   -13.40      0        -      1    -0.62      1302       14   -26.61   -18.90
  18100.0   1601   100/100    6.49    2.00    ~0.11    ~0.59   1541   -18.76     49   -34.26     10   -12.69      0        -      1    -2.00      1284       10   -20.62   -19.18
  18200.0   1611   100/100    6.18    1.95    ~0.11    ~0.57   1554   -19.05     47   -34.29      9   -11.28      0        -      1    -0.30      1290        9   -16.59   -19.46
  18300.0   1622   100/100    6.44    2.27    ~0.11    ~0.56   1567   -18.76     45   -33.68      9   -11.66      0        -      1    -0.17      1333        9   -17.62   -19.13
  18400.0   1622   100/100    6.38    1.79    ~0.11    ~0.60   1569   -18.67     43   -31.60      9   -12.51      0        -      1    -1.07      1311        9   -18.89   -18.97
  18500.0   1622   100/100    7.16    1.92    ~0.12    ~0.59   1572   -18.87     40   -29.33      9   -13.89      0        -      1    -5.09      1299        7   -15.72   -19.11
  18600.0   1631   100/100    9.74    2.16    ~0.12    ~0.59   1575   -18.97     41   -29.53     14   -23.54      0        -      1   -10.35      1333        7   -14.76   -19.28
  18700.0   1646   100/100    7.62    1.98    ~0.11    ~0.56   1587   -19.08     41   -30.00     17   -24.67      0        -      1   -12.82      1335        7   -12.16   -19.43
  18800.0   1651   100/100    6.78    2.18    ~0.11    ~0.60   1590   -19.25     42   -29.73     18   -24.68      0        -      1    -8.86      1347        7   -12.11   -19.60
  18900.0   1648   100/100    6.52    2.59    ~0.12    ~0.60   1591   -19.28     40   -28.49     16   -24.17      0        -      1    -4.30      1351        6   -11.23   -19.57
  19000.0   1644   100/100    7.14    2.08    ~0.11    ~0.60   1589   -19.12     40   -27.27     14   -23.33      0        -      1    -1.35      1355        6   -10.92   -19.37
  19100.0   1640   100/100    8.91    1.80    ~0.11    ~0.57   1583   -19.27     42   -28.18     14   -22.15      0        -      1    -4.38      1360        6   -11.84   -19.54
  19200.0   1637   100/100    9.98    1.68    ~0.11    ~0.56   1583   -19.76     41   -28.37     12   -21.29      0        -      1    -0.47      1367        5   -13.40   -19.99
  19300.0   1629   100/100    7.00    2.11    ~0.11    ~0.56   1572   -20.03     41   -28.01     15   -25.38      0        -      1    -0.53      1344        5   -13.41   -20.29
  19400.0   1635   100/100    7.00    1.92    ~0.11    ~0.58   1573   -20.15     42   -27.15     19   -29.19      0        -      1    -1.82      1357        5   -15.15   -20.44
  19500.0   1634   100/100    6.81    1.71    ~0.11    ~0.59   1576   -20.07     41   -26.07     16   -26.06      0        -      1    -1.98      1357        5   -15.71   -20.28
  19600.0   1621   100/100    6.99    1.71    ~0.11    ~0.62   1562   -19.82     45   -25.79     13   -21.29      0        -      1    -1.10      1322        5   -15.54   -20.00
  19700.0   1599   100/100    8.03    2.24    ~0.11    ~0.62   1542   -19.42     45   -24.92     11   -19.70      0        -      1    -0.43      1285        4   -15.78   -19.57
  19800.0   1608   100/100    8.03    2.36    ~0.11    ~0.56   1555   -19.76     43   -23.64      9   -16.34      0        -      1    -2.38      1315        4   -17.30   -19.84
  19900.0   1618   100/100    8.72    2.20    ~0.12    ~0.54   1562   -20.38     46   -24.40      9   -18.06      0        -      1    -0.22      1353        4   -12.16   -20.49
  20000.0   1607   100/100    8.32    1.89    ~0.11    ~0.54   1552   -20.43     46   -24.29      8   -16.34      0        -      1    -0.10      1332        4   -10.88   -20.53
  20100.0   1616   100/100    7.78    2.08    ~0.11    ~0.56   1564   -20.44     44   -24.71      7   -16.82      0        -      1    -5.74      1297        5   -12.94   -20.56
  20200.0   1626   100/100    7.51    2.05    ~0.12    ~0.55   1576   -20.43     43   -24.53      6   -15.76      0        -      1   -10.00      1330        4   -10.37   -20.54
  20300.0   1627   100/100    7.85    2.54    ~0.11    ~0.59   1574   -20.33     44   -23.38      8   -19.60      0        -      1   -13.93      1332        4    -8.30   -20.43
  20400.0   1638   100/100    8.98    1.89    ~0.11    ~0.58   1566   -20.29     47   -25.10     24   -32.95      0        -      1   -19.51      1314        4    -7.03   -20.65
  20500.0   1643   100/100    7.67    2.33    ~0.11    ~0.59   1566   -20.43     52   -26.67     24   -34.23      0        -      1   -25.45      1287        4    -7.05   -20.87
  20600.0   1647   100/100    8.28    1.90    ~0.11    ~0.61   1575   -20.61     52   -26.73     19   -32.49      0        -      1   -28.40      1332        4    -6.49   -20.98
  20700.0   1650   100/100    8.57    2.05    ~0.11    ~0.59   1579   -20.56     52   -26.62     17   -31.23      0        -      2   -23.07      1362        4    -9.09   -20.90
  20800.0   1656   100/100    8.13    2.21    ~0.11    ~0.59   1587   -20.52     53   -26.94     14   -29.38      0        -      2   -20.09      1348        4   -11.49   -20.82
  20900.0   1660   100/100    7.36    1.82    ~0.11    ~0.59   1590   -20.28     53   -26.53     15   -28.40      0        -      2   -20.87      1328        4   -12.81   -20.57
  21000.0   1665   100/100    8.61    1.86    ~0.11    ~0.59   1597   -20.18     54   -26.57     13   -28.14      0        -      1   -20.28      1358        4   -13.30   -20.47
  21100.0   1670   100/100    7.03    2.36    ~0.11    ~0.59   1602   -20.46     58   -26.98      9   -22.74      0        -      1   -24.63      1393        4   -13.02   -20.72
  21200.0   1669   100/100    7.17    2.15    ~0.11    ~0.59   1599   -20.64     60   -27.64      9   -20.53      0        -      1   -23.78      1379        4   -13.11   -20.91
  21300.0   1672   100/100    7.78    2.10    ~0.11    ~0.59   1598   -20.79     64   -29.47      9   -20.46      0        -      1   -24.11      1373        4   -11.47   -21.15
  21400.0   1675   100/100    8.61    2.07    ~0.11    ~0.61   1602   -20.98     64   -29.64      8   -15.96      0        -      1   -27.92      1371        4    -9.87   -21.32
  21500.0   1670   100/100    7.99    1.90    ~0.11    ~0.60   1597   -20.90     65   -29.83      7   -16.77      0        -      1   -30.55      1377        4    -6.29   -21.27
  21600.0   1657   100/100    9.00    2.07    ~0.11    ~0.57   1586   -20.73     64   -29.44      6   -15.10      0        -      1   -37.95      1365        4    -8.80   -21.09
  21700.0   1653   100/100    7.84    1.93    ~0.11    ~0.56   1583   -20.94     66   -28.98      3    -6.78      0        -      1   -32.00      1361        4   -11.81   -21.26
  21800.0   1655   100/100    8.59    2.03    ~0.11    ~0.60   1583   -20.91     68   -29.54      3    -7.59      0        -      1   -35.64      1389        4    -9.87   -21.28
  21900.0   1659   100/100    8.53    1.90    ~0.11    ~0.59   1584   -20.71     71   -30.50      3   -10.64      0        -      1   -30.27      1346        4    -8.05   -21.15
  22000.0   1657   100/100    7.89    1.80    ~0.11    ~0.55   1583   -20.40     71   -30.41      3   -11.32      0        -      0        -      1373        4   -10.64   -20.84
  22100.0   1658   100/100    8.98    2.33    ~0.11    ~0.56   1583   -20.29     72   -29.76      3   -11.49      0        -      0        -      1383        4   -15.15   -20.70
  22200.0   1657   100/100    7.38    2.08    ~0.11    ~0.59   1579   -20.59     74   -29.26      3   -14.75      0        -      1   -33.81      1377        4   -16.57   -20.99
  22300.0   1667   100/100    8.06    2.02    ~0.10    ~0.59   1588   -20.71     76   -29.60      3   -11.92      0        -      0        -      1399        4   -18.37   -21.10
  22400.0   1665   100/100   10.01    2.44    ~0.11    ~0.64   1588   -20.69     74   -28.81      3   -11.15      0        -      0        -      1354        3   -11.85   -21.05
  22500.0   1680   100/100    8.31    2.08    ~0.11    ~0.58   1600   -20.51     77   -29.30      3   -11.99      0        -      0        -      1380        3   -10.86   -20.91
  22600.0   1682   100/100    7.59    2.07    ~0.11    ~0.59   1603   -20.48     77   -30.38      2    -8.21      0        -      0        -      1355        3   -11.81   -20.94
  22700.0   1680   100/100    7.53    1.98    ~0.11    ~0.60   1602   -20.32     76   -29.98      2   -10.89      0        -      0        -      1369        3   -13.02   -20.76
  22800.0   1673   100/100    7.89    1.62    ~0.11    ~0.58   1596   -20.31     75   -28.64      2   -11.77      0        -      0        -      1377        2   -20.54   -20.67
  22900.0   1663   100/100    7.33    1.92    ~0.11    ~0.57   1586   -20.45     75   -28.23      2   -13.18      0        -      0        -      1412        2   -22.68   -20.79
  23000.0   1670   100/100    7.68    2.16    ~0.11    ~0.59   1595   -20.74     73   -27.93      2   -12.96      0        -      0        -      1386        1   -20.93   -21.05
  23100.0   1685   100/100    7.95    2.03    ~0.11    ~0.60   1610   -20.75     73   -28.03      2   -12.06      0        -      0        -      1381        1   -17.60   -21.05
  23200.0   1677   100/100    7.66    2.27    ~0.11    ~0.58   1604   -21.05     71   -27.34      2   -17.31      0        -      0        -      1387        1   -10.69   -21.31
  23300.0   1670   100/100    7.23    2.03    ~0.11    ~0.62   1597   -21.50     71   -27.79      2   -20.58      0        -      0        -      1363        1   -13.71   -21.77
  23400.0   1669   100/100    7.65    1.79    ~0.11    ~0.61   1589   -21.45     78   -28.77      2   -21.67      0        -      0        -      1356        1   -18.10   -21.80
  23500.0   1654   100/100    7.69    1.92    ~0.11    ~0.60   1571   -21.19     81   -29.61      2   -23.77      0        -      0        -      1366        1   -17.85   -21.61
  23600.0   1661   100/100    7.35    1.84    ~0.11    ~0.61   1580   -21.01     79   -29.49      2   -29.13      0        -      0        -      1378        1   -19.56   -21.43
  23700.0   1663   100/100    7.57    1.96    ~0.11    ~0.62   1578   -21.28     76   -28.90      9   -36.08      0        -      0        -      1357        1   -24.09   -21.70
  23800.0   1666   100/100    7.72    2.00    ~0.11    ~0.56   1578   -21.41     76   -28.75     12   -35.42      0        -      0        -      1369        1   -22.32   -21.84
  23900.0   1659   100/100    8.53    1.91    ~0.11    ~0.57   1574   -21.43     76   -28.49      9   -31.95      0        -      0        -      1361        1   -28.43   -21.81
  24000.0   1659   100/100    6.90    1.88    ~0.10    ~0.58   1576   -21.40     75   -28.35      8   -30.18      0        -      0        -      1375        1   -29.24   -21.76
  24100.0   1651   100/100    7.36    2.33    ~0.11    ~0.58   1568   -21.37     76   -27.83      7   -26.13      0        -      0        -      1377        1   -28.43   -21.68
  24200.0   1662   100/100    8.54    2.40    ~0.11    ~0.58   1580   -21.47     75   -27.06      7   -24.49      0        -      0        -      1357        1   -22.48   -21.74
  24300.0   1661   100/100    8.12    1.96    ~0.11    ~0.58   1581   -21.14     75   -26.88      5   -24.05      0        -      0        -      1332        1   -18.82   -21.41
  24400.0   1657   100/100    8.82    2.09    ~0.11    ~0.60   1579   -20.89     73   -26.87      5   -24.13      0        -      0        -      1352        1   -17.62   -21.16
  24500.0   1652   100/100    8.80    2.00    ~0.11    ~0.58   1577   -21.05     72   -27.78      3   -19.69      0        -      0        -      1324        1   -13.41   -21.34
  24600.0   1657   100/100    8.64    2.47    ~0.11    ~0.57   1581   -21.61     74   -27.52      2   -14.30      0        -      0        -      1377        1   -12.43   -21.87
  24700.0   1666   100/100    9.13    1.96    ~0.11    ~0.56   1591   -21.61     73   -27.29      2    -8.96      0        -      0        -      1366        1   -14.47   -21.85
  24800.0   1658   100/100    8.56    2.00    ~0.11    ~0.63   1579   -21.27     77   -27.78      2   -10.27      0        -      0        -      1327        1   -13.74   -21.56
  24900.0   1657   100/100    8.04    2.04    ~0.11    ~0.62   1577   -21.26     78   -27.75      2   -10.49      0        -      0        -      1327        1   -10.94   -21.56
  25000.0   1668   100/100    7.92    1.99    ~0.11    ~0.60   1585   -21.18     81   -28.01      2   -14.30      0        -      0        -      1352        1   -11.96   -21.51
  25100.0   1667   100/100    7.31    2.02    ~0.11    ~0.61   1585   -21.08     80   -27.42      2   -17.21      0        -      0        -      1383        1   -16.76   -21.38
  25200.0   1648   100/100    6.88    2.11    ~0.11    ~0.60   1571   -21.02     76   -26.36      1    -6.04      0        -      0        -      1359        1   -22.61   -21.26
  25300.0   1654   100/100    8.17    1.99    ~0.11    ~0.58   1576   -21.03     76   -26.41      1   -10.07      0        -      1   -26.58      1364        1   -25.34   -21.27
  25400.0   1668   100/100    7.05    2.18    ~0.11    ~0.59   1592   -21.08     73   -26.39      1    -6.04      0        -      2   -26.39      1369        1   -18.88   -21.31
  25500.0   1660   100/100    6.80    1.79    ~0.11    ~0.65   1581   -20.68     76   -26.61      1    -3.02      0        -      2   -23.02      1342        2   -22.21   -20.94
  25600.0   1658   100/100    7.40    1.93    ~0.11    ~0.61   1581   -20.68     74   -26.50      1    -1.61      0        -      2   -19.36      1326        2   -22.84   -20.93
  25700.0   1656   100/100    7.33    2.27    ~0.11    ~0.63   1581   -20.64     72   -26.39      1    -0.44      0        -      2   -15.50      1343        2   -20.84   -20.87
  25800.0   1658   100/100    7.31    1.98    ~0.12    ~0.59   1579   -20.49     76   -26.99      1    -0.04      0        -      2   -16.61      1369        2   -19.77   -20.77
  25900.0   1655   100/100    7.65    2.32    ~0.11    ~0.56   1578   -20.66     74   -25.04      1    -5.94      0        -      2   -10.29      1360        2   -23.54   -20.83
  26000.0   1656   100/100    8.68    2.62    ~0.11    ~0.58   1581   -20.66     72   -23.54      1    -9.56      0        -      2   -13.25      1367        2   -23.28   -20.77
  26100.0   1660   100/100    8.23    2.12    ~0.11    ~0.59   1583   -20.69     74   -22.98      1    -3.95      0        -      2   -14.80      1340        1   -26.30   -20.78
  26200.0   1659   100/100    7.21    2.02    ~0.11    ~0.57   1581   -20.64     74   -22.34      1    -0.89      0        -      3   -18.31      1390        0        -   -20.70
  26300.0   1674   100/100    7.92    1.79    ~0.11    ~0.60   1592   -20.38     77   -22.18      1    -1.58      0        -      4   -26.17      1360        0        -   -20.46
  26400.0   1680   100/100    7.58    1.69    ~0.12    ~0.55   1594   -20.03     83   -22.50      1    -6.05      0        -      2   -16.07      1405        0        -   -20.14
  26500.0   1681   100/100    7.62    1.83    ~0.11    ~0.59   1596   -19.90     82   -22.98      1    -8.47      0        -      2   -16.83      1414        0        -   -20.04
  26600.0   1692   100/100    7.79    1.73    ~0.11    ~0.60   1605   -20.10     84   -23.68      1   -14.82      0        -      2   -14.95      1410        0        -   -20.27
  26700.0   1698   100/100    9.36    2.12    ~0.11    ~0.60   1614   -20.23     81   -23.84      1   -16.57      0        -      2   -15.21      1412        0        -   -20.39
  26800.0   1700   100/100    8.04    2.11    ~0.11    ~0.59   1613   -20.21     84   -24.59      1   -18.91      0        -      2   -18.39      1366        0        -   -20.42
  26900.0   1700   100/100    7.69    1.76    ~0.11    ~0.60   1613   -20.15     84   -24.43      1   -20.38      0        -      2   -19.57      1417        0        -   -20.36
  27000.0   1695   100/100    9.13    1.72    ~0.11    ~0.57   1607   -19.87     85   -24.81      1   -25.26      0        -      2   -15.39      1419        0        -   -20.11
  27100.0   1691   100/100    9.08    1.85    ~0.11    ~0.58   1601   -19.96     83   -24.75      5   -30.30      0        -      2   -11.67      1422        0        -   -20.21
  27200.0   1708   100/100    9.68    1.80    ~0.11    ~0.57   1616   -20.05     84   -24.60      6   -30.97      0        -      2   -15.38      1418        0        -   -20.31
  27300.0   1701   100/100    7.67    1.79    ~0.11    ~0.58   1601   -20.15     84   -24.73     15   -34.57      0        -      1    -8.64      1385        0        -   -20.50
  27400.0   1705   100/100    7.11    1.97    ~0.11    ~0.57   1600   -20.23     87   -25.62     17   -34.02      0        -      1    -4.76      1432        0        -   -20.63
  27500.0   1687   100/100    6.89    1.89    ~0.10    ~0.60   1587   -20.25     84   -24.85     15   -31.36      0        -      1    -0.35      1390        0        -   -20.57
  27600.0   1672   100/100    7.64    2.03    ~0.12    ~0.60   1569   -20.07     87   -25.01     15   -29.48      0        -      1    -2.39      1363        0        -   -20.40
  27700.0   1676   100/100    7.57    1.85    ~0.11    ~0.61   1573   -20.15     85   -25.44     17   -31.49      0        -      1    -8.37      1371        0        -   -20.53
  27800.0   1657   100/100    7.70    2.09    ~0.11    ~0.59   1560   -20.14     84   -26.09     12   -27.53      0        -      1    -6.38      1336        0        -   -20.48
  27900.0   1648   100/100    8.53    1.77    ~0.11    ~0.58   1556   -19.93     83   -26.23      8   -21.57      0        -      1    -8.33      1349        0        -   -20.25
  28000.0   1636   100/100    8.63    2.17    ~0.12    ~0.61   1542   -19.66     86   -26.16      7   -18.81      0        -      1   -11.04      1347        0        -   -20.00
  28100.0   1643   100/100    9.39    1.94    ~0.11    ~0.59   1551   -19.85     85   -26.31      6   -15.64      0        -      1   -17.11      1325        0        -   -20.16
  28200.0   1645   100/100    9.12    1.75    ~0.11    ~0.58   1556   -19.85     83   -24.90      5   -13.89      0        -      1   -17.83      1339        0        -   -20.08
  28300.0   1646   100/100    8.87    2.09    ~0.11    ~0.60   1556   -20.19     85   -24.48      4    -7.81      0        -      1   -21.78      1351        0        -   -20.39
  28400.0   1642   100/100    7.12    2.12    ~0.11    ~0.58   1554   -20.57     83   -24.63      4    -6.04      0        -      1   -29.23      1344        0        -   -20.75
  28500.0   1640   100/100    8.93    2.09    ~0.11    ~0.60   1556   -20.42     80   -24.68      3    -2.75      0        -      1   -27.60      1369        0        -   -20.60
  28600.0   1654   100/100    8.44    1.95    ~0.12    ~0.59   1569   -20.41     81   -24.87      3    -5.96      0        -      1   -20.72      1369        0        -   -20.60
  28700.0   1670   100/100    8.63    1.87    ~0.11    ~0.58   1585   -20.56     81   -25.03      3   -10.31      0        -      1   -15.78      1389        0        -   -20.76
  28800.0   1676   100/100    7.34    1.99    ~0.11    ~0.58   1591   -20.64     81   -25.45      3   -13.21      0        -      1    -9.50      1389        0        -   -20.86
  28900.0   1670   100/100    7.10    1.98    ~0.11    ~0.54   1585   -20.78     81   -25.38      3   -14.67      0        -      1    -2.21      1392        0        -   -20.98
  29000.0   1669   100/100    7.38    2.09    ~0.11    ~0.57   1585   -21.02     80   -24.55      3   -15.89      0        -      1    -2.70      1368        0        -   -21.17
  29100.0   1666   100/100    6.90    2.07    ~0.11    ~0.57   1582   -20.99     80   -24.50      3   -15.90      0        -      1    -8.58      1356        0        -   -21.14
  29200.0   1654   100/100    7.43    2.23    ~0.11    ~0.56   1570   -20.90     80   -24.48      3   -14.88      0        -      1    -4.66      1342        0        -   -21.06
  29300.0   1651   100/100    7.27    2.14    ~0.11    ~0.60   1566   -20.91     81   -24.67      3   -15.25      0        -      1    -6.93      1351        0        -   -21.08
  29400.0   1661   100/100    7.64    2.15    ~0.11    ~0.62   1576   -20.97     81   -24.58      3   -14.96      0        -      1    -4.39      1346        0        -   -21.12
  29500.0   1649   100/100    8.37    2.38    ~0.11    ~0.61   1566   -21.18     78   -24.38      4   -20.51      0        -      1    -5.67      1321        0        -   -21.32
  29600.0   1663   100/100    7.31    2.01    ~0.11    ~0.62   1573   -21.51     75   -24.45     14   -35.75      0        -      1    -8.68      1345        0        -   -21.75
  29700.0   1657   100/100    8.67    2.23    ~0.11    ~0.59   1570   -21.51     76   -25.12      9   -33.39      0        -      2   -18.04      1326        0        -   -21.74
  29800.0   1649   100/100    7.12    2.30    ~0.10    ~0.57   1569   -21.42     74   -25.62      5   -26.18      0        -      1   -12.29      1347        0        -   -21.62
  29900.0   1657   100/100    7.53    2.11    ~0.11    ~0.58   1578   -21.61     74   -25.43      4   -22.55      0        -      1   -17.55      1349        0        -   -21.78
  30000.0   1650   100/100    8.72    1.79    ~0.11    ~0.59   1569   -21.71     77   -25.43      3   -16.59      0        -      1   -19.71      1358        0        -   -21.87

300 of 300 samples printed
