== r36-s1  (**Ended:** budget reached.)
  t	alive	jointed	jnt inh	diverged	spd jnt	spd rig	work J/s	photo inh	absorpt	inherit	cols	x sd	wraps
  100	41	20	2	0	0.07237	0.05583	82.55	7	5	0	33/100	5.43	43
  1100	173	108	103	0	0.07766	0.06903	696.71	144	21	19	79/100	6.17	243
  2100	237	83	78	0	0.07734	0.07601	339.25	100	130	128	90/100	6.86	319
  3100	270	149	147	0	0.08503	0.07285	566.84	134	133	133	93/100	7.22	357
  4100	301	167	166	2	0.07988	0.07728	703.27	168	132	132	93/100	7.77	356
  5100	287	169	167	3	0.0778	0.07647	650.73	144	143	143	95/100	6.47	417
  6100	308	169	164	4	0.08192	0.07656	496.53	184	124	124	97/100	7.21	402
  7100	302	146	141	4	0.08172	0.07745	420.73	197	105	104	95/100	9.51	311
  8100	332	188	186	7	0.08339	0.07407	517.81	206	126	126	95/100	6.79	473
  9100	377	170	167	7	0.08064	0.07628	275.97	227	150	149	98/100	5.83	402
  10100	401	127	127	9	0.07755	0.07443	188.29	299	102	100	97/100	6.30	415
  11100	413	146	146	12	0.08286	0.077	158.99	279	134	133	98/100	6.56	527
  12100	428	163	163	13	0.0828	0.08198	215.34	296	132	131	98/100	7.61	489
  13100	473	153	153	16	0.0807	0.07515	264.11	338	137	136	98/100	7.51	560
  14100	512	142	141	17	0.08148	0.07712	44.05	362	152	152	99/100	7.40	582
  15100	569	131	130	18	0.08771	0.08275	20.77	393	176	176	99/100	6.89	639
  16100	579	133	131	21	0.08331	0.07974	32.74	422	157	157	98/100	7.54	633
  17100	633	144	140	22	0.08093	0.07497	55.16	472	161	161	99/100	7.17	730
  18100	668	145	144	24	0.08199	0.07766	74.74	499	168	168	100/100	8.28	761
  19100	713	131	129	24	0.08591	0.0791	23.64	539	174	174	100/100	7.51	720
  20100	768	122	120	29	0.08672	0.07905	121.25	612	156	156	100/100	7.80	992
  21100	844	122	118	30	0.08465	0.0797	27.84	675	169	169	99/100	5.70	968
  22100	849	97	93	30	0.08151	0.08063	56.59	707	141	141	100/100	7.69	854
  23100	883	94	93	31	0.08011	0.07957	4.65	739	143	143	99/100	6.44	939
  24100	896	99	98	31	0.08284	0.07855	65.68	753	143	142	100/100	8.93	944
  25100	978	88	87	31	0.08331	0.07742	157.35	841	137	136	100/100	6.80	940
  26100	980	82	81	32	0.08702	0.07839	55.85	852	128	127	100/100	8.19	1294
  27100	1023	89	88	32	0.08472	0.08303	12.21	878	144	143	100/100	7.91	992
  28100	1051	83	83	33	0.08516	0.08192	23.11	916	133	132	100/100	7.92	1042
  29100	1108	75	72	33	0.07373	0.07711	5.92	977	127	127	100/100	7.28	1188
  30000	1154	75	73	33	0.08336	0.08158	0.25	1021	128	128	100/100	7.28	1143
== r36-s2  (**Ended:** budget reached.)
  t	alive	jointed	jnt inh	diverged	spd jnt	spd rig	work J/s	photo inh	absorpt	inherit	cols	x sd	wraps
  100	40	18	4	0	0.06145	0.06079	63.09	11	6	0	32/100	5.08	29
  1100	264	127	121	4	0.11287	0.07281	1367.13	249	5	3	92/100	6.27	493
  2100	504	168	159	15	0.11292	0.08094	1647.76	477	21	20	98/100	6.86	779
  3100	750	155	144	21	0.10318	0.08051	1557.52	723	23	21	99/100	7.60	943
  4100	960	117	111	29	0.10702	0.08025	1148.27	902	55	54	100/100	7.51	1157
  5100	1113	91	81	32	0.11416	0.08544	832.22	1055	57	56	100/100	7.11	1391
  6100	1212	70	67	38	0.10429	0.08679	692.84	1172	39	36	100/100	7.26	1579
  7100	1325	56	49	43	0.09864	0.07956	532.68	1240	84	81	100/100	8.60	1320
  8100	1408	50	41	45	0.10229	0.0861	512.64	1317	91	88	100/100	7.09	1767
  9100	1461	41	32	48	0.10902	0.08416	359.17	1325	136	134	100/100	7.18	1756
  10100	1447	47	40	49	0.09417	0.07924	432.7	1306	140	139	100/100	7.13	1503
  11100	1498	33	30	49	0.10206	0.08411	335.45	1354	144	144	100/100	7.28	1815
  12100	1528	30	27	49	0.11967	0.08529	369.96	1404	123	122	100/100	6.39	2120
  13100	1491	16	13	52	0.10688	0.08374	194.64	1352	138	136	100/100	7.72	1423
  14100	1564	13	10	52	0.09377	0.08381	188.16	1449	112	109	100/100	7.10	1653
  15100	1543	9	8	53	0.10333	0.08613	111.17	1456	84	82	100/100	7.27	1597
  16100	1579	8	7	54	0.09958	0.08008	95.66	1511	65	64	100/100	7.07	1519
  17100	1577	7	7	54	0.10005	0.0865	78.37	1519	54	53	100/100	7.90	1880
  18100	1622	7	5	54	0.1262	0.08235	79.8	1548	72	69	100/100	6.67	1435
  19100	1585	6	4	54	0.10415	0.08106	93.49	1499	85	82	100/100	6.96	1793
  20100	1628	5	4	54	0.10526	0.09013	117.8	1547	80	77	100/100	7.67	1859
  21100	1632	3	0	54	0.14945	0.08487	71.22	1530	102	99	100/100	8.72	1707
  22100	1627	4	0	54	0.10835	0.07987	142.46	1513	114	111	100/100	7.79	1781
  23100	1592	6	3	55	0.08643	0.08167	193.82	1482	110	107	100/100	7.02	1746
  24100	1600	7	3	55	0.11965	0.0902	185.06	1504	95	90	100/100	6.93	1659
  25100	1564	4	3	55	0.09389	0.08118	125.15	1462	101	98	100/100	7.96	1731
  26100	1606	3	2	55	0.08426	0.08464	76.57	1501	104	103	100/100	7.76	1528
  27100	1620	3	2	55	0.10187	0.08478	80.87	1512	105	104	100/100	8.97	1870
  28100	1636	4	4	55	0.09731	0.0854	71.36	1537	96	96	100/100	7.78	1742
  29100	1629	6	5	55	0.0956	0.08421	99.27	1536	91	91	100/100	8.11	2295
  30000	1624	5	4	55	0.08899	0.0837	70.94	1539	83	83	100/100	6.90	1870
== r36-s3  (**Ended:** budget reached.)
  t	alive	jointed	jnt inh	diverged	spd jnt	spd rig	work J/s	photo inh	absorpt	inherit	cols	x sd	wraps
  100	43	34	17	0	0.07232	0.04844	247.45	18	6	1	35/100	5.88	46
  1100	201	150	140	2	0.08499	0.07247	2160.55	184	11	9	86/100	6.47	325
  2100	334	163	148	4	0.08475	0.07777	1344.02	274	55	52	93/100	6.34	374
  3100	493	155	137	6	0.08673	0.07941	1340.94	427	61	58	100/100	8.01	597
  4100	630	127	108	7	0.08361	0.07878	1143.62	558	69	67	100/100	7.15	766
  5100	789	134	117	8	0.08737	0.07596	1541.66	702	85	84	100/100	6.86	808
  6100	881	90	75	8	0.08955	0.08482	754.28	821	58	55	100/100	6.37	1006
  7100	940	74	63	10	0.09011	0.0811	797.8	868	71	68	100/100	7.60	1059
  8100	986	47	39	11	0.08491	0.07723	451.86	948	38	36	100/100	7.62	951
  9100	1080	39	31	13	0.08659	0.08075	358.36	1016	64	62	100/100	8.21	1100
  10100	1089	27	22	13	0.09105	0.08001	252.14	1028	61	57	100/100	7.69	1173
  11100	1095	27	20	14	0.09539	0.08105	521.69	1014	81	77	100/100	6.45	1025
  12100	1141	20	16	14	0.09764	0.08084	510.65	1051	89	85	100/100	7.42	2007
  13100	1174	15	10	14	0.0771	0.0755	157.63	1056	118	114	100/100	7.99	1273
  14100	1189	8	3	14	0.09183	0.0829	141.21	1103	86	83	100/100	7.08	1259
  15100	1208	13	9	15	0.10828	0.08569	558.13	1087	120	117	100/100	7.35	1341
  16100	1242	7	4	16	0.10377	0.08009	142.04	1117	125	123	100/100	7.24	1093
  17100	1245	8	3	17	0.08887	0.07984	288.6	1105	139	136	100/100	6.75	1445
  18100	1272	6	3	17	0.08904	0.08352	201.46	1130	141	139	100/100	6.87	1372
  19100	1257	7	2	17	0.08999	0.08081	215.7	1119	138	137	100/100	7.38	1274
  20100	1290	6	2	17	0.10027	0.08199	189.44	1146	144	143	100/100	7.33	1372
  21100	1272	5	1	18	0.09685	0.07901	133.39	1144	128	127	100/100	6.47	1851
  22100	1286	7	2	18	0.09172	0.08061	30.76	1152	133	131	100/100	7.49	1329
  23100	1295	5	1	19	0.18252	0.08231	109.74	1170	125	124	100/100	7.24	1510
  24100	1333	3	1	19	0.10654	0.08605	10.94	1215	118	115	100/100	6.72	1313
  25100	1315	4	2	19	0.0833	0.07765	24.37	1195	120	116	100/100	7.38	1373
  26100	1323	3	2	19	0.07516	0.08551	20.31	1194	129	125	100/100	8.75	1507
  27100	1328	2	1	19	0.10438	0.08658	18.13	1190	138	135	100/100	8.28	1410
  28100	1367	2	0	20	0.09293	0.0786	72.77	1230	137	134	100/100	7.11	1825
  29100	1336	2	0	20	0.11078	0.08235	47.07	1218	117	115	100/100	6.93	1562
  30000	1342	2	0	20	0.1693	0.08315	23.24	1211	131	130	100/100	7.28	1260
== r36-s4  (**Ended:** budget reached.)
  t	alive	jointed	jnt inh	diverged	spd jnt	spd rig	work J/s	photo inh	absorpt	inherit	cols	x sd	wraps
  100	43	22	10	0	0.06538	0.05742	380.77	18	4	0	36/100	6.31	35
  1100	387	100	95	1	0.09693	0.07637	3072.49	380	2	0	95/100	7.95	526
  2100	560	93	88	1	0.10162	0.08531	2949.27	552	5	2	100/100	6.78	672
  3100	819	69	65	2	0.0997	0.07983	2207.82	559	256	253	100/100	6.90	901
  4100	1188	59	55	2	0.10493	0.08334	1981.18	596	587	583	100/100	8.05	1400
  5100	1355	52	48	3	0.09623	0.08535	1778.23	657	694	691	100/100	9.66	1497
  6100	1343	33	30	5	0.10932	0.08341	1368.5	698	643	641	100/100	7.37	1474
  7100	1403	21	20	5	0.11526	0.08626	840.4	707	694	693	100/100	8.30	1588
  8100	1338	15	14	5	0.10697	0.08671	577.59	827	510	508	100/100	7.59	1468
  9100	1350	17	16	5	0.1126	0.08055	1081.45	895	453	451	100/100	7.83	1780
  10100	1309	4	4	5	0.1155	0.08346	133.92	879	428	424	100/100	8.30	1344
  11100	1305	1	1	6	0.12224	0.08558	47.43	989	314	313	100/100	10.32	1413
  12100	1343	0	0	6	—	0.07928	0	988	353	352	100/100	8.13	1583
  13100	1335	0	0	6	—	0.0837	0	1025	308	306	100/100	6.86	1294
  14100	1387	0	0	6	—	0.08602	0	1085	301	299	100/100	7.43	1409
  15100	1404	0	0	6	—	0.07763	0	1146	257	254	100/100	9.41	1449
  16100	1347	0	0	6	—	0.08063	0	1100	245	242	100/100	7.26	1455
  17100	1375	0	0	6	—	0.08548	0	1159	215	213	100/100	7.17	1542
  18100	1343	0	0	6	—	0.08282	0	1121	221	219	100/100	6.61	1360
  19100	1385	0	0	6	—	0.07758	0	1156	228	225	100/100	7.66	1414
  20100	1364	0	0	6	—	0.08394	0	1129	235	233	100/100	7.45	1556
  21100	1356	0	0	6	—	0.0829	0	1090	265	263	100/100	8.65	1280
  22100	1380	0	0	6	—	0.08478	0	1139	240	239	100/100	8.81	1518
  23100	1354	0	0	6	—	0.08438	0	1119	234	233	100/100	7.58	1451
  24100	1374	0	0	6	—	0.07933	0	1146	227	227	100/100	6.76	1365
  25100	1328	0	0	6	—	0.08205	0	1085	242	240	100/100	9.59	1332
  26100	1304	0	0	6	—	0.08577	0	1085	218	214	100/100	7.81	1461
  27100	1308	0	0	6	—	0.07988	0	1113	195	193	100/100	7.46	1359
  28100	1327	0	0	6	—	0.08029	0	1123	204	202	100/100	7.66	1400
  29100	1322	0	0	6	—	0.08711	0	1087	235	234	100/100	6.81	1231
  30000	1329	0	0	6	—	0.08455	0	1133	196	194	100/100	7.28	1496
== r36-s5  (**Ended:** budget reached.)
  t	alive	jointed	jnt inh	diverged	spd jnt	spd rig	work J/s	photo inh	absorpt	inherit	cols	x sd	wraps
  100	43	25	10	0	0.07272	0.07209	363.07	15	3	0	36/100	7.47	53
  1100	182	122	119	6	0.0848	0.07337	2074.22	174	0	0	85/100	7.21	286
  2100	224	122	119	9	0.08712	0.07637	2109.56	221	5	4	91/100	6.71	331
  3100	246	91	88	10	0.08669	0.07984	1145.71	240	52	51	87/100	7.46	323
  4100	341	103	101	10	0.08724	0.07689	2632.9	340	41	40	93/100	6.94	558
  5100	604	67	67	11	0.09527	0.08103	1943.68	603	155	155	100/100	6.18	676
  6100	649	43	42	11	0.09794	0.08347	987.32	649	113	113	99/100	7.67	740
  7100	729	22	22	11	0.09144	0.08202	314.36	729	130	130	100/100	7.68	803
  8100	842	22	22	12	0.08276	0.0788	817.28	840	94	93	99/100	6.61	1053
  9100	958	19	19	12	0.10749	0.08553	652.52	957	129	128	100/100	6.53	1116
  10100	1076	10	10	12	0.09683	0.08098	217.79	1073	111	107	100/100	6.74	936
  11100	1062	21	21	13	0.09405	0.08363	477.29	1059	72	68	100/100	7.46	1216
  12100	1179	23	23	13	0.10314	0.08651	1032.95	1174	43	39	100/100	7.13	1387
  13100	1262	11	11	16	0.1005	0.08285	260.57	1256	80	76	100/100	8.37	1260
  14100	1297	17	15	16	0.10046	0.0817	526.6	1288	54	52	100/100	7.23	1416
  15100	1402	12	11	16	0.08413	0.08525	306.76	1380	59	58	100/100	7.72	1410
  16100	1457	12	11	16	0.08758	0.08613	355.17	1413	71	70	100/100	7.82	1580
  17100	1543	6	5	16	0.08736	0.078	176.34	1492	64	63	100/100	10.20	1660
  18100	1601	10	9	16	0.11124	0.08804	219.71	1551	59	57	100/100	6.49	1811
  19100	1640	6	6	16	0.0819	0.08328	164.62	1597	56	55	100/100	8.91	1769
  20100	1616	5	4	17	0.08822	0.08501	101.97	1571	51	51	100/100	7.78	1900
  21100	1671	4	3	17	0.08847	0.08642	71.67	1612	67	67	100/100	7.03	1911
  22100	1658	4	3	17	0.09399	0.08711	86.13	1585	75	75	100/100	8.98	2162
  23100	1685	1	1	17	0.07865	0.08946	22.61	1611	75	75	100/100	7.95	2126
  24100	1651	1	1	17	0.06657	0.08448	10.75	1575	83	82	100/100	7.36	1652
  25100	1667	1	1	17	0.07782	0.0838	17.84	1587	82	80	100/100	7.31	1719
  26100	1660	1	1	17	0.10826	0.08593	31.01	1584	75	73	100/100	8.23	1942
  27100	1693	0	0	17	—	0.09103	0	1607	88	86	100/100	9.08	1831
  28100	1643	0	0	17	—	0.08612	0	1556	91	90	100/100	9.39	1956
  29100	1666	0	0	17	—	0.08306	0	1584	83	82	100/100	6.90	1744
  30000	1650	0	0	17	—	0.08434	0	1571	80	79	100/100	8.72	1669
