== r37b-s6  (**Ended:** budget reached.)
  t	alive	cols	cols abs	x sd	p0	p1	p2	p3	jnt inh	mean m/s	diverged	wraps	crowded	stillb	births	audit	mat resid	det patch sd	patch max share	corpses	det deep	absorpt	inherit	depth m	depth sd	jointed	shade %
  1000	317	91/100	0/100	2.90	73	91	99	54	108	0.0495	0	0	0	0	325	0.0000%	0	0.0754	0.312	83	1.4136	0	0	-10.2	6.26	119	31.2%
  2000	581	98/100	0/100	2.82	141	184	167	89	136	0.0756	0	0	0	0	767	0.0000%	0	0.2237	0.317	261	2.4679	0	0	-9.7	6.33	151	30.4%
  3000	1002	100/100	0/100	2.82	161	301	289	251	174	0.0556	0	0	0	1	1263	0.0000%	0	0.0021	0.3	336	3.9352	0	0	-9.1	5.85	190	34.3%
  4000	1393	100/100	1/100	2.91	338	339	361	355	156	0.0619	0	0	0	1	1720	0.0000%	0	0.0807	0.259	331	6.4946	1	0	-11.2	8.37	172	36.6%
  5000	1653	100/100	6/100	2.78	437	397	441	378	140	0.0935	0	0	0	2	2130	0.0000%	0	0.3702	0.267	348	10.9009	6	4	-13.5	10.64	155	36.3%
  6000	1775	100/100	38/100	2.81	411	417	509	438	140	0.0548	0	0	0	8	2451	0.0000%	0	0.2313	0.287	441	12.0187	47	42	-16.8	12.42	150	33.3%
  7000	1847	100/100	72/100	2.73	447	536	460	404	126	0.0835	0	0	0	15	2665	0.0000%	0	0.0257	0.29	508	12.09	150	145	-18.8	13.53	135	31.5%
  8000	1884	100/100	90/100	2.84	482	468	541	393	116	0.0958	0	0	0	35	2811	0.0000%	0	0.0223	0.287	466	10.9564	259	254	-20.2	13.7	123	29.1%
  9000	1901	100/100	97/100	2.84	412	471	539	479	103	0.0812	0	0	0	60	2927	0.0000%	0	0.0887	0.284	366	8.1462	349	344	-22	13.9	109	24.5%
  10000	1908	100/100	100/100	2.77	543	477	476	412	86	0.0814	0	0	0	81	3046	0.0000%	0	0.2462	0.285	329	4.1469	451	446	-23.2	14.77	91	23.1%
  11000	1906	100/100	99/100	2.85	527	474	499	406	72	0.0847	0	0	0	109	3153	0.0000%	0	0.0151	0.276	327	1.7756	542	537	-25.3	15.87	76	21.6%
  12000	1903	100/100	99/100	2.73	501	510	461	431	60	0.0844	0	0	0	129	3285	0.0000%	0	0.0229	0.268	364	1.0403	638	633	-25.9	16.04	63	19.7%
  13000	1892	100/100	99/100	2.68	501	469	517	405	55	0.0759	0	0	0	153	3422	0.0000%	0	0.003	0.273	400	0.4215	708	703	-26.5	16.69	57	19.2%
  14000	1753	100/100	100/100	2.85	415	484	449	405	49	0.0652	0	0	0	175	3956	0.0000%	0	0.0059	0.276	957	0.2812	602	597	-25.3	16.32	51	18%
  15000	1617	100/100	99/100	2.71	432	421	416	348	49	0.0733	0	0	0	197	5046	0.0000%	0	0.0057	0.267	2052	0.4349	523	518	-23.7	15.52	50	16.2%
  16000	1721	100/100	98/100	2.70	482	468	431	340	27	0.098	0	0	0	216	5898	0.0000%	0	0.0048	0.28	2642	0.5615	482	478	-23.4	13.16	28	15.3%
  17000	1772	100/100	96/100	2.73	496	480	440	356	24	0.0603	0	0	0	230	6464	0.0000%	0	0.0018	0.28	2480	0.578	444	439	-23	12.39	24	15.6%
  18000	1784	100/100	96/100	2.76	461	483	495	345	21	0.0982	0	0	0	248	6873	0.0000%	0	0.0129	0.277	1677	0.5982	394	389	-21.8	12.81	21	15.5%
  19000	1748	100/100	96/100	2.67	468	478	422	380	25	0.099	0	0	0	268	7237	0.0000%	0	0.0173	0.273	1304	0.5946	311	306	-20.9	12.87	26	15.4%
  20000	1808	100/100	88/100	2.81	414	497	495	402	37	0.0806	0	0	0	288	7593	0.0000%	0	0.022	0.275	1090	0.7486	262	258	-21.6	12.7	38	14.9%
  21000	1778	100/100	86/100	2.83	443	468	493	374	23	0.0721	0	0	0	307	7877	0.0000%	0	0.001	0.277	1004	0.8203	215	211	-21.4	13.19	24	15.1%
  22000	1758	100/100	71/100	2.76	430	460	482	386	35	0.0775	0	0	0	329	8155	0.0000%	0	0.008	0.274	905	0.9659	187	183	-22.1	13.71	37	16%
  23000	1776	100/100	79/100	2.85	413	477	491	395	41	0.0706	0	0	0	343	8447	0.0000%	0	0.0367	0.276	886	1.0466	184	181	-21.7	14.56	41	17.6%
  24000	1793	100/100	75/100	2.69	456	447	464	426	40	0.072	0	0	0	357	8729	0.0000%	0	0.0058	0.259	835	0.9834	150	147	-20.9	13.85	40	16.1%
  25000	1811	100/100	70/100	2.71	524	516	415	356	35	0.0733	0	0	0	368	9034	0.0000%	0	0.001	0.289	822	1.1447	122	119	-22.3	13.87	35	16%
  26000	1844	100/100	69/100	2.84	396	483	513	452	32	0.0976	0	0	0	386	9350	0.0000%	0	0.0055	0.278	830	1.3593	110	107	-23.1	13.95	32	16.3%
  27000	1837	100/100	63/100	2.68	520	497	432	388	27	0.0866	0	0	0	400	9643	0.0000%	0	0.0077	0.283	866	1.5102	109	106	-22.2	13.41	27	15.3%
  28000	1819	100/100	68/100	2.70	438	475	483	423	24	0.0702	0	0	0	417	9913	0.0000%	0	0.0787	0.266	867	1.617	123	120	-21.9	13.89	24	14.4%
  29000	1821	100/100	66/100	2.92	419	475	499	428	16	0.1098	0	0	0	429	10188	0.0000%	0	0.0172	0.274	857	1.1729	126	124	-20.6	12.92	17	14%
  30000	1811	100/100	71/100	2.71	569	506	429	307	14	0.1011	0	0	0	439	10444	0.0000%	0	0.0054	0.314	825	1.0392	126	124	-22	13.7	15	14.2%
== r37b-s7  (**Ended:** budget reached.)
  t	alive	cols	cols abs	x sd	p0	p1	p2	p3	jnt inh	mean m/s	diverged	wraps	crowded	stillb	births	audit	mat resid	det patch sd	patch max share	corpses	det deep	absorpt	inherit	depth m	depth sd	jointed	shade %
  1000	283	86/100	1/100	2.32	88	85	75	35	90	0.0613	0	0	0	0	296	0.0000%	0	0.0338	0.311	113	1.3789	1	0	-11.2	8.11	97	33.8%
  2000	529	96/100	84/100	2.77	97	158	154	120	74	0.0616	0	0	0	0	750	0.0000%	0	0.0149	0.299	321	1.6543	183	181	-14.3	9.75	84	37.1%
  3000	803	100/100	94/100	2.74	186	223	210	184	72	0.0789	0	0	0	0	1273	0.0000%	0	0.0654	0.278	570	1.7131	329	327	-15.9	10.73	78	35.6%
  4000	994	100/100	88/100	2.58	311	267	244	172	69	0.078	0	0	0	0	2158	0.0000%	0	0.0159	0.313	1173	1.0018	261	261	-15.7	10.19	77	32.6%
  5000	1091	100/100	78/100	2.70	260	294	316	221	49	0.0699	0	0	0	0	2949	0.0000%	0	0.0079	0.29	1692	1.2207	173	173	-16.1	10.22	52	33.3%
  6000	1126	99/100	74/100	2.68	316	320	333	157	35	0.0693	0	0	0	0	3594	0.0000%	0	0.0404	0.296	2042	1.0368	140	140	-13.5	8.42	40	29.6%
  7000	1232	97/100	58/100	2.65	347	319	321	245	21	0.055	0	0	0	0	4027	0.0000%	0	0.0573	0.282	1717	1.1538	100	100	-12.9	7.35	24	27%
  8000	1410	100/100	62/100	2.80	289	414	413	294	10	0.0695	0	0	0	0	4411	0.0000%	0	0.0442	0.294	1228	1.3649	95	95	-12.9	8.36	12	30.6%
  9000	1471	100/100	55/100	2.82	347	402	417	305	5	0.0839	0	0	0	0	4783	0.0000%	0	0.0053	0.283	904	1.3685	81	81	-13.4	8.8	7	30.3%
  10000	1498	100/100	54/100	2.68	466	360	352	320	2	0.076	0	0	0	0	5252	0.0000%	0	0.0114	0.311	999	1.5009	79	79	-15.9	10.24	3	29%
  11000	1518	100/100	65/100	2.73	383	426	380	329	0	0.0838	0	0	0	0	5941	0.0000%	0	0.0647	0.281	1440	1.5676	101	101	-17.8	11.74	2	28.2%
  12000	1503	100/100	67/100	2.85	344	395	419	345	0	0.07	0	0	0	0	6641	0.0000%	0	0.077	0.279	1841	1.5427	115	115	-17.3	11.43	2	28.4%
  13000	1518	100/100	74/100	2.72	381	400	415	322	0	0.0688	0	0	0	0	7327	0.0000%	0	0.0412	0.273	2078	1.4578	155	155	-18.7	11.86	2	27.2%
  14000	1501	100/100	80/100	2.70	349	403	406	343	0	0.0786	0	0	0	0	8041	0.0000%	0	0.1557	0.27	2128	0.9838	143	142	-19	11.63	1	25.9%
  15000	1438	100/100	64/100	2.66	379	427	344	288	0	0.0883	0	0	0	0	8826	0.0000%	0	0.0181	0.297	2262	0.9264	107	106	-18.2	11.6	0	25.7%
  16000	1347	100/100	52/100	2.69	343	372	362	270	0	0.0684	0	0	0	0	9421	0.0000%	0	0.0129	0.276	2266	1.2131	89	88	-15.9	10.12	0	22.7%
  17000	1471	100/100	54/100	2.95	317	350	414	390	0	0.0706	0	0	0	0	9872	0.0000%	0	0.0024	0.281	1866	1.4542	88	87	-14.6	8.8	0	26.1%
  18000	1511	100/100	53/100	2.78	422	406	359	324	0	0.1144	0	0	0	0	10195	0.0000%	0	0.0836	0.279	1313	1.4789	109	108	-15.3	9.14	0	26.8%
  19000	1559	100/100	69/100	2.90	337	396	422	404	0	0.0657	0	0	0	0	10568	0.0000%	0	0.0104	0.271	943	1.5927	112	111	-16.7	10.03	0	27.5%
  20000	1555	100/100	71/100	2.94	355	405	413	382	0	0.0752	0	0	0	0	11045	0.0000%	0	0.0434	0.266	1102	1.7252	134	133	-17.2	11.6	0	29.4%
  21000	1537	100/100	72/100	2.71	412	410	399	316	0	0.0861	0	0	0	0	11682	0.0000%	0	0.0373	0.268	1471	1.7556	141	140	-17.5	11.63	0	27.4%
  22000	1548	100/100	70/100	2.77	330	466	409	343	0	0.0742	0	0	0	0	12319	0.0000%	0	0.0534	0.301	1762	1.5874	141	140	-19.8	12	0	25.2%
  23000	1457	100/100	69/100	2.68	406	397	331	323	0	0.0697	0	0	0	0	13022	0.0000%	0	0.0545	0.279	2079	1.1415	111	109	-18.4	11.39	0	24.2%
  24000	1494	100/100	59/100	2.71	394	427	398	275	0	0.0748	0	0	0	0	13643	0.0000%	0	0.0119	0.286	2012	1.1178	96	90	-18.4	10.92	0	25.1%
  25000	1413	99/100	55/100	2.72	342	425	382	264	0	0.0744	0	0	0	0	14283	0.0000%	0	0.0057	0.301	2102	1.25	89	83	-18.6	11.79	0	22.6%
  26000	1391	100/100	50/100	2.83	315	378	353	345	0	0.0724	0	0	0	0	14837	0.0000%	0	0.0688	0.272	1884	1.3163	85	80	-16.3	9.93	0	23.2%
  27000	1484	100/100	66/100	2.81	353	417	402	312	0	0.088	0	0	0	0	15224	0.0000%	0	0.0248	0.281	1591	1.4868	111	106	-15.4	8.66	0	24%
  28000	1548	100/100	69/100	2.84	364	422	466	296	0	0.062	0	0	0	0	15518	0.0000%	0	0.0399	0.301	1112	1.3492	128	123	-14.8	8.92	0	25.9%
  29000	1588	100/100	67/100	2.68	504	432	384	268	0	0.1088	0	0	0	0	15801	0.0000%	0	0.0386	0.317	772	1.1992	113	110	-16.6	10.3	0	26.9%
  30000	1585	100/100	74/100	2.72	433	408	444	300	0	0.0783	0	0	0	0	16324	0.0000%	0	0.0352	0.28	1001	0.9725	117	114	-19.6	12.25	0	26.1%
== r37b-s8  (**Ended:** budget reached.)
  t	alive	cols	cols abs	x sd	p0	p1	p2	p3	jnt inh	mean m/s	diverged	wraps	crowded	stillb	births	audit	mat resid	det patch sd	patch max share	corpses	det deep	absorpt	inherit	depth m	depth sd	jointed	shade %
  1000	336	91/100	1/100	2.48	107	91	81	57	66	0.0737	0	0	0	0	369	0.0000%	0	0.0117	0.318	100	1.0451	1	0	-10.1	6.87	71	25.5%
  2000	557	93/100	3/100	2.77	90	138	190	139	77	0.0781	0	0	0	0	725	0.0000%	0	0.087	0.341	235	1.7822	3	0	-12.5	8.37	83	37.8%
  3000	744	97/100	4/100	2.70	236	206	154	148	67	0.0713	0	0	0	0	1187	0.0000%	0	0.5381	0.317	510	4.7727	4	0	-13.1	8.33	71	38.3%
  4000	1044	100/100	84/100	2.70	300	279	288	177	58	0.071	0	0	0	0	1859	0.0000%	0	0.0171	0.287	819	7.1247	268	264	-15.2	10.21	62	41.5%
  5000	1470	100/100	99/100	2.76	346	423	382	319	42	0.0705	0	0	0	0	2442	0.0000%	0	0.3455	0.288	843	5.2224	803	798	-18.7	13.01	45	42%
  6000	1597	100/100	100/100	2.70	447	420	408	322	39	0.0877	0	0	0	1	2795	0.0000%	0	0.4288	0.28	801	0.8516	961	957	-20.3	14.63	42	41.1%
  7000	1638	100/100	100/100	2.92	364	443	475	356	31	0.0757	0	0	0	1	3520	0.0000%	0	0.018	0.29	1115	0.3156	934	930	-20.6	15.27	34	36.9%
  8000	1614	100/100	99/100	2.94	327	444	429	414	21	0.0676	0	0	0	3	4240	0.0000%	0	0.0032	0.275	1674	0.193	741	738	-18.7	13.09	22	29.6%
  9000	1548	100/100	99/100	2.75	425	427	401	295	25	0.0967	0	0	0	8	5003	0.0000%	0	0.0089	0.276	2270	0.2989	528	523	-17.1	10.89	26	26.2%
  10000	1619	100/100	96/100	2.77	398	415	457	349	17	0.08	0	0	0	11	5627	0.0000%	0	0.0009	0.282	2153	0.3654	449	445	-19.2	11.27	18	23.6%
  11000	1629	100/100	97/100	2.78	433	425	450	321	14	0.0666	0	0	0	12	6170	0.0000%	0	0.0129	0.276	1938	0.4408	344	339	-19.5	11.98	14	23.4%
  12000	1635	100/100	92/100	2.76	397	484	415	339	10	0.0715	0	0	0	17	6696	0.0000%	0	0.0059	0.296	1626	0.6099	278	274	-19.5	11.3	10	21.3%
  13000	1681	100/100	86/100	2.67	368	497	449	367	7	0.0889	0	0	0	22	7126	0.0000%	0	0.0196	0.296	1449	0.8211	210	208	-19.8	12.51	7	20.5%
  14000	1692	100/100	78/100	2.67	490	461	397	344	5	0.0733	0	0	0	25	7471	0.0000%	0	0.0087	0.29	1251	0.897	171	170	-19.2	12.13	5	21.3%
  15000	1714	100/100	69/100	2.76	456	470	432	356	5	0.0716	0	0	0	34	7843	0.0000%	0	0.0116	0.274	1080	1.0716	141	140	-21	13.5	5	19.5%
  16000	1697	100/100	61/100	2.95	374	432	451	440	4	0.078	0	0	0	41	8196	0.0000%	0	0.0093	0.266	1061	1.3141	107	106	-20.6	13.71	4	19.8%
  17000	1758	100/100	55/100	2.85	407	447	482	422	3	0.0799	0	0	0	45	8542	0.0000%	0	0.0061	0.274	1009	1.5096	92	90	-21.4	13.43	3	19.5%
  18000	1768	100/100	48/100	2.75	495	497	442	334	3	0.0906	0	0	0	55	8859	0.0000%	0	0.0046	0.281	969	1.8095	73	71	-20.3	12.48	3	18.4%
  19000	1806	100/100	48/100	2.83	421	432	502	451	3	0.0742	0	0	0	58	9141	0.0000%	0	0.0569	0.278	836	2.0491	67	64	-19.1	11.66	3	18.6%
  20000	1837	100/100	47/100	2.73	488	546	456	347	3	0.0972	0	0	0	63	9402	0.0000%	0	0.0162	0.297	780	2.3775	66	63	-20.2	12.06	3	18.7%
  21000	1832	100/100	50/100	2.85	430	488	501	413	2	0.0882	0	0	0	69	9670	0.0000%	0	0.021	0.273	744	2.6047	67	63	-21.6	12.97	2	17.6%
  22000	1810	100/100	49/100	2.78	410	483	496	421	1	0.0694	0	0	0	81	9998	0.0000%	0	0.0985	0.274	854	2.5081	83	79	-20.7	12.67	1	17.6%
  23000	1783	100/100	73/100	2.77	494	471	455	363	1	0.077	0	0	0	90	10409	0.0000%	0	0.1139	0.277	1061	1.9462	125	119	-22.1	13.49	1	17.4%
  24000	1787	100/100	80/100	2.78	387	506	501	393	1	0.0863	0	0	0	94	10744	0.0000%	0	0.056	0.283	1115	1.405	153	146	-23.3	13.95	1	17.2%
  25000	1732	100/100	77/100	2.80	432	459	483	358	2	0.0705	0	0	0	97	11202	0.0000%	0	0.0163	0.279	1279	0.965	171	165	-23.9	14.81	2	16.4%
  26000	1730	100/100	82/100	2.74	394	459	489	388	2	0.071	0	0	0	102	11616	0.0000%	0	0.0024	0.283	1256	0.8749	165	161	-22.9	13.64	2	15.5%
  27000	1764	100/100	77/100	2.84	393	493	502	376	1	0.0817	0	0	0	111	11955	0.0000%	0	0.0374	0.285	1227	0.9067	147	144	-21.3	13.28	1	17.4%
  28000	1752	100/100	66/100	2.76	373	465	508	406	1	0.0836	0	0	0	116	12256	0.0000%	0	0.0166	0.29	1034	0.8986	119	116	-20	12.24	1	16.1%
  29000	1807	100/100	65/100	2.78	444	445	527	391	1	0.0801	0	0	0	126	12536	0.0000%	0	0.0023	0.292	841	1.0131	111	108	-20.6	11.8	1	16.3%
  30000	1831	100/100	64/100	2.81	419	480	518	414	1	0.094	0	0	0	130	12800	0.0000%	0	0.0023	0.283	774	1.2046	99	95	-20.6	12.59	1	17.1%
== r37b-s9  (**Ended:** budget reached.)
  t	alive	cols	cols abs	x sd	p0	p1	p2	p3	jnt inh	mean m/s	diverged	wraps	crowded	stillb	births	audit	mat resid	det patch sd	patch max share	corpses	det deep	absorpt	inherit	depth m	depth sd	jointed	shade %
  1000	239	73/100	0/100	2.36	17	91	83	48	106	0.0864	0	0	0	0	243	0.0000%	0	0.0063	0.381	92	1.2773	0	0	-10.7	6.61	115	31.3%
  2000	408	92/100	0/100	2.45	104	120	114	70	103	0.0746	0	0	0	0	533	0.0000%	0	0.0057	0.294	213	1.8151	0	0	-11.9	6.65	109	33.4%
  3000	649	98/100	0/100	2.99	147	184	181	137	75	0.0811	0	0	0	0	956	0.0000%	0	0.1843	0.284	395	3.6926	0	0	-14.5	9.14	80	35.8%
  4000	987	99/100	1/100	2.66	244	280	267	196	60	0.1061	0	0	0	0	1544	0.0000%	0	0.023	0.284	559	5.7742	1	0	-14.7	8.83	61	34.2%
  5000	1349	100/100	82/100	2.71	357	364	364	264	38	0.0592	0	0	0	1	2181	0.0000%	0	0.031	0.27	765	8.3486	271	270	-16.5	10.53	39	35.7%
  6000	1548	100/100	98/100	2.96	332	475	455	286	28	0.0794	0	0	0	3	2519	0.0000%	0	0.2953	0.307	725	8.997	482	480	-19.2	12.76	29	37%
  7000	1632	100/100	100/100	2.75	397	442	451	342	14	0.088	0	0	0	5	2851	0.0000%	0	0.0413	0.276	699	4.1851	527	525	-20	13.25	14	33.1%
  8000	1686	100/100	98/100	2.79	477	488	418	303	12	0.0792	0	0	0	8	3379	0.0000%	0	0.1015	0.289	901	0.3518	503	501	-20.8	14.64	12	33.5%
  9000	1546	100/100	95/100	2.77	386	424	399	337	5	0.0569	0	0	0	11	4239	0.0000%	0	0.0066	0.274	1743	0.3574	358	356	-18.9	12.73	5	26.2%
  10000	1590	100/100	95/100	2.74	366	385	447	392	7	0.0776	0	0	0	15	5074	0.0000%	0	0.0084	0.281	2279	0.5953	343	341	-19.3	12.46	7	26.2%
  11000	1591	100/100	88/100	2.80	446	449	397	299	2	0.0718	0	0	0	16	5879	0.0000%	0	0.0131	0.282	2612	0.6475	251	250	-21.1	13.12	2	25%
  12000	1630	100/100	78/100	2.76	402	448	402	378	0	0.0815	0	0	0	21	6484	0.0000%	0	0.0239	0.275	2188	0.7826	197	197	-21.1	12.71	0	23%
  13000	1649	99/100	72/100	2.55	477	443	438	291	0	0.0733	0	0	0	27	6925	0.0000%	0	0.0172	0.289	1812	0.8409	165	164	-19.1	10.9	0	20.9%
  14000	1734	100/100	73/100	2.74	480	445	433	376	0	0.0989	0	0	0	30	7282	0.0000%	0	0.017	0.277	1271	0.9025	144	143	-19.7	11.22	0	20.1%
  15000	1745	100/100	63/100	2.94	396	469	509	371	0	0.0987	0	0	0	34	7613	0.0000%	0	0.0154	0.292	1021	1.0289	123	122	-20.9	11.75	0	19.8%
  16000	1764	100/100	61/100	2.72	469	411	505	379	0	0.0698	0	0	0	38	7983	0.0000%	0	0.0242	0.286	948	0.9418	110	109	-21.1	12.04	0	19.6%
  17000	1721	100/100	53/100	2.74	439	489	493	300	0	0.094	0	0	0	41	8391	0.0000%	0	0.0346	0.286	1124	1.0858	87	86	-21.5	13.38	0	19.1%
  18000	1693	100/100	59/100	2.84	405	498	426	364	0	0.0749	0	0	0	46	8845	0.0000%	0	0.0267	0.294	1289	1.0837	82	79	-20.6	12.64	0	17.2%
  19000	1695	100/100	42/100	2.76	487	412	404	392	0	0.0736	0	0	0	51	9193	0.0000%	0	0.0072	0.287	1277	1.1611	58	54	-21.5	13.49	0	17.8%
  20000	1653	100/100	39/100	2.92	305	426	514	408	0	0.075	0	0	0	52	9509	0.0000%	0	0.0032	0.311	1186	1.374	49	45	-21.4	14.14	0	18.9%
  21000	1710	100/100	39/100	2.83	381	440	506	383	0	0.0629	0	0	0	53	9857	0.0000%	0	0.0127	0.296	992	1.6147	50	47	-19	13.24	0	20.5%
  22000	1737	100/100	34/100	2.57	455	417	483	382	0	0.0849	0	0	0	59	10189	0.0000%	0	0.0132	0.278	952	1.9694	50	47	-19.9	13.13	0	19%
  23000	1766	100/100	48/100	2.77	428	499	471	368	0	0.0707	0	0	0	66	10523	0.0000%	0	0.0485	0.283	900	2.1276	74	71	-20.6	12.37	0	17.3%
  24000	1782	100/100	54/100	2.81	466	460	460	396	0	0.0937	0	0	0	72	10835	0.0000%	0	0.0289	0.262	905	2.373	85	82	-20.9	12.3	0	16.5%
  25000	1777	100/100	71/100	2.83	388	474	503	412	0	0.0956	0	0	0	77	11186	0.0000%	0	0.0246	0.283	953	1.714	127	124	-20.9	12.54	0	17.2%
  26000	1780	100/100	66/100	2.71	403	491	510	376	0	0.0872	0	0	0	89	11518	0.0000%	0	0.0125	0.287	978	0.91	126	124	-21.6	13.32	0	18.1%
  27000	1734	100/100	73/100	2.76	507	461	433	333	0	0.0741	0	0	0	92	11914	0.0000%	0	0.0157	0.292	1120	0.6799	134	132	-21.1	13.75	0	18.3%
  28000	1726	100/100	61/100	2.61	489	461	424	352	0	0.0795	0	0	0	98	12280	0.0000%	0	0.0007	0.283	1145	0.7497	101	100	-20.8	13.6	0	17.1%
  29000	1680	100/100	56/100	2.80	414	455	430	381	0	0.0755	0	0	0	102	12611	0.0000%	0	0.0151	0.271	1188	0.9937	86	85	-20.5	13.21	0	17%
  30000	1722	100/100	51/100	2.74	452	410	447	413	0	0.0606	0	0	0	104	12934	0.0000%	0	0.0147	0.262	1030	1.1274	82	81	-20.1	13.1	0	19.2%
== r37b-s10  (**Ended:** budget reached.)
  t	alive	cols	cols abs	x sd	p0	p1	p2	p3	jnt inh	mean m/s	diverged	wraps	crowded	stillb	births	audit	mat resid	det patch sd	patch max share	corpses	det deep	absorpt	inherit	depth m	depth sd	jointed	shade %
  1000	371	89/100	8/100	3.02	34	108	129	100	29	0.0497	0	0	0	0	374	0.0000%	0	0.018	0.348	79	1.0277	8	5	-6.6	5.02	34	23.1%
  2000	727	100/100	9/100	2.84	163	160	225	179	18	0.0553	0	0	0	0	770	0.0000%	0	0.0235	0.309	119	1.3576	9	6	-10.4	7.94	24	32.7%
  3000	1116	100/100	29/100	2.70	314	283	297	222	11	0.1094	0	0	0	1	1251	0.0000%	0	0.1651	0.281	211	2.7451	32	29	-12.9	9.43	14	30.2%
  4000	1466	100/100	83/100	2.70	361	420	370	315	9	0.058	0	0	0	4	1704	0.0000%	0	0.0754	0.286	239	2.7058	185	181	-16	11.12	11	31%
  5000	1734	100/100	89/100	2.64	405	517	490	322	6	0.0862	0	0	0	10	2076	0.0000%	0	0.0269	0.298	321	2.5424	262	258	-18.5	12.54	8	29.7%
  6000	1815	100/100	94/100	2.85	399	459	496	461	5	0.0909	0	0	0	19	2307	0.0000%	0	0.0317	0.273	384	2.1011	301	297	-18.5	12.33	7	28.3%
  7000	1834	100/100	92/100	2.86	458	469	441	466	5	0.069	0	0	0	33	2548	0.0000%	0	0.0189	0.256	486	1.4302	322	318	-20.4	12.9	7	26.7%
  8000	1820	100/100	94/100	2.85	480	475	475	390	4	0.0724	0	0	0	52	2884	0.0000%	0	0.0157	0.264	729	0.9049	314	312	-21.3	14.21	4	25.8%
  9000	1798	100/100	91/100	2.80	449	436	511	402	4	0.0734	0	0	0	75	3334	0.0000%	0	0.0081	0.284	1057	0.6529	294	292	-22	14.54	4	21.6%
  10000	1730	100/100	87/100	2.76	439	508	418	365	2	0.0765	0	0	0	108	3865	0.0000%	0	0.0145	0.294	1437	0.7129	226	223	-22.8	14.94	2	18.7%
  11000	1685	100/100	81/100	2.74	442	457	416	370	1	0.0678	0	0	0	143	4408	0.0000%	0	0.0235	0.271	1672	0.8133	181	179	-21	13.67	1	18.2%
  12000	1759	100/100	67/100	2.87	444	453	487	375	0	0.0841	0	0	0	163	4778	0.0000%	0	0.0128	0.277	1494	0.7796	143	142	-19.4	12.49	0	17.7%
  13000	1776	100/100	69/100	2.73	435	506	453	382	0	0.0961	0	0	0	200	5051	0.0000%	0	0.0068	0.285	1156	0.9256	121	119	-19.2	12.92	0	17.7%
  14000	1832	100/100	60/100	2.73	433	473	538	388	0	0.0851	0	0	0	221	5309	0.0000%	0	0.0223	0.294	757	1.0202	102	100	-19.2	12.6	0	17.8%
  15000	1820	100/100	51/100	2.65	483	463	473	401	0	0.0741	0	0	0	254	5545	0.0000%	0	0.0121	0.265	708	1.1647	78	76	-19.8	12.32	0	16.5%
  16000	1850	100/100	50/100	2.83	419	493	474	464	0	0.0978	0	0	0	285	5791	0.0000%	0	0.0147	0.266	663	1.362	66	64	-20.2	12.36	0	16.5%
  17000	1833	100/100	35/100	2.70	495	488	452	398	0	0.0759	0	0	0	312	6067	0.0000%	0	0.0139	0.27	753	1.6452	50	49	-20	12.93	0	16.1%
  18000	1830	100/100	29/100	2.78	429	466	493	442	0	0.0652	0	0	0	337	6417	0.0000%	0	0.003	0.269	864	2.019	39	38	-21.8	13.92	0	14.5%
  19000	1799	100/100	28/100	2.89	419	451	476	453	0	0.0775	0	0	0	386	6806	0.0000%	0	0.008	0.265	1067	2.424	31	29	-22.6	14.51	0	14.5%
  20000	1770	100/100	26/100	2.90	411	449	486	424	0	0.0747	0	0	0	411	7141	0.0000%	0	0.053	0.275	1138	2.7303	31	29	-22.2	14.32	0	14%
  21000	1782	100/100	36/100	2.90	440	463	464	415	0	0.0865	0	0	0	444	7436	0.0000%	0	0.1017	0.26	1060	3.0897	46	44	-21.2	13.34	0	14.2%
  22000	1824	100/100	59/100	2.83	482	466	492	384	0	0.0724	0	0	0	475	7705	0.0000%	0	0.0689	0.27	870	2.4812	96	94	-21.2	13.31	0	14.7%
  23000	1831	100/100	75/100	2.76	467	529	447	388	0	0.0697	0	0	0	504	7914	0.0000%	0	0.0451	0.289	708	1.4709	134	132	-21.8	13.96	0	14.2%
  24000	1846	100/100	74/100	2.70	480	493	485	388	0	0.1076	0	0	0	538	8128	0.0000%	0	0.0199	0.267	626	0.7891	158	156	-21.6	13.89	0	14.4%
  25000	1845	100/100	64/100	2.85	524	434	484	403	0	0.079	0	0	0	568	8394	0.0000%	0	0.0064	0.284	666	0.5959	128	127	-21.8	13.13	0	13.6%
  26000	1827	100/100	62/100	2.77	405	495	513	414	0	0.0784	0	0	0	595	8663	0.0000%	0	0.0035	0.281	748	0.7097	102	101	-22.9	13.88	0	13.6%
  27000	1821	100/100	59/100	2.83	385	446	512	478	0	0.0906	0	0	0	620	8967	0.0000%	0	0.0045	0.281	861	0.8484	97	96	-21.6	13.1	0	13.8%
  28000	1803	100/100	51/100	2.86	438	470	461	434	0	0.0786	0	0	0	651	9288	0.0000%	0	0.0063	0.261	934	0.9663	84	84	-22.1	13.92	0	13.7%
  29000	1806	100/100	49/100	2.77	447	524	462	373	0	0.0595	0	0	0	682	9581	0.0000%	0	0.0234	0.29	934	1.13	69	68	-23.3	14.66	0	13.4%
  30000	1759	100/100	38/100	2.85	426	487	488	358	0	0.0943	0	0	0	709	9850	0.0000%	0	0.0051	0.277	944	1.2612	58	56	-21.6	14.36	0	13.8%
