arm r37-s2 | run 2026-09-12-072921-96d4bce6 | tank r=5.64 m (100 m2), 60 m deep, 4 ring(s)
columns of 1 m: 100 | lineage.jsonl: 21298 births, 85 clades

        t      n      cols    x sd    z sd     nn h    nn 3d   leaf   leaf y   stom   stom y   mixo   mixo y    jnt    jnt y  plain  plain y  clade 1m  jointed  joint y  rigid y
    100.0     40    37/100    2.58    3.12     0.92     2.57     30   -14.43      6   -30.74      0        -      3    -1.60      1   -23.94         2       19   -15.78   -16.48
    200.0     49    38/100    3.15    3.13     0.63     1.82     44    -7.77      2   -25.50      0        -      3    -1.02      0        -         2       23    -7.06    -8.98
    300.0     71    46/100    3.22    3.13     0.38     1.20     66    -6.77      1   -53.74      0        -      4    -0.93      0        -        12       38    -5.80    -8.60
    400.0     93    47/100    2.95    3.49     0.37     1.16     88    -7.13      1   -51.63      0        -      4    -1.00      0        -        22       55    -6.17    -9.05
    500.0    119    49/100    3.21    3.61     0.30     1.16    112    -7.87      1   -52.40      0        -      6    -0.72      0        -        22       74    -7.02    -9.30
    600.0    146    61/100    3.01    3.76     0.25     1.07    140    -9.40      0        -      0        -      6    -1.13      0        -        36       92    -8.72    -9.64
    700.0    167    63/100    3.04    3.70     0.19     1.06    161   -11.62      0        -      0        -      6    -2.01      0        -        46      107   -10.98   -11.80
    800.0    199    70/100    3.00    3.64     0.21     1.00    193   -14.68      0        -      0        -      6    -3.34      0        -        57      135   -14.22   -14.58
    900.0    209    71/100    3.19    3.24     0.21     0.88    204   -17.07      0        -      0        -      5    -4.90      0        -        75      142   -16.74   -16.86
   1000.0    232    79/100    3.06    3.01     0.25     0.92    227   -18.74      0        -      0        -      5    -7.60      0        -        87      157   -18.41   -18.68
   1100.0    247    77/100    3.33    3.07     0.21     0.79    242   -19.29      0        -      0        -      5    -9.84      0        -       131      170   -19.01   -19.30
   1200.0    256    83/100    3.11    3.13     0.23     0.73    251   -19.14      0        -      0        -      5   -11.21      0        -       143      175   -18.89   -19.20
   1300.0    274    83/100    3.24    3.24     0.20     0.72    269   -18.02      0        -      0        -      5   -11.66      0        -       151      176   -17.71   -18.23
   1400.0    288    81/100    3.10    3.43     0.21     0.70    283   -15.92      0        -      0        -      5   -11.06      0        -       167      192   -15.83   -15.84
   1500.0    300    81/100    3.40    3.44     0.18     0.72    296   -13.19      0        -      0        -      4    -8.19      0        -       164      202   -13.23   -12.93
   1600.0    315    78/100    3.28    3.46     0.17     0.71    311    -9.33      0        -      0        -      4    -5.39      0        -       194      207    -9.46    -8.94
   1700.0    324    76/100    3.46    3.41     0.17     0.68    320    -5.72      0        -      0        -      4    -2.44      0        -       221      209    -5.88    -5.31
   1800.0    345    79/100    3.51    3.38     0.19     0.63    341    -3.07      0        -      0        -      4    -0.59      0        -       261      218    -3.35    -2.52
   1900.0    383   100/100    3.34    3.31     0.21     0.58    379    -1.71      0        -      0        -      4    -0.45      0        -       291      234    -2.03    -1.19
   2000.0    420   103/100    3.22    3.30     0.22     0.53    415    -1.36      0        -      0        -      4    -0.51      1    -0.44       331      249    -1.60    -0.98
   2100.0    461   105/100    3.23    3.22     0.20     0.52    456    -1.72      0        -      0        -      4    -0.46      1    -0.22       354      274    -2.14    -1.07
   2200.0    497   101/100    3.29    3.38     0.20     0.51    492    -2.13      0        -      0        -      4    -0.68      1    -0.16       383      288    -2.73    -1.26
   2300.0    526    96/100    3.44    3.39     0.16     0.53    520    -2.14      0        -      1   -14.73      4    -0.81      1    -0.46       415      294    -2.72    -1.42
   2400.0    554   101/100    3.57    3.41     0.15     0.50    547    -2.18      0        -      2   -13.68      4    -0.73      1    -0.19       455      295    -2.73    -1.61
   2500.0    586    84/100    3.65    3.47     0.13     0.47    576    -2.48      0        -      5   -14.53      4    -1.00      1    -0.28       469      297    -3.11    -2.01
   2600.0    618    85/100    3.87    3.34     0.12     0.50    604    -3.27      0        -      8   -16.88      4    -1.38      2    -1.21       503      299    -4.16    -2.74
   2700.0    650    76/100    3.98    3.28     0.10     0.53    628    -5.19      0        -     16   -20.16      4    -2.36      2    -2.48       508      297    -6.48    -4.75
   2800.0    688    79/100    4.04    3.09     0.09     0.60    658    -9.36      0        -     24   -25.39      4    -4.38      2    -5.94       517      297   -10.97    -9.06
   2900.0    718    84/100    3.92    2.97     0.10     0.65    684   -15.78      0        -     28   -31.16      4    -7.84      2   -13.13       491      296   -17.50   -15.51
   3000.0    743    90/100    3.66    3.19     0.11     0.67    703   -22.58      0        -     34   -32.93      4   -14.80      2   -22.05       539      292   -23.81   -22.49
   3100.0    771    94/100    3.37    3.43     0.10     0.60    729   -27.71      0        -     36   -34.81      4   -19.40      2   -31.48       578      288   -27.85   -28.11
   3200.0    802   100/100    3.25    3.42     0.11     0.51    752   -30.15      0        -     45   -34.90      3   -21.41      2   -34.12       633      286   -30.22   -30.48
   3300.0    834    99/100    3.05    3.29     0.10     0.47    773   -31.09      0        -     56   -34.37      3   -26.09      2   -34.09       677      285   -31.09   -31.40
   3400.0    867    94/100    2.87    3.42     0.10     0.44    791   -31.18      0        -     71   -33.90      3   -28.02      2   -34.25       731      285   -31.13   -31.53
   3500.0    900   102/100    2.87    3.66     0.11     0.43    797   -30.43      0        -     97   -33.17      3   -28.37      3   -34.27       757      282   -30.43   -30.87
   3600.0    931    95/100    3.03    3.69     0.10     0.43    812   -28.46      0        -    116   -31.50      1   -24.85      2   -32.08       795      281   -28.64   -28.94
   3700.0    950    94/100    3.30    3.56     0.09     0.45    798   -24.54      0        -    149   -28.10      1   -24.85      2   -26.84       804      268   -25.04   -25.13
   3800.0   1002    90/100    3.32    3.24     0.07     0.47    816   -18.13      0        -    183   -22.89      1   -17.62      2   -18.40       830      264   -19.27   -18.90
   3900.0   1055    90/100    3.55    3.31     0.08     0.48    837   -10.64      0        -    216   -16.04      0        -      2    -9.84       883      260   -12.18   -11.61
   4000.0   1104    93/100    3.64    3.46     0.08     0.39    855    -4.76      1   -23.19    246    -9.45      0        -      2    -3.39       947      255    -6.14    -5.73
   4100.0   1152   103/100    3.73    3.28     0.09     0.31    884    -1.63      1   -19.83    266    -5.26      0        -      1    -0.58      1040      255    -2.62    -2.44
   4200.0   1195   109/100    3.62    3.26     0.11     0.28    923    -0.96      1    -6.46    270    -3.41      0        -      1    -0.87      1096      254    -1.60    -1.49
   4300.0   1232   110/100    3.50    3.39    ~0.11    ~0.27    956    -0.97      1    -1.02    274    -2.65      0        -      1    -0.82      1138      254    -1.75    -1.23
   4400.0   1267   113/100    3.39    3.60    ~0.10    ~0.26    987    -1.11      1    -0.85    278    -2.35      0        -      1    -0.59      1175      253    -2.17    -1.19
   4500.0   1299   106/100    3.51    3.65    ~0.09    ~0.24   1018    -1.23      1    -0.93    280    -2.24      0        -      0        -      1219      252    -2.39    -1.22
   4600.0   1333   103/100    3.56    3.72    ~0.07    ~0.23   1050    -1.25      1    -0.67    282    -2.28      0        -      0        -      1249      251    -2.44    -1.24
   4700.0   1366    89/100    3.44    3.94    ~0.07    ~0.23   1082    -1.43      1    -0.70    283    -2.56      0        -      0        -      1294      250    -2.67    -1.44
   4800.0   1399    84/100    3.46    3.99    ~0.05    ~0.25   1114    -1.87      1    -1.14    284    -3.04      0        -      0        -      1326      250    -3.32    -1.85
   4900.0   1428    84/100    3.35    4.11    ~0.05    ~0.28   1143    -2.97      1    -2.12    284    -4.05      0        -      0        -      1341      249    -4.97    -2.81
   5000.0   1456    79/100    2.97    4.31    ~0.04    ~0.31   1171    -5.66      1    -4.47    284    -6.50      0        -      0        -      1366      247    -8.50    -5.28
   5100.0   1479    86/100    2.70    4.23    ~0.05    ~0.36   1194   -11.25      1   -12.08    284   -12.17      0        -      0        -      1351      242   -14.74   -10.78
   5200.0   1509    92/100    3.31    3.65    ~0.06    ~0.39   1224   -19.41      1   -24.99    284   -20.15      0        -      0        -      1356      240   -22.02   -19.09
   5300.0   1532    91/100    3.78    2.94    ~0.07    ~0.40   1247   -27.36      1   -34.73    284   -28.83      0        -      0        -      1410      234   -27.71   -27.63
   5400.0   1556    94/100    3.81    2.51    ~0.07    ~0.35   1271   -32.39      1   -36.20    284   -34.30      0        -      0        -      1447      230   -32.07   -32.85
   5500.0   1570    95/100    3.58    2.47    ~0.06    ~0.32   1285   -35.32      1   -36.51    284   -36.92      0        -      0        -      1448      224   -34.93   -35.73
   5600.0   1573    92/100    3.25    2.70    ~0.06    ~0.29   1288   -38.25      1   -40.25    284   -39.79      0        -      0        -      1463      218   -37.36   -38.72
   5700.0   1582    98/100    3.17    2.66    ~0.05    ~0.28   1297   -41.74      1   -44.28    284   -43.63      0        -      0        -      1482      213   -40.34   -42.35
   5800.0   1577    93/100    3.15    2.65    ~0.05    ~0.27   1291   -45.56      1   -49.03    284   -47.95      0        -      1   -46.45      1464      206   -43.59   -46.35
   5900.0   1552    93/100    3.22    2.65    ~0.06    ~0.27   1266   -49.34      1   -54.34    285   -51.85      0        -      0        -      1435      198   -47.02   -50.21
   6000.0   1522    94/100    3.37    2.62    ~0.06    ~0.27   1234   -52.57      1   -58.17    287   -54.96      0        -      0        -      1400      192   -50.11   -53.44
   6100.0   1488    96/100    3.43    2.72    ~0.06    ~0.26   1198   -54.80      1   -59.77    288   -57.41      0        -      1   -44.20      1363      183   -52.13   -55.74
   6200.0   1438   100/100    3.31    2.75    ~0.07    ~0.24   1148   -56.05      1   -59.88    289   -58.62      0        -      0        -      1345      169   -53.29   -57.01
   6300.0   1400   100/100    3.20    2.86    ~0.09    ~0.23   1110   -56.38      1   -59.91    289   -59.04      0        -      0        -      1305      155   -53.00   -57.42
   6400.0   1374   108/100    3.19    3.00    ~0.09    ~0.22   1081   -56.23      1   -59.89    292   -59.15      0        -      0        -      1275      147   -52.68   -57.35
   6500.0   1348   107/100    3.37    3.20    ~0.09    ~0.23   1052   -55.92      1   -59.88    294   -59.16      0        -      1   -57.18      1261      131   -52.12   -57.12
   6600.0   1316   106/100    3.60    3.39    ~0.08    ~0.22   1009   -55.40      1   -59.61    306   -59.11      0        -      0        -      1229      112   -51.41   -56.72
   6700.0   1286   104/100    3.62    3.63    ~0.07    ~0.22    968   -54.78      1   -59.21    317   -59.02      0        -      0        -      1200      103   -49.51   -56.38
   6800.0   1272   100/100    3.54    3.83    ~0.06    ~0.23    930   -54.09      1   -58.87    341   -58.80      0        -      0        -      1178       91   -46.74   -56.02
   6900.0   1260   105/100    3.37    4.03    ~0.05    ~0.26    879   -53.18      1   -58.18    380   -58.18      0        -      0        -      1161       74   -43.96   -55.36
   7000.0   1255   105/100    3.10    4.21    ~0.05    ~0.29    821   -51.49      2   -57.37    432   -56.90      0        -      0        -      1140       61   -40.83   -54.00
   7100.0   1263   106/100    2.85    4.22    ~0.05    ~0.34    769   -48.58      2   -53.66    492   -54.48      0        -      0        -      1127       50   -35.94   -51.50
   7200.0   1278   101/100    2.82    4.07    ~0.06    ~0.42    735   -44.45      2   -45.55    541   -51.20      0        -      0        -      1118       45   -31.83   -47.87
   7300.0   1298   109/100    3.16    3.83    ~0.06    ~0.47    685   -39.65      2   -37.30    610   -47.63      0        -      1   -47.85      1099       36   -28.49   -43.83
   7400.0   1338   109/100    3.10    3.91    ~0.06    ~0.47    650   -35.82      2   -33.05    686   -44.28      0        -      0        -      1134       32   -26.05   -40.50
   7500.0   1376   109/100    3.04    3.79    ~0.06    ~0.38    622   -34.00      3   -33.64    751   -42.16      0        -      0        -      1186       29   -25.48   -38.73
   7600.0   1375   107/100    3.22    3.70    ~0.05    ~0.33    605   -33.73      3   -33.81    766   -40.86      0        -      1   -42.28      1174       27   -28.03   -37.90
   7700.0   1357   109/100    3.34    3.62    ~0.06    ~0.31    579   -34.96      3   -35.43    774   -40.95      0        -      1   -35.10      1160       23   -28.17   -38.55
   7800.0   1369   108/100    3.44    3.51    ~0.06    ~0.33    573   -37.92      3   -39.66    793   -42.37      0        -      0        -      1198       23   -30.75   -40.67
   7900.0   1353   104/100    2.98    3.37    ~0.06    ~0.33    530   -42.55      3   -44.04    820   -46.02      0        -      0        -      1162       21   -34.51   -44.82
   8000.0   1282   111/100    2.70    2.99    ~0.07    ~0.36    482   -47.57      6   -49.73    794   -50.07      0        -      0        -      1080       19   -36.37   -49.32
   8100.0   1212   108/100    2.47    3.18    ~0.07    ~0.36    444   -50.17      8   -50.20    760   -52.25      0        -      0        -      1034       17   -38.46   -51.66
   8200.0   1157   105/100    2.40    3.24     0.09     0.37    431   -51.20      7   -49.58    719   -53.63      0        -      0        -       987       19   -41.12   -52.89
   8300.0   1131   111/100    2.57    2.93     0.10     0.42    405   -49.25      7   -52.85    719   -53.13      0        -      0        -       969       17   -40.58   -51.91
   8400.0   1147   117/100    2.78    3.07     0.11     0.47    357   -48.29      9   -53.54    781   -52.48      0        -      0        -       956       17   -40.76   -51.34
   8500.0   1113   113/100    2.91    2.73     0.11     0.45    312   -48.92     12   -53.05    789   -52.98      0        -      0        -       918       25   -39.04   -52.14
   8600.0   1044   115/100    2.80    2.83     0.13     0.52    274   -47.13     10   -52.74    760   -53.40      0        -      0        -       872       26   -33.04   -52.23
   8700.0    926   115/100    2.85    2.98     0.14     0.57    242   -45.15      9   -45.77    675   -53.73      0        -      0        -       755       21   -29.35   -51.92
   8800.0    746   110/100    3.08    3.09     0.14     0.62    227   -41.20      9   -46.46    510   -53.37      0        -      0        -       576       16   -20.89   -50.21
   8900.0    611   106/100    3.46    3.26     0.13     0.65    231   -35.57      9   -46.42    371   -52.50      0        -      0        -       454       17   -16.74   -46.85
   9000.0    570    95/100    3.75    3.43     0.10     0.63    257   -28.92      8   -44.07    305   -49.86      0        -      0        -       413       21   -14.42   -41.33
   9100.0    564    88/100    3.70    3.63     0.09     0.66    311   -22.48      9   -34.26    244   -44.37      0        -      0        -       395       23   -14.31   -32.89
   9200.0    607    91/100    3.62    3.58     0.09     0.63    380   -17.01     10   -25.21    217   -36.44      0        -      0        -       432       30   -13.94   -24.62
   9300.0    676    94/100    3.33    3.67     0.09     0.55    457   -12.96     11   -18.83    207   -29.52      0        -      1    -0.25       494       34   -14.01   -18.32
   9400.0    759    92/100    3.17    3.84     0.09     0.49    542   -10.74     12   -15.97    205   -24.94      0        -      0        -       595       45   -13.57   -14.73
   9500.0    849    99/100    3.00    3.90     0.09     0.44    621    -9.65     13   -15.26    215   -21.59      0        -      0        -       689       57   -12.13   -12.80
   9600.0    938    97/100    3.21    3.83     0.08     0.43    698    -9.31     15   -13.08    225   -20.10      0        -      0        -       805       79   -11.85   -11.97
   9700.0   1025    94/100    3.38    3.79     0.07     0.41    768    -9.30     18   -11.85    238   -18.97      1   -10.49      0        -       904       90   -11.86   -11.56
   9800.0   1100    94/100    3.70    3.45     0.06     0.38    815    -9.14     20   -10.17    264   -17.52      1    -9.12      0        -       983       99   -11.44   -11.15
   9900.0   1158    98/100    3.89    3.26     0.06     0.34    854    -8.61     25    -8.55    278   -15.68      1    -6.87      0        -      1050      110   -11.00   -10.23
  10000.0   1205    93/100    4.12    2.92    ~0.06    ~0.33    886    -7.37     25    -7.21    293   -13.08      1    -4.99      0        -      1118      118    -9.99    -8.62
  10100.0   1249   100/100    4.18    2.84    ~0.05    ~0.30    909    -5.72     27    -5.57    312    -9.72      1    -3.46      0        -      1154      124    -8.39    -6.53
  10200.0   1284    96/100    4.17    2.88    ~0.06    ~0.27    932    -4.06     27    -3.46    324    -6.35      1    -2.14      0        -      1196      129    -6.97    -4.36
  10300.0   1315    98/100    3.91    3.30    ~0.06    ~0.25    946    -2.73     27    -1.92    341    -3.71      1    -0.38      0        -      1229      133    -5.75    -2.65
  10400.0   1342    96/100    3.58    3.70    ~0.06    ~0.22    964    -1.88     27    -0.94    350    -2.14      1    -0.17      0        -      1275      138    -4.71    -1.61
  10500.0   1366    98/100    3.39    3.91    ~0.06    ~0.21    983    -1.58     28    -0.62    354    -1.35      1    -1.09      0        -      1272      144    -4.35    -1.17
  10600.0   1387   104/100    3.58    3.72    ~0.07    ~0.20   1001    -1.44     28    -0.54    357    -1.00      1    -0.68      0        -      1318      148    -3.87    -1.00
  10700.0   1406    99/100    3.80    3.52    ~0.06    ~0.20   1018    -1.43     28    -0.60    359    -0.95      1    -0.65      0        -      1347      152    -3.84    -0.98
  10800.0   1426    96/100    3.90    3.46    ~0.06    ~0.20   1036    -1.56     28    -0.76    361    -1.10      1    -0.35      0        -      1352      154    -3.93    -1.12
  10900.0   1446    91/100    4.00    3.45    ~0.05    ~0.20   1051    -1.76     28    -0.92    366    -1.41      1    -0.97      0        -      1370      156    -4.37    -1.33
  11000.0   1461    88/100    4.01    3.50    ~0.05    ~0.22   1065    -2.26     28    -1.32    367    -2.00      1    -2.46      0        -      1379      156    -5.36    -1.79
  11100.0   1478    81/100    4.10    3.43    ~0.04    ~0.23   1079    -3.23     28    -2.18    370    -3.21      1    -3.54      0        -      1391      159    -7.73    -2.66
  11200.0   1492    83/100    4.27    3.15    ~0.05    ~0.27   1087    -5.06     28    -4.18    376    -5.96      1    -4.53      0        -      1391      154   -10.39    -4.68
  11300.0   1503    82/100    4.13    3.03    ~0.05    ~0.30   1093    -8.42     28    -7.89    381   -10.43      1    -7.41      0        -      1390      149   -14.15    -8.34
  11400.0   1519    83/100    3.71    3.41    ~0.06    ~0.36   1105   -13.10     28   -13.49    385   -15.80      1   -13.53      0        -      1392      150   -18.33   -13.30
  11500.0   1534    94/100    3.54    3.47    ~0.06    ~0.36   1120   -17.72     28   -18.88    385   -20.69      1   -16.44      0        -      1417      148   -20.68   -18.25
  11600.0   1547    96/100    3.90    3.04    ~0.05    ~0.33   1132   -20.66     28   -22.25    385   -23.14      1   -19.70      1   -25.45      1436      146   -21.79   -21.26
  11700.0   1558    96/100    3.73    3.22    ~0.05    ~0.28   1144   -21.77     28   -23.10    385   -23.67      1   -18.93      0        -      1461      143   -21.81   -22.31
  11800.0   1571    94/100    3.70    3.33    ~0.05    ~0.24   1157   -21.18     28   -21.97    385   -22.52      1   -16.85      0        -      1468      142   -21.28   -21.54
  11900.0   1585    96/100    3.38    3.47    ~0.04    ~0.23   1172   -18.88     28   -19.49    384   -19.63      1   -16.04      0        -      1470      142   -20.11   -18.97
  12000.0   1595    86/100    3.06    3.51    ~0.04    ~0.23   1183   -15.04     27   -15.48    384   -14.99      1   -16.06      0        -      1479      142   -17.66   -14.78
  12100.0   1605    89/100    3.07    3.31    ~0.05    ~0.23   1193   -10.07     27    -9.56    384    -9.27      1   -20.97      0        -      1520      140   -13.52    -9.53
  12200.0   1616    90/100    3.29    3.03    ~0.05    ~0.22   1202    -5.32     29    -5.53    384    -4.37      1   -33.21      0        -      1541      140   -10.23    -4.63
  12300.0   1627    97/100    3.30    3.09    ~0.05    ~0.20   1213    -2.30     29    -2.51    384    -1.35      1   -26.37      0        -      1551      140    -7.64    -1.57
  12400.0   1639   106/100    3.24    3.22    ~0.07    ~0.19   1225    -1.28     29    -0.81    384    -0.44      1   -31.80      0        -      1567      139    -6.77    -0.57
  12500.0   1652   110/100    3.38    3.20    ~0.07    ~0.19   1238    -1.20     29    -0.53    384    -0.41      1   -26.65      0        -      1576      139    -6.77    -0.49
  12600.0   1665   110/100    3.37    3.40    ~0.08    ~0.19   1251    -1.29     29    -0.53    384    -0.42      1   -20.09      0        -      1592      140    -7.70    -0.48
  12700.0   1676   107/100    3.24    3.67    ~0.07    ~0.19   1262    -1.37     29    -0.52    384    -0.44      1   -11.52      0        -      1600      139    -8.24    -0.50
  12800.0   1688   103/100    3.50    3.56    ~0.07    ~0.19   1276    -1.37     28    -0.45    384    -0.49      0        -      0        -      1606      139    -8.12    -0.53
  12900.0   1700    96/100    3.69    3.48    ~0.06    ~0.19   1288    -1.36     28    -0.50    384    -0.58      0        -      0        -      1635      139    -7.64    -0.59
  13000.0   1713    90/100    3.59    3.66    ~0.05    ~0.19   1301    -1.45     28    -0.57    384    -0.73      0        -      0        -      1655      139    -7.28    -0.74
  13100.0   1724    79/100    3.53    3.84    ~0.05    ~0.20   1312    -1.68     28    -0.86    384    -1.00      0        -      0        -      1658      138    -7.08    -1.03
  13200.0   1737    80/100    3.44    4.01    ~0.04    ~0.21   1325    -2.42     28    -1.40    384    -1.65      0        -      0        -      1666      138    -8.71    -1.67
  13300.0   1749    83/100    3.40    4.12    ~0.04    ~0.23   1337    -4.36     28    -2.84    384    -3.44      0        -      0        -      1667      138   -12.19    -3.44
  13400.0   1763    84/100    3.35    3.92    ~0.04    ~0.26   1351    -9.12     28    -6.94    384    -8.53      0        -      0        -      1669      138   -17.41    -8.24
  13500.0   1777    91/100    3.85    3.21    ~0.05    ~0.31   1365   -17.21     28   -15.16    384   -17.38      0        -      0        -      1640      138   -22.54   -16.76
  13600.0   1790    92/100    3.41    3.24    ~0.06    ~0.31   1378   -25.97     28   -24.74    384   -27.09      0        -      0        -      1696      138   -26.83   -26.14
  13700.0   1801    96/100    3.33    3.05    ~0.06    ~0.30   1388   -31.01     29   -31.29    384   -32.63      0        -      0        -      1693      138   -29.61   -31.50
  13800.0   1812    95/100    3.45    2.85    ~0.05    ~0.24   1399   -33.47     29   -33.61    384   -35.09      0        -      0        -      1700      137   -31.63   -34.00
  13900.0   1821    96/100    3.10    2.91    ~0.04    ~0.21   1409   -34.81     28   -35.00    384   -36.16      0        -      0        -      1715      136   -32.35   -35.32
  14000.0   1827    99/100    3.36    2.97    ~0.04    ~0.20   1416   -35.47     27   -35.62    384   -36.61      0        -      0        -      1737      134   -32.70   -35.95
  14100.0   1840    94/100    3.47    3.35    ~0.04    ~0.21   1429   -35.64     27   -35.75    384   -36.74      0        -      0        -      1748      134   -32.94   -36.10
  14200.0   1849    93/100    3.41    3.09    ~0.04    ~0.21   1437   -35.45     27   -35.47    384   -36.63      0        -      1   -36.12      1752      133   -32.84   -35.91
  14300.0   1849    88/100    3.93    2.55    ~0.04    ~0.22   1439   -34.88     27   -34.91    382   -36.29      0        -      1   -36.91      1759      131   -32.30   -35.40
  14400.0   1855    90/100    3.80    2.86    ~0.05    ~0.25   1446   -33.64     27   -33.46    382   -35.44      0        -      0        -      1760      131   -30.86   -34.25
  14500.0   1859    89/100    3.33    2.89    ~0.05    ~0.29   1450   -31.09     27   -30.98    382   -33.62      0        -      0        -      1754      130   -28.22   -31.86
  14600.0   1856    87/100    2.80    2.72    ~0.04    ~0.30   1448   -26.13     26   -25.37    382   -30.08      0        -      0        -      1731      129   -24.32   -27.12
  14700.0   1852    88/100    2.98    2.70    ~0.04    ~0.33   1446   -20.13     26   -18.19    380   -23.93      0        -      0        -      1740      129   -20.41   -20.92
  14800.0   1854    90/100    3.77    2.57    ~0.05    ~0.35   1450   -13.47     26   -11.84    378   -17.23      0        -      0        -      1742      128   -17.29   -13.98
  14900.0   1857    98/100    3.77    2.90    ~0.05    ~0.31   1457    -8.39     26    -6.57    374   -11.66      0        -      0        -      1722      127   -15.03    -8.58
  15000.0   1861   102/100    3.35    3.34    ~0.05    ~0.22   1463    -5.51     25    -2.75    373    -7.87      0        -      0        -      1710      126   -13.75    -5.38
  15100.0   1860    94/100    3.34    3.29    ~0.05    ~0.21   1463    -4.08     25    -1.55    372    -5.81      0        -      0        -      1737      124   -12.84    -3.79
  15200.0   1863    89/100    3.54    3.20    ~0.05    ~0.20   1467    -3.55     25    -1.21    371    -4.78      0        -      0        -      1735      124   -12.44    -3.15
  15300.0   1866    90/100    3.54    3.29    ~0.04    ~0.20   1472    -3.53     25    -1.39    369    -4.44      0        -      0        -      1734      123   -12.13    -3.09
  15400.0   1868    86/100    3.33    3.54    ~0.04    ~0.21   1477    -4.07     24    -1.89    367    -4.82      0        -      0        -      1753      122   -12.81    -3.59
  15500.0   1866    84/100    3.14    3.80    ~0.04    ~0.23   1476    -5.38     24    -2.99    366    -6.26      0        -      0        -      1757      118   -14.65    -4.91
  15600.0   1868    87/100    2.89    3.91    ~0.04    ~0.25   1481    -8.27     24    -5.44    363    -9.26      0        -      0        -      1763      115   -17.55    -7.82
  15700.0   1867    89/100    2.63    3.74    ~0.05    ~0.29   1481   -13.37     24   -10.78    362   -14.30      0        -      0        -      1753      113   -21.31   -13.01
  15800.0   1868    88/100    2.68    3.68    ~0.06    ~0.36   1485   -19.83     24   -17.34    359   -20.63      0        -      0        -      1771      110   -25.73   -19.59
  15900.0   1863    96/100    3.21    3.67    ~0.06    ~0.37   1485   -26.75     24   -25.07    354   -27.33      0        -      0        -      1774      105   -29.19   -26.70
  16000.0   1861    96/100    3.18    3.77    ~0.05    ~0.31   1485   -32.39     24   -31.80    352   -33.26      0        -      0        -      1759      100   -32.40   -32.56
  16100.0   1858    97/100    3.18    3.66    ~0.05    ~0.27   1486   -36.76     24   -36.19    348   -38.06      0        -      0        -      1747       95   -35.10   -37.10
  16200.0   1850    92/100    3.41    3.23    ~0.05    ~0.25   1482   -40.97     24   -40.81    344   -42.79      0        -      0        -      1733       92   -36.93   -41.54
  16300.0   1843    95/100    3.12    2.75    ~0.05    ~0.26   1481   -45.58     24   -45.93    338   -47.52      0        -      0        -      1742       89   -39.73   -46.26
  16400.0   1833    87/100    2.60    2.68    ~0.05    ~0.25   1475   -49.45     25   -50.00    333   -51.38      0        -      0        -      1731       87   -42.06   -50.19
  16500.0   1805    94/100    2.89    2.37    ~0.05    ~0.25   1454   -52.60     26   -52.12    325   -54.66      0        -      0        -      1706       83   -44.26   -53.38
  16600.0   1793    90/100    3.05    1.89    ~0.06    ~0.25   1448   -55.04     28   -55.01    317   -57.19      0        -      0        -      1698       80   -45.53   -55.89
  16700.0   1780   101/100    2.76    2.25    ~0.07    ~0.23   1437   -55.75     29   -55.59    314   -57.71      0        -      0        -      1685       75   -46.37   -56.52
  16800.0   1768   109/100    3.04    2.64    ~0.08    ~0.24   1426   -55.57     30   -54.36    312   -57.12      0        -      0        -      1667       70   -46.74   -56.19
  16900.0   1749   108/100    3.35    2.60    ~0.09    ~0.23   1418   -55.90     29   -55.76    302   -57.73      0        -      0        -      1651       70   -46.62   -56.62
  17000.0   1737   103/100    3.34    2.67    ~0.09    ~0.24   1420   -56.35     27   -57.16    290   -58.29      0        -      0        -      1653       66   -46.44   -57.09
  17100.0   1715   106/100    3.50    2.91    ~0.09    ~0.23   1410   -56.58     26   -57.40    279   -58.59      0        -      0        -      1618       63   -46.21   -57.33
  17200.0   1693   101/100    3.78    3.26    ~0.07    ~0.23   1400   -56.50     24   -57.43    269   -58.62      0        -      0        -      1589       61   -45.65   -57.27
  17300.0   1673    98/100    3.79    3.55    ~0.05    ~0.23   1381   -55.95     24   -56.61    268   -58.32      0        -      0        -      1582       60   -45.32   -56.75
  17400.0   1664    95/100    3.59    3.83    ~0.04    ~0.24   1381   -54.46     26   -54.58    257   -57.31      0        -      0        -      1560       53   -43.66   -55.27
  17500.0   1650    94/100    3.43    3.85    ~0.04    ~0.28   1381   -51.38     26   -51.09    243   -54.61      0        -      0        -      1518       48   -41.22   -52.17
  17600.0   1642    93/100    3.20    3.54    ~0.05    ~0.30   1381   -46.68     26   -45.13    235   -49.87      0        -      0        -      1520       45   -39.21   -47.34
  17700.0   1645    94/100    3.27    3.32    ~0.06    ~0.35   1386   -42.41     31   -44.66    227   -45.32      0        -      1   -50.86      1495       40   -36.53   -43.02
  17800.0   1645   101/100    3.27    3.55    ~0.07    ~0.38   1392   -38.08     34   -42.99    219   -39.30      0        -      0        -      1514       39   -34.38   -38.44
  17900.0   1658   101/100    3.62    3.31    ~0.06    ~0.35   1413   -33.71     35   -39.27    210   -33.75      0        -      0        -      1515       35   -32.33   -33.86
  18000.0   1668    95/100    3.69    3.18    ~0.06    ~0.28   1430   -31.15     31   -36.21    207   -30.76      0        -      0        -      1522       30   -31.03   -31.20
  18100.0   1672    95/100    3.47    3.44    ~0.05    ~0.25   1435   -30.11     32   -34.28    205   -30.22      0        -      0        -      1534       26   -28.67   -30.23
  18200.0   1679    94/100    3.25    3.80    ~0.05    ~0.24   1448   -30.41     30   -34.28    201   -30.82      0        -      0        -      1561       27   -29.84   -30.54
  18300.0   1695   101/100    2.82    3.88    ~0.05    ~0.25   1479   -32.05     27   -35.50    189   -32.00      0        -      0        -      1597       23   -28.16   -32.15
  18400.0   1691    99/100    2.19    3.48    ~0.05    ~0.26   1484   -34.97     25   -38.83    182   -35.69      0        -      0        -      1574       20   -27.77   -35.19
  18500.0   1654    90/100    1.96    3.36    ~0.05    ~0.27   1459   -39.50     27   -44.14    168   -41.01      0        -      0        -      1542       16   -27.58   -39.85
  18600.0   1621   103/100    2.15    3.19    ~0.05    ~0.30   1427   -44.45     31   -49.31    163   -45.35      0        -      0        -      1492       14   -28.29   -44.77
  18700.0   1589   102/100    2.08    3.62    ~0.05    ~0.30   1401   -49.53     31   -51.56    157   -52.17      0        -      0        -      1455       13   -30.14   -49.99
  18800.0   1537   108/100    2.08    3.14    ~0.06    ~0.28   1361   -52.52     29   -54.39    147   -56.47      0        -      0        -      1415       13   -34.83   -53.08
  18900.0   1505   107/100    2.15    2.78    ~0.07    ~0.31   1338   -53.72     28   -54.97    139   -56.98      0        -      0        -      1375       12   -33.46   -54.21
  19000.0   1476   108/100    2.03    2.72    ~0.09    ~0.34   1321   -52.88     24   -55.18    131   -55.90      0        -      0        -      1324       12   -34.02   -53.34
  19100.0   1453   108/100    2.04    2.67    ~0.10    ~0.38   1312   -50.76     23   -54.84    117   -52.95      0        -      1   -49.21      1283       12   -31.33   -51.16
  19200.0   1439   112/100    2.36    2.91    ~0.10    ~0.49   1310   -49.07     21   -53.39    108   -50.95      0        -      0        -      1223       12   -29.84   -49.44
  19300.0   1426   114/100    2.87    3.06    ~0.10    ~0.43   1298   -48.87     26   -53.30    102   -51.66      0        -      0        -      1228       12   -27.78   -49.33
  19400.0   1412   116/100    3.16    3.13    ~0.09    ~0.41   1290   -49.23     26   -53.43     96   -52.60      0        -      0        -      1220       12   -27.60   -49.72
  19500.0   1396   112/100    3.34    3.27    ~0.07    ~0.38   1286   -48.74     26   -53.53     84   -52.26      0        -      0        -      1227       11   -25.33   -49.23
  19600.0   1370   102/100    3.59    3.20    ~0.06    ~0.38   1264   -46.89     24   -52.01     80   -50.35      0        -      2   -40.14      1227       10   -23.21   -47.35
  19700.0   1362   106/100    3.60    2.96    ~0.06    ~0.41   1251   -43.18     31   -51.63     80   -48.80      0        -      0        -      1202       10   -21.82   -43.86
  19800.0   1370   108/100    3.53    2.83    ~0.07    ~0.43   1257   -39.17     31   -46.85     82   -47.64      0        -      0        -      1239       10   -18.48   -40.01
  19900.0   1379   103/100    3.33    3.27    ~0.08    ~0.44   1275   -35.96     31   -41.13     73   -43.70      0        -      0        -      1235        9   -16.50   -36.62
  20000.0   1408    97/100    3.25    3.60    ~0.08    ~0.39   1314   -31.91     30   -36.97     64   -38.56      0        -      0        -      1267        8    -9.60   -32.45
  20100.0   1414   102/100    3.60    3.25    ~0.06    ~0.33   1329   -27.71     29   -32.37     56   -33.95      0        -      0        -      1261        8    -8.69   -28.16
  20200.0   1406    96/100    3.52    3.40    ~0.05    ~0.28   1328   -23.65     28   -27.69     50   -28.77      0        -      0        -      1270        8    -7.91   -24.00
  20300.0   1424    91/100    3.55    3.42    ~0.05    ~0.26   1348   -19.99     28   -22.95     48   -23.54      0        -      0        -      1306        7    -8.49   -20.23
  20400.0   1452    97/100    3.44    3.36    ~0.05    ~0.25   1373   -16.31     26   -17.84     53   -17.34      0        -      0        -      1347        6    -5.95   -16.42
  20500.0   1468    87/100    3.24    3.05    ~0.05    ~0.24   1389   -12.10     25   -13.23     54   -13.36      0        -      0        -      1363        6    -4.29   -12.19
  20600.0   1486    83/100    3.14    2.96    ~0.05    ~0.23   1401    -7.90     25    -8.20     60    -8.36      0        -      0        -      1410        5    -1.92    -7.94
  20700.0   1507    81/100    2.84    3.29    ~0.05    ~0.21   1419    -4.24     23    -4.35     65    -4.64      0        -      0        -      1427        5    -1.30    -4.27
  20800.0   1535    78/100    3.00    3.28    ~0.05    ~0.20   1443    -1.97     23    -1.90     69    -2.27      0        -      0        -      1475        4    -1.42    -1.99
  20900.0   1565    84/100    3.39    3.02    ~0.06    ~0.19   1472    -1.10     23    -0.74     70    -0.99      0        -      0        -      1511       13    -7.59    -1.03
  21000.0   1589    84/100    3.54    3.05    ~0.06    ~0.19   1496    -1.07     23    -0.54     70    -0.62      0        -      0        -      1543       22   -11.53    -0.90
  21100.0   1600    85/100    3.29    3.53    ~0.06    ~0.19   1507    -1.02     23    -0.55     70    -0.56      0        -      0        -      1559       23   -11.31    -0.84
  21200.0   1612    80/100    3.27    3.70    ~0.06    ~0.19   1519    -1.02     23    -0.61     70    -0.63      0        -      0        -      1576       24   -10.58    -0.85
  21300.0   1628    78/100    3.64    3.49    ~0.05    ~0.19   1534    -1.11     24    -0.75     70    -0.74      0        -      0        -      1596       24    -9.66    -0.96
  21400.0   1641    75/100    3.95    3.22    ~0.05    ~0.19   1547    -1.23     24    -0.96     70    -0.93      0        -      0        -      1607       27    -9.33    -1.08
  21500.0   1650    76/100    4.03    3.11    ~0.04    ~0.20   1556    -1.57     24    -1.32     70    -1.31      0        -      0        -      1615       27   -10.04    -1.41
  21600.0   1656    69/100    4.01    3.02    ~0.04    ~0.21   1562    -2.31     24    -2.16     70    -2.18      0        -      0        -      1625       26   -10.22    -2.18
  21700.0   1664    66/100    4.01    2.73    ~0.04    ~0.23   1567    -4.21     26    -4.32     70    -4.47      0        -      1    -2.63      1627       26   -12.27    -4.09
  21800.0   1671    73/100    3.95    2.47    ~0.04    ~0.26   1574    -8.44     27    -8.75     70    -9.20      0        -      0        -      1611       26   -14.73    -8.38
  21900.0   1667    78/100    3.58    2.93    ~0.06    ~0.30   1570   -14.90     28   -15.83     69   -16.69      0        -      0        -      1585       22   -16.92   -14.96
  22000.0   1673    83/100    3.07    3.66    ~0.06    ~0.32   1572   -21.60     32   -23.05     69   -24.09      0        -      0        -      1594       22   -19.70   -21.76
  22100.0   1674    87/100    2.95    3.74    ~0.06    ~0.29   1575   -26.02     34   -27.32     65   -28.71      0        -      0        -      1589       22   -22.43   -26.20
  22200.0   1674    88/100    2.81    3.93    ~0.06    ~0.23   1572   -27.87     37   -28.69     65   -30.01      0        -      0        -      1593       22   -23.38   -28.03
  22300.0   1676    78/100    2.73    4.09    ~0.05    ~0.21   1571   -27.78     40   -28.51     65   -29.27      0        -      0        -      1593       21   -23.11   -27.91
  22400.0   1670    77/100    3.36    3.57    ~0.05    ~0.21   1565   -26.20     41   -26.94     64   -27.13      0        -      0        -      1594       20   -22.09   -26.30
  22500.0   1673    72/100    3.43    2.57    ~0.05    ~0.21   1568   -23.18     41   -23.50     64   -23.17      0        -      0        -      1622       20   -20.11   -23.22
  22600.0   1678    64/100    2.53    2.29    ~0.04    ~0.21   1573   -18.33     41   -18.36     64   -17.97      0        -      0        -      1626       20   -17.87   -18.32
  22700.0   1683    70/100    3.08    3.29    ~0.04    ~0.23   1578   -11.36     41   -11.43     64   -10.72      0        -      0        -      1631       20   -14.06   -11.31
  22800.0   1694    77/100    3.60    3.38    ~0.05    ~0.22   1589    -5.15     41    -5.35     64    -4.15      0        -      0        -      1647       20   -10.73    -5.05
  22900.0   1703    79/100    3.91    3.24    ~0.05    ~0.20   1599    -1.50     40    -1.42     64    -0.87      0        -      0        -      1665       19    -7.18    -1.41
  23000.0   1715    81/100    3.76    3.33    ~0.07    ~0.18   1611    -0.64     40    -0.40     64    -0.29      0        -      0        -      1687       20    -8.38    -0.53
  23100.0   1726    91/100    3.48    3.61    ~0.08    ~0.19   1620    -0.65     42    -0.40     64    -0.31      0        -      0        -      1695       22   -11.96    -0.48
  23200.0   1733    90/100    3.57    3.60    ~0.07    ~0.18   1627    -0.68     42    -0.44     64    -0.33      0        -      0        -      1702       21   -14.21    -0.49
  23300.0   1742    84/100    3.62    3.61    ~0.07    ~0.18   1637    -0.72     41    -0.48     64    -0.40      0        -      0        -      1713       22   -15.18    -0.52
  23400.0   1749    81/100    3.58    3.74    ~0.06    ~0.18   1645    -0.76     41    -0.52     63    -0.45      0        -      0        -      1725       21   -14.37    -0.58
  23500.0   1756    77/100    3.57    3.84    ~0.06    ~0.18   1653    -0.83     41    -0.61     62    -0.56      0        -      0        -      1729       21   -13.68    -0.66
  23600.0   1765    71/100    3.63    3.87    ~0.05    ~0.19   1662    -0.99     41    -0.80     62    -0.75      0        -      0        -      1737       20   -12.64    -0.84
  23700.0   1772    65/100    3.61    3.94    ~0.04    ~0.19   1668    -1.28     42    -1.17     62    -1.04      0        -      0        -      1746       20   -12.00    -1.15
  23800.0   1779    63/100    3.45    4.09    ~0.04    ~0.21   1675    -1.96     42    -2.02     62    -1.79      0        -      0        -      1754       20   -10.85    -1.85
  23900.0   1787    71/100    2.96    4.39    ~0.03    ~0.23   1683    -4.07     42    -4.57     62    -3.96      0        -      0        -      1752       20   -10.84    -4.00
  24000.0   1795    69/100    2.17    4.47    ~0.04    ~0.25   1691    -9.86     42   -10.96     62   -10.12      0        -      0        -      1727       20   -14.08    -9.84
  24100.0   1791    77/100    2.95    3.48    ~0.06    ~0.31   1687   -18.20     42   -19.34     62   -20.02      0        -      0        -      1709       20   -18.57   -18.29
  24200.0   1790    83/100    3.61    2.94    ~0.07    ~0.36   1686   -26.19     42   -27.67     62   -27.87      0        -      0        -      1727       20   -20.09   -26.35
  24300.0   1790    86/100    3.45    3.30    ~0.06    ~0.32   1685   -31.59     43   -31.89     62   -33.25      0        -      0        -      1722       20   -25.45   -31.73
  24400.0   1795    85/100    3.63    3.27    ~0.05    ~0.25   1690   -35.12     43   -35.46     62   -37.18      0        -      0        -      1715       19   -26.37   -35.30
  24500.0   1788    80/100    3.37    3.28    ~0.04    ~0.23   1682   -37.85     44   -37.66     62   -39.92      0        -      0        -      1719       19   -27.25   -38.03
  24600.0   1788    88/100    2.97    3.16    ~0.04    ~0.22   1683   -40.36     44   -40.02     61   -42.34      0        -      0        -      1716       19   -27.51   -40.55
  24700.0   1786    87/100    2.69    2.81    ~0.05    ~0.22   1682   -42.89     43   -42.61     61   -44.61      0        -      0        -      1712       19   -28.34   -43.10
  24800.0   1775    88/100    2.86    2.31    ~0.05    ~0.23   1671   -45.35     43   -45.22     61   -47.76      0        -      0        -      1699       18   -28.92   -45.59
  24900.0   1756    91/100    3.16    2.07    ~0.04    ~0.23   1651   -48.09     44   -48.23     61   -50.76      0        -      0        -      1674       17   -31.90   -48.34
  25000.0   1732    92/100    3.17    2.40    ~0.04    ~0.23   1625   -51.12     46   -50.58     61   -53.70      0        -      0        -      1632       17   -32.65   -51.38
  25100.0   1713    92/100    2.71    2.72    ~0.04    ~0.22   1605   -53.54     47   -52.63     61   -56.31      0        -      0        -      1616       17   -33.58   -53.82
  25200.0   1692    87/100    2.47    2.79    ~0.04    ~0.21   1581   -55.28     50   -54.64     61   -57.88      0        -      0        -      1598       17   -33.09   -55.58
  25300.0   1666    90/100    2.75    2.71    ~0.04    ~0.20   1550   -56.44     55   -55.51     61   -58.66      0        -      0        -      1585       18   -33.46   -56.74
  25400.0   1653    90/100    3.15    2.79    ~0.04    ~0.20   1531   -56.98     61   -56.26     61   -59.07      0        -      0        -      1582       22   -32.37   -57.36
  25500.0   1643    91/100    3.27    3.03    ~0.05    ~0.20   1500   -57.20     82   -56.99     61   -59.22      0        -      0        -      1583       21   -31.03   -57.60
  25600.0   1641    94/100    3.21    3.36    ~0.04    ~0.20   1500   -57.06     80   -56.87     61   -59.20      0        -      0        -      1569       22   -29.62   -57.51
  25700.0   1627    86/100    3.04    3.67    ~0.04    ~0.21   1489   -56.64     76   -56.23     61   -59.01      0        -      1   -59.74      1552       25   -29.33   -57.14
  25800.0   1615    87/100    2.80    3.96    ~0.04    ~0.22   1477   -55.79     77   -54.85     61   -58.52      0        -      0        -      1524       22   -27.63   -56.24
  25900.0   1612    93/100    2.55    4.13    ~0.04    ~0.23   1459   -53.82     83   -53.01     70   -57.59      0        -      0        -      1532       21   -26.43   -54.31
  26000.0   1625    98/100    2.68    3.91    ~0.04    ~0.27   1448   -50.74    105   -50.84     72   -55.49      0        -      0        -      1513       19   -24.85   -51.27
  26100.0   1623    95/100    3.20    3.43    ~0.05    ~0.31   1435   -46.94    116   -47.49     71   -52.19      0        -      1   -42.41      1496       19   -25.62   -47.46
  26200.0   1616    97/100    3.32    3.21    ~0.06    ~0.34   1423   -42.81    126   -45.23     66   -47.71      0        -      1   -58.90      1489       19   -27.44   -43.40
  26300.0   1620   100/100    3.26    2.98    ~0.06    ~0.34   1428   -39.79    127   -42.50     65   -43.69      0        -      0        -      1494       18   -26.35   -40.32
  26400.0   1633    99/100    3.52    2.82    ~0.06    ~0.31   1426   -38.25    128   -40.95     79   -44.22      0        -      0        -      1508       16   -25.86   -38.88
  26500.0   1652    97/100    3.55    2.96    ~0.07    ~0.29   1430   -38.23    130   -40.90     92   -45.39      0        -      0        -      1530       15   -25.71   -38.95
  26600.0   1656   100/100    3.27    3.16    ~0.06    ~0.26   1425   -39.63    135   -41.81     96   -46.11      0        -      0        -      1530       14   -25.94   -40.30
  26700.0   1655    97/100    2.69    2.96    ~0.06    ~0.27   1419   -41.92    134   -43.60    102   -48.49      0        -      0        -      1532       14   -26.33   -42.60
  26800.0   1629   102/100    2.45    2.76    ~0.05    ~0.27   1396   -45.40    137   -46.68     96   -50.78      0        -      0        -      1498       10   -23.39   -45.97
  26900.0   1609    99/100    2.46    2.93    ~0.06    ~0.29   1392   -49.44    138   -50.82     79   -52.67      0        -      0        -      1489       10   -24.02   -49.88
  27000.0   1579   103/100    2.83    3.33    ~0.06    ~0.28   1373   -52.73    140   -54.22     66   -55.63      0        -      0        -      1462       10   -28.30   -53.14
  27100.0   1558   108/100    3.05    2.90    ~0.07    ~0.25   1358   -54.78    142   -56.97     58   -57.59      0        -      0        -      1447       10   -28.49   -55.25
  27200.0   1534   107/100    2.79    2.72    ~0.08    ~0.24   1336   -55.45    138   -57.30     60   -58.65      0        -      0        -      1419       10   -30.06   -55.91
  27300.0   1520   107/100    2.61    2.29    ~0.08    ~0.27   1314   -54.55    144   -55.97     62   -58.20      0        -      0        -      1377       10   -30.71   -54.99
  27400.0   1520   106/100    2.47    2.40    ~0.09    ~0.33   1315   -52.70    142   -54.24     62   -57.19      0        -      1   -39.99      1382        9   -28.84   -53.16
  27500.0   1514   113/100    2.66    2.47    ~0.09    ~0.38   1310   -51.98    140   -53.89     63   -56.62      0        -      1   -58.17      1336        9   -29.34   -52.49
  27600.0   1500   110/100    2.75    2.72    ~0.09    ~0.40   1301   -51.84    138   -53.64     61   -56.26      0        -      0        -      1350        9   -30.15   -52.32
  27700.0   1491   112/100    2.99    3.15    ~0.10    ~0.42   1288   -51.63    133   -53.44     70   -55.98      0        -      0        -      1325        9   -31.24   -52.12
  27800.0   1464   112/100    3.36    3.36    ~0.07    ~0.37   1265   -50.86    126   -52.59     73   -56.10      0        -      0        -      1311        9   -30.48   -51.40
  27900.0   1455   111/100    3.47    3.37    ~0.05    ~0.36   1255   -48.76    119   -50.21     81   -55.49      0        -      0        -      1313        7   -28.82   -49.35
  28000.0   1427   102/100    3.52    3.26    ~0.06    ~0.41   1234   -45.19    113   -45.78     80   -53.16      0        -      0        -      1285        6   -29.68   -45.75
  28100.0   1426   105/100    3.22    3.43    ~0.07    ~0.46   1230   -40.77    112   -41.76     83   -49.04      0        -      1   -47.46      1273        5   -22.59   -41.40
  28200.0   1447   101/100    3.11    3.57    ~0.07    ~0.50   1236   -36.22    122   -38.67     89   -45.19      0        -      0        -      1267        5   -21.38   -37.03
  28300.0   1469   102/100    3.36    3.42    ~0.07    ~0.45   1227   -31.95    136   -34.33    106   -43.34      0        -      0        -      1298        5   -19.53   -33.04
  28400.0   1515   102/100    3.48    3.51    ~0.06    ~0.38   1230   -28.06    149   -31.66    136   -41.43      0        -      0        -      1361        4   -12.61   -29.66
  28500.0   1535    96/100    3.38    3.54    ~0.05    ~0.29   1243   -25.24    150   -28.51    141   -36.77      0        -      1   -26.17      1381        4   -13.85   -26.65
  28600.0   1527    93/100    3.35    3.44    ~0.05    ~0.25   1236   -23.55    146   -26.28    144   -31.66      0        -      1   -32.19      1379        4   -15.25   -24.60
  28700.0   1531    87/100    3.37    3.56    ~0.05    ~0.23   1241   -22.51    142   -24.96    148   -28.30      0        -      0        -      1413        4   -15.27   -23.32
  28800.0   1539    90/100    3.56    3.19    ~0.05    ~0.23   1250   -21.81    147   -23.93    142   -25.85      0        -      0        -      1450        3    -4.43   -22.42
  28900.0   1543    95/100    3.60    2.87    ~0.05    ~0.23   1256   -21.20    151   -23.36    135   -24.17      0        -      1   -20.82      1458        3    -3.83   -21.71
  29000.0   1543    90/100    3.54    2.62    ~0.05    ~0.24   1252   -20.48    148   -22.99    143   -22.69      0        -      0        -      1466        3    -3.31   -20.96
  29100.0   1549    89/100    3.41    2.42    ~0.04    ~0.26   1259   -19.48    147   -22.38    143   -21.50      0        -      0        -      1467        3    -2.17   -19.97
  29200.0   1554    84/100    3.48    2.40    ~0.04    ~0.26   1265   -18.04    144   -21.70    145   -20.07      0        -      0        -      1470        3    -1.75   -18.60
  29300.0   1553    78/100    3.59    2.59    ~0.04    ~0.29   1255   -16.26    143   -20.76    155   -18.59      0        -      0        -      1469        3    -0.91   -16.94
  29400.0   1554    80/100    3.66    2.92    ~0.04    ~0.33   1255   -14.35    142   -19.89    157   -16.58      0        -      0        -      1444        3    -0.57   -15.11
  29500.0   1554    89/100    3.49    3.32    ~0.05    ~0.33   1250   -12.74    142   -18.61    162   -14.91      0        -      0        -      1428        3    -0.42   -13.52
  29600.0   1550    88/100    3.47    3.61    ~0.04    ~0.34   1243   -11.66    136   -18.18    171   -13.46      0        -      0        -      1378        3    -0.23   -12.45
  29700.0   1554    93/100    3.59    3.64    ~0.05    ~0.34   1237   -11.20    135   -18.46    182   -13.55      0        -      0        -      1403        3    -0.39   -12.13
  29800.0   1557    97/100    3.67    3.62    ~0.04    ~0.34   1246   -11.62    131   -19.29    180   -14.02      0        -      0        -      1399        3    -0.31   -12.57
  29900.0   1560    89/100    3.62    3.56    ~0.05    ~0.35   1254   -13.19    129   -20.60    177   -15.60      0        -      0        -      1370        3    -0.46   -14.10
  30000.0   1557    88/100    3.25    3.79    ~0.05    ~0.34   1250   -15.80    125   -23.46    182   -18.63      0        -      0        -      1402        3    -0.38   -16.78

300 of 300 samples printed
