arm r37-s4 | run 2026-09-12-073031-96d4bce6 | tank r=5.64 m (100 m2), 60 m deep, 4 ring(s)
columns of 1 m: 100 | lineage.jsonl: 19104 births, 87 clades

        t      n      cols    x sd    z sd     nn h    nn 3d   leaf   leaf y   stom   stom y   mixo   mixo y    jnt    jnt y  plain  plain y  clade 1m  jointed  joint y  rigid y
    100.0     40    33/100    3.03    2.82     0.76     2.32     34   -15.82      3   -19.92      0        -      2    -5.56      1   -17.00         0       18   -13.53   -17.38
    200.0     62    43/100    3.38    2.92     0.68     1.31     60    -7.37      2   -21.38      0        -      0        -      0        -         6       28    -7.00    -8.49
    300.0    103    64/100    3.39    3.13     0.37     1.05    100    -5.41      3    -2.53      0        -      0        -      0        -        22       43    -5.20    -5.42
    400.0    146    68/100    3.48    3.20     0.30     0.84    143    -4.41      3    -2.23      0        -      0        -      0        -        37       55    -4.57    -4.24
    500.0    202    77/100    3.63    3.08     0.25     0.75    199    -3.96      3    -2.42      0        -      0        -      0        -        95       63    -4.76    -3.56
    600.0    252    73/100    3.88    3.20     0.18     0.66    249    -4.75      3    -3.11      0        -      0        -      0        -       125       77    -5.72    -4.29
    700.0    312    76/100    3.96    3.11     0.15     0.68    308    -6.48      3    -4.59      0        -      0        -      1   -10.41       166       85    -7.36    -6.14
    800.0    362    75/100    3.99    2.91     0.16     0.71    359    -9.50      3    -7.45      0        -      0        -      0        -       182       99   -10.21    -9.21
    900.0    416    80/100    3.67    3.26     0.14     0.69    413   -13.99      3   -10.21      0        -      0        -      0        -       181      110   -14.36   -13.82
   1000.0    469    83/100    3.32    3.45     0.14     0.69    466   -18.57      3   -15.59      0        -      0        -      0        -       223      118   -18.78   -18.47
   1100.0    510    92/100    3.02    3.60     0.14     0.62    507   -21.66      3   -19.67      0        -      0        -      0        -       289      115   -21.43   -21.72
   1200.0    552    95/100    2.85    3.65     0.13     0.54    549   -22.99      3   -20.86      0        -      0        -      0        -       351      113   -22.40   -23.13
   1300.0    580    92/100    2.78    3.67     0.13     0.46    576   -23.10      3   -22.21      0        -      0        -      1   -15.41       427      110   -22.54   -23.21
   1400.0    610    93/100    2.90    3.61     0.12     0.45    607   -22.10      3   -21.46      0        -      0        -      0        -       458      106   -21.82   -22.16
   1500.0    635    86/100    3.09    3.44     0.12     0.42    632   -19.86      3   -19.06      0        -      0        -      0        -       485      102   -19.80   -19.87
   1600.0    672    80/100    3.19    3.07     0.11     0.44    669   -16.71      3   -14.88      0        -      0        -      0        -       506      107   -17.55   -16.53
   1700.0    700    90/100    3.22    3.19     0.10     0.44    696   -12.32      3   -11.26      0        -      0        -      1   -11.61       546      109   -13.60   -12.07
   1800.0    732    85/100    3.44    3.34     0.11     0.44    728    -7.48      3    -7.10      0        -      0        -      1    -7.85       585      108    -9.22    -7.18
   1900.0    771    81/100    3.60    3.48     0.09     0.39    765    -3.61      5   -12.96      0        -      0        -      1    -5.89       643      113    -6.45    -3.20
   2000.0    808    95/100    3.65    3.39     0.11     0.34    797    -1.51     10   -16.72      0        -      0        -      1    -1.70       713      120    -5.03    -1.11
   2100.0    844   103/100    3.56    3.35     0.13     0.31    827    -1.02     16   -14.84      0        -      0        -      1    -0.62       756      126    -4.68    -0.68
   2200.0    880   105/100    3.31    3.56     0.13     0.31    857    -0.94     22   -14.97      0        -      0        -      1    -0.87       791      132    -5.06    -0.63
   2300.0    911   105/100    3.39    3.54     0.12     0.31    882    -1.04     28   -13.25      0        -      0        -      1    -1.07       819      136    -5.37    -0.72
   2400.0    945   106/100    3.50    3.54     0.11     0.30    910    -1.11     34   -13.36      0        -      0        -      1    -0.86       829      138    -5.42    -0.89
   2500.0    976    95/100    3.55    3.63     0.10     0.30    936    -1.18     39   -14.59      0        -      0        -      1    -0.93       872      138    -5.37    -1.11
   2600.0   1005    90/100    3.50    3.79     0.09     0.29    962    -1.28     42   -16.87      0        -      0        -      1    -1.16       912      138    -5.68    -1.34
   2700.0   1034    87/100    3.55    3.86     0.08     0.29    988    -1.58     44   -19.98      0        -      0        -      2    -1.36       925      138    -6.43    -1.74
   2800.0   1064    84/100    3.46    3.98     0.07     0.31   1017    -2.32     45   -23.56      0        -      0        -      2    -1.67       924      138    -8.48    -2.43
   2900.0   1091    85/100    3.18    4.18     0.06     0.35   1043    -4.12     46   -27.28      0        -      0        -      2    -3.10       919      138   -11.79    -4.12
   3000.0   1119    79/100    2.82    4.27     0.06     0.38   1071    -8.43     46   -31.59      0        -      0        -      2    -7.97       892      137   -16.40    -8.40
   3100.0   1147    87/100    2.82    3.85     0.08     0.44   1099   -16.02     46   -33.59      0        -      0        -      2   -14.38       867      135   -21.96   -16.03
   3200.0   1175    94/100    3.39    3.07     0.10     0.52   1127   -23.34     46   -34.45      0        -      0        -      2   -26.48       896      132   -26.70   -23.41
   3300.0   1207   102/100    3.52    3.11    ~0.09    ~0.48   1158   -28.43     47   -34.48      0        -      0        -      2   -33.16       927      132   -29.78   -28.54
   3400.0   1236   101/100    3.54    3.37    ~0.08    ~0.40   1187   -31.60     47   -33.73      0        -      0        -      2   -33.31       996      131   -30.93   -31.78
   3500.0   1269   102/100    3.45    3.43    ~0.07    ~0.33   1220   -33.44     47   -34.01      0        -      0        -      2   -34.31      1064      130   -31.96   -33.63
   3600.0   1292    97/100    3.30    3.40    ~0.07    ~0.32   1243   -34.12     47   -34.27      0        -      0        -      2   -34.91      1118      128   -32.32   -34.33
   3700.0   1320    92/100    2.96    3.59    ~0.06    ~0.29   1270   -34.19     48   -34.27      0        -      0        -      2   -34.84      1140      125   -32.37   -34.38
   3800.0   1353    93/100    2.74    3.68    ~0.06    ~0.28   1303   -33.69     48   -33.52      0        -      0        -      2   -34.53      1181      121   -31.72   -33.88
   3900.0   1385    88/100    2.38    3.58    ~0.06    ~0.31   1335   -32.35     48   -32.23      0        -      0        -      2   -34.07      1208      119   -30.22   -32.55
   4000.0   1407    89/100    2.21    3.29    ~0.06    ~0.33   1352   -29.66     53   -30.46      0        -      0        -      2   -32.95      1194      119   -27.69   -29.88
   4100.0   1428    85/100    2.16    3.08    ~0.07    ~0.35   1366   -25.50     60   -28.38      0        -      0        -      2   -30.00      1200      117   -24.26   -25.75
   4200.0   1466    93/100    2.35    3.28    ~0.07    ~0.42   1396   -19.50     68   -25.68      0        -      0        -      2   -28.12      1229      116   -19.57   -19.82
   4300.0   1496    92/100    3.01    3.51    ~0.07    ~0.43   1417   -12.50     76   -20.37      0        -      0        -      3   -26.84      1246      115   -15.14   -12.75
   4400.0   1532    93/100    3.67    3.30    ~0.07    ~0.35   1446    -6.80     83   -14.44      0        -      0        -      3   -14.76      1314      115   -11.30    -6.90
   4500.0   1568    96/100    3.56    3.29    ~0.07    ~0.28   1473    -3.19     92   -10.83      0        -      0        -      3    -6.48      1388      114    -8.45    -3.27
   4600.0   1603   106/100    3.54    3.37    ~0.07    ~0.24   1503    -1.71     97    -9.02      0        -      0        -      3    -3.58      1446      115    -7.76    -1.73
   4700.0   1633    98/100    3.78    3.27    ~0.07    ~0.22   1530    -1.15    100    -8.47      0        -      0        -      3    -1.84      1517      112    -6.71    -1.23
   4800.0   1667    99/100    3.87    3.37    ~0.07    ~0.21   1562    -1.07    102    -7.97      0        -      0        -      3    -1.22      1565      112    -6.32    -1.14
   4900.0   1694    88/100    3.77    3.65    ~0.06    ~0.21   1588    -1.18    103    -7.90      0        -      0        -      3    -1.22      1591      111    -6.32    -1.26
   5000.0   1719    79/100    3.85    3.70    ~0.05    ~0.22   1612    -1.58    104    -8.81      0        -      0        -      3    -1.76      1604      110    -7.28    -1.66
   5100.0   1738    82/100    4.05    3.54    ~0.05    ~0.24   1631    -2.51    104   -10.42      0        -      0        -      3    -3.45      1610      108    -8.38    -2.63
   5200.0   1759    77/100    4.24    3.24    ~0.04    ~0.27   1650    -4.90    106   -14.22      0        -      0        -      3    -7.87      1594      107   -10.93    -5.11
   5300.0   1776    81/100    4.14    3.03    ~0.04    ~0.31   1666   -10.15    107   -19.42      0        -      0        -      3   -15.22      1554      105   -15.37   -10.43
   5400.0   1791    84/100    3.56    3.46    ~0.05    ~0.36   1677   -17.68    110   -24.54      0        -      0        -      4   -24.19      1530      102   -19.39   -18.04
   5500.0   1805    90/100    3.68    3.30    ~0.06    ~0.37   1692   -25.48    110   -29.17      0        -      0        -      3   -28.77      1579      101   -24.75   -25.77
   5600.0   1818    93/100    3.79    2.73    ~0.06    ~0.32   1705   -31.72    110   -33.47      0        -      0        -      3   -35.18      1606       96   -28.11   -32.04
   5700.0   1829    91/100    3.26    2.87    ~0.07    ~0.30   1715   -36.21    111   -36.88      0        -      0        -      3   -40.42      1627       94   -31.53   -36.51
   5800.0   1834    94/100    2.58    2.88    ~0.06    ~0.29   1719   -39.71    112   -39.80      0        -      0        -      3   -45.00      1637       90   -34.60   -39.98
   5900.0   1840    90/100    2.58    2.80    ~0.05    ~0.28   1725   -43.83    112   -42.99      0        -      0        -      3   -48.34      1655       89   -37.56   -44.10
   6000.0   1837    98/100    2.71    2.95    ~0.05    ~0.29   1722   -47.97    113   -45.94      0        -      0        -      2   -54.48      1643       87   -40.52   -48.22
   6100.0   1823    96/100    2.84    3.24    ~0.06    ~0.31   1708   -51.21    113   -48.35      0        -      0        -      2   -57.30      1624       85   -42.27   -51.47
   6200.0   1802    98/100    3.18    3.15    ~0.06    ~0.29   1687   -53.90    113   -51.06      0        -      0        -      2   -57.86      1610       84   -44.28   -54.19
   6300.0   1793   106/100    3.24    2.92    ~0.07    ~0.28   1676   -55.56    115   -52.24      0        -      0        -      2   -58.68      1601       81   -44.88   -55.85
   6400.0   1782   105/100    3.28    2.70    ~0.08    ~0.28   1662   -56.45    118   -52.94      0        -      0        -      2   -59.00      1608       77   -45.63   -56.69
   6500.0   1775   108/100    3.27    2.64    ~0.09    ~0.29   1653   -56.78    120   -53.07      0        -      0        -      2   -58.48      1607       76   -46.08   -57.00
   6600.0   1758   108/100    3.34    2.85    ~0.09    ~0.28   1634   -57.03    122   -53.17      0        -      0        -      2   -57.77      1600       73   -46.02   -57.23
   6700.0   1735   107/100    3.53    3.11    ~0.09    ~0.28   1609   -57.20    124   -53.26      0        -      0        -      2   -57.95      1580       72   -45.80   -57.40
   6800.0   1712   108/100    3.74    3.36    ~0.07    ~0.25   1581   -57.14    129   -53.29      0        -      0        -      2   -57.91      1570       68   -45.15   -57.34
   6900.0   1699    97/100    3.91    3.41    ~0.06    ~0.24   1564   -56.60    133   -52.95      0        -      0        -      2   -57.41      1549       66   -44.05   -56.81
   7000.0   1680    97/100    3.99    3.34    ~0.05    ~0.25   1541   -55.22    136   -52.32      0        -      0        -      3   -54.44      1511       64   -42.93   -55.47
   7100.0   1667    98/100    4.01    3.17    ~0.05    ~0.28   1524   -52.48    141   -50.83      0        -      0        -      2   -52.76      1493       64   -41.20   -52.78
   7200.0   1663    97/100    3.70    3.16    ~0.06    ~0.33   1507   -48.32    154   -49.19      0        -      0        -      2   -49.03      1448       64   -39.11   -48.77
   7300.0   1661    99/100    3.31    3.28    ~0.07    ~0.40   1500   -43.30    159   -46.12      0        -      0        -      2   -42.52      1426       63   -35.81   -43.87
   7400.0   1670    99/100    3.12    3.48    ~0.08    ~0.45   1496   -38.69    172   -43.21      0        -      0        -      2   -37.02      1411       59   -33.46   -39.36
   7500.0   1693   105/100    3.25    3.60    ~0.07    ~0.43   1495   -34.82    196   -41.99      0        -      0        -      2   -30.63      1428       56   -31.25   -35.79
   7600.0   1722   103/100    3.32    3.62    ~0.06    ~0.38   1492   -32.21    228   -41.84      0        -      0        -      2   -31.79      1440       53   -29.59   -33.61
   7700.0   1749   106/100    3.37    3.55    ~0.06    ~0.32   1482   -31.16    265   -41.08      0        -      0        -      2   -33.13      1437       54   -29.73   -32.76
   7800.0   1768   108/100    3.52    3.43    ~0.05    ~0.27   1477   -31.46    289   -40.62      0        -      0        -      2   -33.67      1492       53   -29.49   -33.07
   7900.0   1772    97/100    3.68    3.03    ~0.05    ~0.26   1461   -32.85    309   -41.31      0        -      0        -      2   -34.96      1514       52   -30.11   -34.45
   8000.0   1772    94/100    3.42    2.98    ~0.05    ~0.26   1446   -35.59    324   -43.23      0        -      0        -      2   -34.46      1549       54   -32.03   -37.14
   8100.0   1754    94/100    3.30    3.54    ~0.05    ~0.28   1422   -40.57    329   -46.85      0        -      0        -      3   -37.53      1527       52   -35.07   -41.95
   8200.0   1731   100/100    2.97    3.41    ~0.05    ~0.29   1396   -46.19    332   -51.12      0        -      0        -      3   -41.65      1521       52   -38.11   -47.40
   8300.0   1685   106/100    2.90    3.07    ~0.05    ~0.29   1341   -50.39    341   -54.15      0        -      0        -      3   -43.02      1505       50   -40.81   -51.45
   8400.0   1632   109/100    2.26    3.00    ~0.06    ~0.28   1275   -54.96    354   -55.53      0        -      0        -      3   -49.81      1451       48   -42.64   -55.45
   8500.0   1580   101/100    2.20    2.79    ~0.07    ~0.28   1188   -55.35    389   -54.87      0        -      0        -      3   -48.37      1380       50   -41.42   -55.67
   8600.0   1553   104/100    2.28    2.83    ~0.08    ~0.31   1139   -53.68    411   -53.39      0        -      0        -      3   -50.58      1348       58   -40.79   -54.10
   8700.0   1512   107/100    2.41    2.95    ~0.08    ~0.33   1071   -52.41    439   -53.53      0        -      0        -      2   -51.22      1288       63   -38.36   -53.36
   8800.0   1480   112/100    2.49    2.86    ~0.09    ~0.37   1019   -53.18    459   -53.57      0        -      0        -      2   -54.45      1243       64   -38.57   -53.97
   8900.0   1403   114/100    2.66    2.96    ~0.09    ~0.36    936   -53.41    465   -53.35      0        -      0        -      2   -54.50      1162       73   -39.52   -54.16
   9000.0   1358   114/100    2.80    3.31    ~0.09    ~0.38    878   -53.22    479   -53.10      0        -      0        -      1   -51.57      1109       84   -39.49   -54.08
   9100.0   1282   115/100    3.00    3.65    ~0.08    ~0.39    802   -52.48    479   -52.66      0        -      0        -      1   -50.33      1026       87   -39.10   -53.53
   9200.0   1208   109/100    3.18    3.63    ~0.06    ~0.39    722   -50.44    485   -51.48      0        -      0        -      1   -48.65       952      102   -41.48   -51.72
   9300.0   1111   111/100    3.29    3.66     0.07     0.46    610   -46.25    499   -48.80      0        -      1   -48.78      1   -48.11       818      132   -43.23   -47.96
   9400.0   1064   109/100    3.36    3.63     0.07     0.56    547   -41.34    516   -44.44      0        -      0        -      1   -35.75       710      149   -42.36   -42.92
   9500.0   1012   111/100    3.37    3.55     0.08     0.61    489   -34.33    523   -38.99      0        -      0        -      0        -       624      167   -37.32   -36.63
   9600.0   1024   111/100    3.26    3.59     0.09     0.55    468   -29.06    556   -34.12      0        -      0        -      0        -       674      202   -34.07   -31.25
   9700.0    993   103/100    3.33    3.61     0.09     0.46    474   -24.52    519   -29.28      0        -      0        -      0        -       696      181   -29.31   -26.50
   9800.0    986   108/100    3.13    3.39     0.09     0.41    483   -20.68    503   -24.83      0        -      0        -      0        -       725      181   -24.38   -22.44
   9900.0    980   108/100    3.37    3.20     0.08     0.37    499   -17.77    481   -21.60      0        -      0        -      0        -       739      190   -21.65   -19.17
  10000.0    981   107/100    3.30    3.16     0.07     0.39    541   -14.21    440   -17.84      0        -      0        -      0        -       765      188   -18.09   -15.30
  10100.0   1013   106/100    3.31    3.43     0.06     0.37    598   -10.25    415   -13.68      0        -      0        -      0        -       778      182   -14.31   -11.07
  10200.0   1054   106/100    3.28    3.59     0.07     0.37    659    -6.79    395    -9.73      0        -      0        -      0        -       812      181   -10.74    -7.30
  10300.0   1100   109/100    3.54    3.56     0.08     0.32    721    -4.09    378    -6.64      0        -      0        -      1   -13.38       897      180    -8.19    -4.34
  10400.0   1143   100/100    3.57    3.66     0.08     0.26    775    -2.22    367    -4.42      0        -      0        -      1    -0.87       958      182    -6.13    -2.32
  10500.0   1201   109/100    3.55    3.68    ~0.08    ~0.22    833    -1.43    368    -3.51      0        -      0        -      0        -      1042      184    -4.98    -1.54
  10600.0   1250   106/100    3.44    3.78    ~0.09    ~0.21    879    -1.19    371    -3.20      0        -      0        -      0        -      1128      187    -4.29    -1.35
  10700.0   1294   106/100    3.47    3.79    ~0.08    ~0.19    922    -1.10    372    -3.02      0        -      0        -      0        -      1176      187    -3.89    -1.27
  10800.0   1327   105/100    3.56    3.78    ~0.08    ~0.19    956    -1.02    371    -2.69      0        -      0        -      0        -      1221      187    -3.51    -1.16
  10900.0   1360    97/100    3.62    3.77    ~0.07    ~0.20    989    -1.11    371    -2.64      0        -      0        -      0        -      1251      185    -3.27    -1.25
  11000.0   1390    92/100    3.78    3.67    ~0.06    ~0.21   1021    -1.36    369    -2.86      0        -      0        -      0        -      1269      184    -3.53    -1.49
  11100.0   1418    84/100    3.90    3.56    ~0.05    ~0.21   1048    -1.88    370    -3.64      0        -      0        -      0        -      1285      186    -4.85    -1.96
  11200.0   1441    85/100    3.97    3.49    ~0.04    ~0.23   1073    -3.00    368    -5.31      0        -      0        -      0        -      1268      188    -7.39    -3.02
  11300.0   1460    78/100    3.89    3.49    ~0.04    ~0.29   1094    -5.39    366    -8.75      0        -      0        -      0        -      1241      185   -11.54    -5.47
  11400.0   1481    85/100    3.82    3.23    ~0.05    ~0.32   1121   -10.27    360   -14.29      0        -      0        -      0        -      1188      183   -16.95   -10.44
  11500.0   1503    90/100    3.75    2.84    ~0.07    ~0.41   1149   -16.84    354   -20.12      0        -      0        -      0        -      1173      182   -21.40   -17.09
  11600.0   1523    98/100    3.80    2.97    ~0.08    ~0.43   1182   -22.91    341   -24.46      0        -      0        -      0        -      1208      172   -24.21   -23.14
  11700.0   1540    99/100    3.70    2.94    ~0.08    ~0.40   1207   -26.62    333   -26.85      0        -      0        -      0        -      1272      168   -25.77   -26.78
  11800.0   1551   101/100    3.88    2.64    ~0.07    ~0.30   1232   -27.84    319   -27.39      0        -      0        -      0        -      1317      163   -25.92   -27.96
  11900.0   1561   103/100    3.86    2.76    ~0.06    ~0.26   1257   -27.48    302   -27.00      0        -      0        -      2   -28.20      1358      156   -25.81   -27.56
  12000.0   1564   100/100    3.51    3.00    ~0.05    ~0.24   1281   -25.81    282   -25.72      0        -      0        -      1   -25.56      1380      148   -25.17   -25.86
  12100.0   1574    95/100    3.40    3.19    ~0.05    ~0.24   1311   -22.42    262   -23.02      0        -      0        -      1   -21.88      1369      143   -23.32   -22.44
  12200.0   1579    91/100    3.62    2.99    ~0.04    ~0.23   1336   -16.60    242   -18.09      0        -      0        -      1   -15.33      1384      136   -19.51   -16.58
  12300.0   1595    92/100    3.10    3.00    ~0.05    ~0.23   1360    -9.42    234   -12.34      0        -      0        -      1    -6.65      1389      133   -14.81    -9.40
  12400.0   1613    93/100    3.02    3.05    ~0.05    ~0.21   1383    -3.88    229    -7.46      0        -      0        -      1    -2.32      1470      129   -10.04    -3.89
  12500.0   1632    96/100    3.44    2.66    ~0.06    ~0.18   1403    -1.17    228    -4.78      0        -      0        -      1    -0.30      1497      127    -6.98    -1.23
  12600.0   1644   104/100    3.30    2.95    ~0.07    ~0.17   1420    -0.59    223    -4.11      0        -      0        -      1    -0.01      1546      121    -6.35    -0.65
  12700.0   1659   108/100    3.51    3.23    ~0.08    ~0.17   1436    -0.54    222    -3.93      0        -      0        -      1    -0.68      1561      119    -6.13    -0.60
  12800.0   1675   113/100    3.68    3.29    ~0.08    ~0.17   1449    -0.53    225    -4.67      0        -      0        -      1    -0.60      1583      121    -7.36    -0.60
  12900.0   1689   106/100    3.59    3.54    ~0.07    ~0.17   1463    -0.52    225    -5.08      0        -      0        -      1    -0.38      1601      119    -7.92    -0.61
  13000.0   1698    96/100    3.55    3.69    ~0.07    ~0.17   1474    -0.50    223    -4.95      0        -      0        -      1    -0.46      1612      117    -7.78    -0.59
  13100.0   1707    94/100    3.66    3.69    ~0.06    ~0.16   1487    -0.57    219    -4.59      0        -      0        -      1    -0.64      1624      113    -7.18    -0.65
  13200.0   1721    86/100    3.65    3.77    ~0.05    ~0.16   1501    -0.72    219    -4.83      0        -      0        -      1    -0.96      1642      112    -7.37    -0.82
  13300.0   1735    83/100    3.54    3.93    ~0.04    ~0.17   1515    -1.03    219    -5.39      0        -      0        -      1    -1.08      1648      111    -7.96    -1.15
  13400.0   1744    79/100    3.35    4.15    ~0.04    ~0.19   1528    -1.76    215    -6.75      0        -      0        -      1    -1.91      1633      108    -9.98    -1.87
  13500.0   1751    79/100    3.12    4.34    ~0.04    ~0.22   1543    -3.99    207    -9.54      0        -      0        -      1    -4.56      1599      101   -13.50    -4.10
  13600.0   1764    79/100    2.65    4.37    ~0.04    ~0.26   1563    -9.95    200   -15.13      0        -      0        -      1   -13.30      1557       95   -18.67   -10.08
  13700.0   1772    89/100    2.83    4.12    ~0.05    ~0.33   1579   -18.98    191   -22.46      0        -      0        -      2   -26.50      1496       88   -24.02   -19.12
  13800.0   1782    96/100    3.55    3.29    ~0.05    ~0.32   1595   -28.00    185   -29.19      0        -      0        -      2   -34.97      1518       81   -28.00   -28.13
  13900.0   1788    91/100    3.30    2.78    ~0.06    ~0.25   1609   -33.52    178   -33.45      0        -      0        -      1   -38.30      1581       75   -30.16   -33.66
  14000.0   1795    93/100    2.99    2.70    ~0.06    ~0.23   1623   -36.26    171   -35.53      0        -      0        -      1   -38.61      1618       69   -31.12   -36.39
  14100.0   1802    88/100    3.04    2.45    ~0.06    ~0.22   1637   -37.71    164   -36.40      0        -      0        -      1   -39.29      1649       64   -31.32   -37.83
  14200.0   1809    92/100    2.87    2.78    ~0.05    ~0.22   1652   -39.09    156   -37.60      0        -      0        -      1   -40.76      1696       58   -32.39   -39.18
  14300.0   1811    87/100    3.18    3.00    ~0.05    ~0.22   1659   -41.05    151   -39.41      0        -      0        -      1   -43.59      1667       57   -33.74   -41.15
  14400.0   1799    86/100    3.51    2.78    ~0.04    ~0.23   1659   -43.78    139   -42.31      0        -      0        -      1   -45.99      1647       51   -36.42   -43.88
  14500.0   1788    90/100    3.46    2.71    ~0.04    ~0.22   1656   -46.86    131   -45.06      0        -      0        -      1   -47.17      1621       46   -37.76   -46.97
  14600.0   1773    91/100    3.60    2.70    ~0.05    ~0.24   1650   -49.85    122   -48.21      0        -      0        -      1   -52.85      1613       44   -40.68   -49.96
  14700.0   1755    81/100    3.73    2.67    ~0.04    ~0.22   1637   -52.48    117   -50.50      0        -      0        -      1   -54.34      1602       41   -41.75   -52.60
  14800.0   1722    89/100    3.71    2.78    ~0.05    ~0.21   1612   -54.48    109   -51.93      0        -      0        -      1   -53.62      1593       39   -42.75   -54.59
  14900.0   1698    93/100    3.59    2.96    ~0.05    ~0.21   1593   -55.70    104   -52.57      0        -      0        -      1   -55.83      1584       36   -42.25   -55.79
  15000.0   1677    94/100    3.54    3.18    ~0.06    ~0.20   1576   -56.35    100   -53.42      0        -      0        -      1   -57.00      1559       33   -43.05   -56.44
  15100.0   1650    89/100    3.63    3.34    ~0.05    ~0.21   1554   -56.57     95   -53.12      0        -      0        -      1   -57.59      1551       32   -42.19   -56.65
  15200.0   1629    84/100    3.64    3.52    ~0.05    ~0.20   1536   -56.35     92   -53.23      0        -      0        -      1   -57.62      1520       31   -42.63   -56.44
  15300.0   1611    80/100    3.49    3.79    ~0.04    ~0.20   1532   -55.73     78   -51.72      0        -      0        -      1   -57.11      1493       30   -41.17   -55.81
  15400.0   1592    89/100    3.10    4.06    ~0.04    ~0.22   1523   -54.38     68   -49.75      0        -      0        -      1   -55.45      1468       28   -38.61   -54.46
  15500.0   1583    96/100    2.75    4.05    ~0.05    ~0.25   1517   -51.98     65   -47.60      0        -      0        -      1   -51.35      1404       28   -36.88   -52.07
  15600.0   1567    97/100    2.60    3.65    ~0.06    ~0.32   1511   -48.64     55   -45.34      0        -      0        -      1   -48.79      1361       25   -35.41   -48.74
  15700.0   1560   100/100    2.90    3.46    ~0.06    ~0.37   1514   -44.98     45   -41.63      0        -      0        -      1   -43.68      1304       22   -32.78   -45.06
  15800.0   1574    99/100    3.14    3.50    ~0.07    ~0.41   1530   -41.56     43   -39.84      0        -      0        -      1   -36.59      1317       19   -31.35   -41.63
  15900.0   1587   104/100    2.88    3.64    ~0.07    ~0.38   1548   -39.01     37   -39.19      0        -      0        -      2   -41.88      1347       16   -33.77   -39.07
  16000.0   1599    98/100    2.73    3.58    ~0.08    ~0.34   1564   -37.88     34   -37.49      0        -      0        -      1   -38.88      1380       15   -32.00   -37.92
  16100.0   1631    99/100    2.74    3.69    ~0.06    ~0.29   1599   -38.11     31   -37.25      0        -      0        -      1   -39.00      1450       14   -32.23   -38.14
  16200.0   1640   100/100    2.61    3.69    ~0.05    ~0.26   1612   -39.59     27   -37.62      0        -      0        -      1   -39.10      1486       12   -31.12   -39.62
  16300.0   1640    95/100    2.64    3.23    ~0.05    ~0.22   1618   -42.70     21   -40.48      0        -      0        -      1   -42.21      1476        9   -32.61   -42.73
  16400.0   1645    98/100    2.47    2.91    ~0.04    ~0.22   1623   -47.18     21   -44.50      0        -      0        -      1   -48.39      1462        9   -35.57   -47.21
  16500.0   1593   100/100    2.40    2.78    ~0.05    ~0.23   1574   -51.36     18   -47.82      0        -      0        -      1   -52.02      1390        8   -39.10   -51.39
  16600.0   1535    98/100    2.18    3.07    ~0.06    ~0.24   1516   -54.35     18   -50.40      0        -      0        -      1   -56.59      1362        7   -41.42   -54.36
  16700.0   1468    90/100    2.20    3.02    ~0.07    ~0.22   1449   -56.17     18   -49.75      0        -      0        -      1   -59.23      1333        8   -42.09   -56.18
  16800.0   1407    96/100    2.25    2.66    ~0.08    ~0.21   1391   -56.50     15   -51.37      0        -      0        -      1   -59.92      1276        5   -43.57   -56.50
  16900.0   1354   106/100    2.21    3.05    ~0.10    ~0.23   1336   -55.90     16   -52.13      0        -      0        -      2   -59.89      1220        5   -46.68   -55.90
  17000.0   1300   108/100    2.48    3.04    ~0.10    ~0.26   1284   -55.95     16   -52.70      0        -      0        -      0        -      1157        5   -47.85   -55.94
  17100.0   1293   112/100    2.62    2.70    ~0.10    ~0.29   1274   -55.37     19   -53.44      0        -      0        -      0        -      1126        4   -45.24   -55.37
  17200.0   1272   113/100    2.62    2.82    ~0.11    ~0.31   1254   -54.87     18   -53.12      0        -      0        -      0        -      1100        4   -45.44   -54.87
  17300.0   1220   110/100    2.81    3.22    ~0.11    ~0.34   1201   -54.30     19   -53.29      0        -      0        -      0        -      1077        5   -48.90   -54.30
  17400.0   1205   108/100    3.21    3.59    ~0.09    ~0.35   1186   -53.19     19   -53.06      0        -      0        -      0        -      1075        5   -49.23   -53.20
  17500.0   1162   100/100    3.67    3.53     0.06     0.32   1143   -51.53     18   -52.13      0        -      0        -      1    -1.83      1019        4   -47.42   -51.51
  17600.0   1116    97/100    4.04    3.21     0.06     0.36   1094   -48.37     21   -51.23      0        -      0        -      1    -1.76       916        4   -47.12   -48.39
  17700.0   1087   100/100    4.19    2.80     0.06     0.42   1063   -43.99     23   -50.50      0        -      0        -      1    -2.03       839        4   -56.83   -44.04
  17800.0   1067    99/100    3.93    3.00     0.07     0.51   1039   -38.57     27   -46.98      0        -      0        -      1    -2.77       824        3   -52.75   -38.71
  17900.0   1032    98/100    3.62    3.54     0.07     0.52    999   -32.78     32   -44.16      0        -      0        -      1    -4.27       766        5   -47.74   -33.04
  18000.0   1008    94/100    3.56    3.30     0.08     0.50    972   -27.32     35   -39.12      0        -      0        -      1    -6.56       723        4   -39.41   -27.66
  18100.0   1004    93/100    3.36    3.16     0.08     0.43    960   -23.87     43   -35.64      0        -      0        -      1    -9.19       763        5   -30.22   -24.33
  18200.0   1021    94/100    3.14    3.43     0.08     0.31    972   -22.00     47   -33.27      0        -      0        -      2    -9.74       831        6   -25.15   -22.48
  18300.0   1068    97/100    2.98    3.54     0.07     0.32   1012   -20.53     54   -30.99      0        -      0        -      2   -11.13       878        7   -24.39   -21.02
  18400.0   1101    92/100    3.06    3.48     0.07     0.33   1036   -19.43     63   -31.13      0        -      0        -      2   -12.07       939        8   -23.94   -20.06
  18500.0   1159    84/100    3.23    3.54     0.06     0.33   1085   -18.75     72   -30.71      0        -      0        -      2   -11.80       974        8   -23.77   -19.45
  18600.0   1210    92/100    3.24    3.58    ~0.06    ~0.37   1123   -18.20     85   -31.88      0        -      0        -      2   -10.12      1003       10   -23.80   -19.11
  18700.0   1239    88/100    3.50    3.36    ~0.06    ~0.36   1144   -17.76     93   -33.06      0        -      0        -      2    -7.68      1020       11   -24.25   -18.85
  18800.0   1261    89/100    3.73    3.23    ~0.06    ~0.36   1153   -17.43    106   -33.96      0        -      0        -      2    -6.17      1009       11   -26.27   -18.73
  18900.0   1286    95/100    3.70    3.28    ~0.06    ~0.40   1159   -17.42    125   -34.99      0        -      0        -      2    -3.83       959       14   -28.72   -19.00
  19000.0   1288    96/100    3.70    3.30    ~0.06    ~0.40   1155   -17.43    131   -36.23      0        -      0        -      2    -1.96       985       14   -32.22   -19.17
  19100.0   1289   101/100    3.62    3.34    ~0.08    ~0.43   1137   -17.23    149   -36.33      0        -      0        -      3    -1.01       952       17   -32.72   -19.22
  19200.0   1286   103/100    3.60    3.37    ~0.07    ~0.44   1129   -17.54    154   -37.13      0        -      0        -      3    -1.07       909       17   -33.20   -19.67
  19300.0   1283   111/100    3.59    3.38    ~0.07    ~0.47   1117   -18.05    163   -37.76      0        -      0        -      3    -1.32       856       20   -34.60   -20.29
  19400.0   1277   111/100    3.62    3.37    ~0.07    ~0.50   1098   -18.94    176   -37.95      0        -      0        -      3    -1.80       864       22   -35.58   -21.28
  19500.0   1271   105/100    3.70    3.38    ~0.07    ~0.50   1091   -20.16    177   -39.45      0        -      0        -      3    -2.33       873       21   -38.13   -22.55
  19600.0   1262   100/100    3.66    3.45    ~0.07    ~0.49   1078   -21.28    181   -40.11      0        -      0        -      3    -4.13       874       21   -38.50   -23.69
  19700.0   1261    95/100    3.62    3.51    ~0.08    ~0.50   1071   -22.20    187   -39.87      0        -      0        -      3    -7.34       855       21   -38.41   -24.55
  19800.0   1259    92/100    3.84    3.32    ~0.07    ~0.46   1067   -22.74    189   -38.20      0        -      0        -      3   -12.07       886       21   -36.28   -24.84
  19900.0   1254    94/100    3.83    3.17    ~0.08    ~0.45   1062   -22.64    189   -34.18      0        -      0        -      3   -15.38       963       20   -32.96   -24.22
  20000.0   1264    90/100    3.72    3.18    ~0.08    ~0.41   1073   -22.73    186   -30.63      0        -      0        -      5   -21.20      1041       20   -30.59   -23.78
  20100.0   1280    97/100    3.60    3.16    ~0.07    ~0.38   1086   -22.77    189   -28.14      0        -      0        -      5   -23.10      1097       21   -27.72   -23.50
  20200.0   1302    96/100    3.70    2.98    ~0.07    ~0.34   1107   -22.21    190   -26.33      0        -      0        -      5   -22.89      1139       21   -26.56   -22.75
  20300.0   1328    95/100    3.46    3.07    ~0.06    ~0.28   1135   -20.80    188   -23.73      0        -      0        -      5   -20.82      1183       19   -23.97   -21.18
  20400.0   1344    91/100    3.50    3.10    ~0.05    ~0.25   1147   -18.12    192   -20.55      0        -      0        -      5   -17.78      1214       19   -20.79   -18.43
  20500.0   1370    82/100    3.19    3.27    ~0.05    ~0.25   1168   -14.42    197   -16.36      0        -      0        -      5   -13.51      1236       20   -17.28   -14.65
  20600.0   1397    81/100    3.20    3.34    ~0.05    ~0.25   1191    -9.87    201   -11.91      0        -      0        -      5    -8.64      1287       20   -13.21   -10.12
  20700.0   1421    80/100    3.35    3.33    ~0.05    ~0.22   1210    -5.38    206    -7.50      0        -      0        -      5    -3.94      1308       20    -8.54    -5.64
  20800.0   1442    84/100    3.54    3.30    ~0.06    ~0.21   1226    -2.28    211    -4.45      0        -      0        -      5    -1.28      1366       20    -5.37    -2.55
  20900.0   1463    79/100    3.57    3.32    ~0.07    ~0.18   1243    -0.83    215    -3.09      0        -      0        -      5    -0.59      1407       20    -3.64    -1.13
  21000.0   1482    96/100    3.41    3.51    ~0.08    ~0.18   1261    -0.54    216    -2.49      0        -      0        -      5    -0.40      1430       20    -3.36    -0.79
  21100.0   1500    98/100    3.45    3.59    ~0.08    ~0.18   1276    -0.50    219    -2.55      0        -      0        -      5    -0.32      1460       20    -3.52    -0.76
  21200.0   1517    99/100    3.51    3.66    ~0.08    ~0.18   1290    -0.51    222    -2.88      0        -      0        -      5    -0.45      1477       20    -3.56    -0.82
  21300.0   1533    87/100    3.55    3.71    ~0.07    ~0.19   1305    -0.51    223    -3.11      0        -      0        -      5    -0.47      1496       20    -3.54    -0.85
  21400.0   1550    88/100    3.66    3.72    ~0.06    ~0.18   1320    -0.61    225    -3.47      0        -      0        -      5    -0.55      1514       20    -3.63    -0.99
  21500.0   1567    74/100    3.74    3.75    ~0.06    ~0.18   1336    -0.73    226    -3.86      0        -      0        -      5    -0.76      1528       20    -3.83    -1.15
  21600.0   1584    74/100    3.69    3.88    ~0.05    ~0.19   1352    -0.99    227    -4.46      0        -      0        -      5    -1.22      1542       20    -4.15    -1.46
  21700.0   1601    67/100    3.54    4.07    ~0.04    ~0.21   1367    -1.60    229    -5.83      0        -      0        -      5    -2.15      1541       20    -4.69    -2.18
  21800.0   1616    67/100    3.16    4.36    ~0.04    ~0.23   1382    -3.27    229    -7.79      0        -      0        -      5    -4.66      1533       20    -6.40    -3.88
  21900.0   1629    76/100    2.79    4.40    ~0.04    ~0.27   1395    -7.68    229   -12.43      0        -      0        -      5   -11.86      1475       20   -10.61    -8.33
  22000.0   1644    81/100    3.34    3.76    ~0.05    ~0.34   1410   -15.21    229   -19.54      0        -      0        -      5   -19.71      1398       20   -16.06   -15.83
  22100.0   1655    85/100    3.48    3.49    ~0.06    ~0.36   1421   -23.33    229   -26.86      0        -      0        -      5   -27.74      1401       20   -23.60   -23.83
  22200.0   1667    88/100    2.71    3.80    ~0.06    ~0.33   1433   -28.79    229   -31.58      0        -      0        -      5   -33.52      1444       20   -27.36   -29.21
  22300.0   1679    92/100    2.71    3.63    ~0.06    ~0.26   1446   -31.45    228   -33.63      0        -      0        -      5   -34.51      1485       20   -31.01   -31.77
  22400.0   1693    89/100    2.89    3.56    ~0.06    ~0.24   1460   -32.41    228   -34.11      0        -      0        -      5   -34.43      1541       20   -31.68   -32.66
  22500.0   1705    87/100    2.90    3.75    ~0.06    ~0.23   1473   -32.29    227   -33.78      0        -      0        -      5   -33.82      1562       20   -31.20   -32.51
  22600.0   1719    85/100    3.45    3.55    ~0.05    ~0.23   1488   -31.06    226   -32.52      0        -      0        -      5   -32.17      1576       20   -30.48   -31.27
  22700.0   1733    77/100    3.70    3.24    ~0.05    ~0.23   1502   -28.28    226   -29.96      0        -      0        -      5   -28.69      1597       20   -28.29   -28.50
  22800.0   1744    75/100    3.08    2.38    ~0.04    ~0.25   1512   -22.93    226   -24.78      0        -      0        -      6   -22.87      1599       20   -23.08   -23.17
  22900.0   1750    73/100    3.28    2.55    ~0.05    ~0.28   1520   -14.66    224   -15.78      0        -      0        -      6   -12.60      1581       20   -15.13   -14.79
  23000.0   1766    82/100    3.30    3.35    ~0.06    ~0.29   1536    -7.54    224    -7.93      0        -      0        -      6    -4.33      1595       20    -9.33    -7.56
  23100.0   1779    85/100    3.45    3.72    ~0.06    ~0.24   1549    -2.72    224    -3.64      0        -      0        -      6    -1.31      1684       20    -5.37    -2.80
  23200.0   1791    90/100    3.75    3.39    ~0.06    ~0.18   1561    -0.80    224    -2.00      0        -      0        -      6    -0.29      1734       20    -4.26    -0.91
  23300.0   1799    95/100    3.73    3.29    ~0.08    ~0.17   1569    -0.46    224    -1.63      0        -      0        -      6    -0.21      1764       20    -4.13    -0.57
  23400.0   1810    95/100    3.65    3.41    ~0.08    ~0.18   1580    -0.46    224    -1.70      0        -      0        -      6    -0.31      1784       20    -3.97    -0.58
  23500.0   1818    85/100    3.65    3.57    ~0.07    ~0.18   1588    -0.51    224    -1.76      0        -      0        -      6    -0.19      1797       20    -3.86    -0.63
  23600.0   1827    82/100    3.72    3.62    ~0.07    ~0.17   1597    -0.56    224    -1.80      0        -      0        -      6    -0.39      1806       20    -3.74    -0.68
  23700.0   1833    77/100    3.75    3.69    ~0.06    ~0.17   1605    -0.65    222    -1.73      0        -      0        -      6    -0.47      1813       20    -3.72    -0.75
  23800.0   1842    66/100    3.67    3.84    ~0.05    ~0.17   1615    -0.81    221    -1.94      0        -      0        -      6    -0.53      1825       20    -4.03    -0.91
  23900.0   1852    65/100    3.72    3.82    ~0.04    ~0.18   1625    -1.18    221    -2.38      0        -      0        -      6    -0.97      1826       20    -4.58    -1.28
  24000.0   1861    61/100    3.86    3.68    ~0.04    ~0.20   1634    -2.13    221    -3.58      0        -      0        -      6    -1.79      1819       20    -5.99    -2.27
  24100.0   1869    68/100    3.88    3.52    ~0.04    ~0.22   1643    -4.89    220    -6.78      0        -      0        -      6    -4.31      1773       20    -9.48    -5.07
  24200.0   1876    75/100    3.41    3.66    ~0.04    ~0.27   1651   -11.07    219   -13.87      0        -      0        -      6   -11.31      1707       20   -16.06   -11.35
  24300.0   1882    76/100    3.13    3.76    ~0.05    ~0.30   1658   -19.84    218   -22.40      0        -      0        -      6   -21.16      1684       19   -22.85   -20.11
  24400.0   1886    84/100    3.18    3.30    ~0.06    ~0.32   1663   -27.75    217   -29.84      0        -      0        -      6   -26.17      1648       19   -30.60   -27.96
  24500.0   1891    84/100    2.98    3.48    ~0.05    ~0.28   1671   -32.33    214   -33.90      0        -      0        -      6   -33.07      1697       19   -32.98   -32.51
  24600.0   1894    82/100    3.10    3.06    ~0.04    ~0.24   1675   -36.12    213   -37.54      0        -      0        -      6   -39.28      1747       19   -36.67   -36.29
  24700.0   1894    83/100    2.86    2.72    ~0.04    ~0.22   1676   -40.33    213   -41.61      0        -      0        -      5   -41.55      1765       19   -40.67   -40.48
  24800.0   1894    79/100    2.47    2.39    ~0.04    ~0.21   1677   -45.29    212   -46.39      0        -      0        -      5   -44.16      1753       19   -45.70   -45.41
  24900.0   1885    81/100    2.45    2.33    ~0.04    ~0.21   1670   -50.22    210   -50.82      0        -      0        -      5   -49.19      1760       19   -49.79   -50.29
  25000.0   1869    75/100    2.61    2.36    ~0.04    ~0.21   1659   -53.95    205   -54.15      0        -      0        -      5   -54.67      1760       19   -52.80   -53.98
  25100.0   1863    79/100    2.87    2.22    ~0.05    ~0.20   1655   -56.42    203   -56.68      0        -      0        -      5   -56.95      1776       19   -54.84   -56.47
  25200.0   1855    86/100    2.88    2.11    ~0.06    ~0.20   1648   -57.89    201   -57.83      0        -      0        -      6   -58.52      1761       19   -56.38   -57.90
  25300.0   1844    87/100    2.67    2.33    ~0.06    ~0.19   1643   -58.35    196   -58.25      0        -      0        -      5   -58.91      1761       19   -56.75   -58.36
  25400.0   1822    98/100    2.69    2.85    ~0.07    ~0.19   1626   -58.47    191   -58.33      0        -      0        -      5   -58.97      1744       17   -56.78   -58.48
  25500.0   1807    98/100    3.20    3.03    ~0.08    ~0.19   1617   -58.56    185   -58.30      0        -      0        -      5   -58.81      1741       17   -57.13   -58.55
  25600.0   1791    94/100    3.64    3.15    ~0.07    ~0.20   1608   -58.62    178   -58.29      0        -      0        -      5   -58.89      1729       15   -57.15   -58.60
  25700.0   1780    84/100    3.86    3.37    ~0.06    ~0.19   1604   -58.58    171   -58.23      0        -      0        -      5   -58.75      1725       14   -56.98   -58.56
  25800.0   1764    75/100    3.96    3.47    ~0.05    ~0.19   1592   -58.34    166   -58.05      0        -      0        -      6   -58.52      1706       14   -56.38   -58.33
  25900.0   1748    72/100    4.00    3.51    ~0.05    ~0.20   1581   -57.74    162   -57.59      0        -      0        -      5   -57.15      1679       14   -54.94   -57.75
  26000.0   1731    80/100    3.99    3.47    ~0.04    ~0.21   1569   -56.40    157   -56.47      0        -      0        -      5   -53.99      1648       14   -52.65   -56.43
  26100.0   1716    86/100    3.82    3.48    ~0.04    ~0.23   1560   -53.85    151   -54.54      0        -      0        -      5   -50.51      1574       13   -49.67   -53.94
  26200.0   1701    88/100    3.44    3.57    ~0.05    ~0.29   1545   -49.70    151   -51.24      0        -      0        -      5   -46.05      1473       13   -46.21   -49.85
  26300.0   1698    89/100    3.50    3.52    ~0.05    ~0.37   1547   -44.60    146   -46.45      0        -      0        -      5   -36.96      1418       11   -41.56   -44.76
  26400.0   1696    94/100    3.71    3.26    ~0.06    ~0.36   1550   -39.55    141   -41.76      0        -      0        -      5   -31.03      1412       10   -34.54   -39.74
  26500.0   1704    95/100    3.71    3.10    ~0.05    ~0.30   1561   -36.31    138   -38.77      0        -      0        -      5   -29.59      1431        9   -33.21   -36.51
  26600.0   1707    93/100    3.82    2.91    ~0.06    ~0.27   1563   -34.89    139   -37.99      0        -      0        -      5   -29.59      1479        9   -32.30   -35.14
  26700.0   1711    91/100    4.00    2.88    ~0.05    ~0.23   1562   -35.25    144   -39.04      0        -      0        -      5   -31.48      1520        9   -32.63   -35.58
  26800.0   1714   100/100    3.84    3.24    ~0.05    ~0.25   1567   -37.48    143   -41.10      0        -      0        -      4   -33.82      1532        8   -35.38   -37.78
  26900.0   1700    95/100    3.38    3.60    ~0.05    ~0.26   1557   -41.74    139   -44.67      0        -      0        -      4   -40.04      1530        8   -40.24   -41.99
  27000.0   1705   100/100    2.73    3.49    ~0.06    ~0.28   1563   -47.23    138   -48.92      0        -      0        -      4   -48.95      1528        8   -44.84   -47.38
  27100.0   1659    98/100    3.00    2.87    ~0.07    ~0.30   1528   -50.26    127   -53.24      0        -      0        -      4   -56.56      1465        7   -49.92   -50.50
  27200.0   1640    97/100    2.44    3.13    ~0.07    ~0.30   1515   -52.90    120   -56.33      0        -      0        -      5   -56.54      1471        7   -54.92   -53.15
  27300.0   1604   108/100    2.16    2.91    ~0.08    ~0.31   1487   -53.22    113   -56.19      0        -      0        -      4   -57.81      1416        7   -55.16   -53.43
  27400.0   1593   111/100    2.43    3.04    ~0.09    ~0.31   1478   -52.12    111   -54.07      0        -      0        -      4   -56.42      1382        7   -51.54   -52.27
  27500.0   1583   108/100    2.39    2.98    ~0.08    ~0.33   1476   -52.00    103   -53.39      0        -      0        -      4   -54.00      1340        6   -50.08   -52.11
  27600.0   1571   110/100    2.34    3.11    ~0.09    ~0.35   1466   -52.12     99   -54.09      0        -      0        -      6   -55.39      1309        6   -48.14   -52.27
  27700.0   1551   113/100    2.17    3.20    ~0.09    ~0.38   1452   -52.38     94   -54.52      0        -      0        -      5   -51.65      1293        6   -50.65   -52.52
  27800.0   1536   113/100    2.41    3.28    ~0.09    ~0.38   1440   -52.48     91   -54.25      0        -      0        -      5   -52.70      1267        6   -50.53   -52.59
  27900.0   1517   109/100    2.78    3.43    ~0.08    ~0.37   1423   -52.51     89   -54.42      0        -      0        -      5   -53.38      1285        5   -50.92   -52.63
  28000.0   1507   106/100    3.24    3.49    ~0.06    ~0.35   1414   -51.56     89   -53.37      0        -      0        -      4   -56.29      1278        5   -50.00   -51.69
  28100.0   1489   102/100    3.56    3.28    ~0.05    ~0.36   1406   -48.68     80   -50.19      0        -      0        -      3   -53.01      1236        4   -46.43   -48.78
  28200.0   1485   100/100    3.48    3.49    ~0.05    ~0.37   1398   -43.33     84   -45.69      0        -      0        -      3   -45.60      1232        3   -44.96   -43.47
  28300.0   1488    99/100    3.17    3.29    ~0.06    ~0.36   1403   -36.82     81   -40.53      0        -      0        -      4   -42.80      1214        2   -55.81   -37.01
  28400.0   1477    96/100    3.08    3.25    ~0.07    ~0.32   1397   -31.82     76   -34.26      0        -      0        -      4   -33.45      1212        2   -53.23   -31.92
  28500.0   1484   102/100    2.83    3.31    ~0.07    ~0.31   1407   -28.50     73   -29.92      0        -      0        -      4   -29.63      1216        4   -47.90   -28.52
  28600.0   1484   100/100    3.07    3.24    ~0.06    ~0.25   1409   -25.28     72   -26.56      0        -      0        -      3   -23.36      1258        2   -42.65   -25.32
  28700.0   1469    93/100    2.98    3.67    ~0.05    ~0.22   1400   -22.52     66   -23.38      0        -      0        -      3   -22.34      1286        1   -59.88   -22.54
  28800.0   1469    87/100    3.18    3.68    ~0.05    ~0.21   1402   -20.23     63   -21.21      0        -      0        -      4   -19.31      1301        1   -59.88   -20.25
  28900.0   1474    82/100    3.35    3.54    ~0.04    ~0.20   1408   -17.84     63   -18.81      0        -      0        -      3   -16.63      1333        0        -   -17.88
  29000.0   1480    85/100    3.32    3.40    ~0.04    ~0.21   1417   -14.89     60   -15.72      0        -      0        -      3   -13.12      1345        0        -   -14.92
  29100.0   1495    87/100    3.25    3.22    ~0.04    ~0.21   1432   -11.27     60   -12.03      0        -      0        -      3    -9.81      1347        0        -   -11.30
  29200.0   1513    83/100    3.24    3.09    ~0.04    ~0.21   1452    -7.57     58    -8.63      0        -      0        -      3    -5.60      1373        0        -    -7.60
  29300.0   1536    85/100    3.29    3.17    ~0.05    ~0.20   1476    -4.62     57    -6.15      0        -      0        -      3    -2.93      1396        0        -    -4.67
  29400.0   1561    81/100    3.16    3.38    ~0.05    ~0.19   1500    -2.68     57    -4.72      0        -      0        -      4    -1.45      1454        0        -    -2.75
  29500.0   1583    74/100    3.30    3.38    ~0.05    ~0.17   1522    -1.68     57    -3.99      0        -      0        -      4    -0.70      1489        0        -    -1.76
  29600.0   1603    75/100    3.53    3.29    ~0.06    ~0.16   1543    -1.35     57    -4.31      0        -      0        -      3    -0.29      1520        0        -    -1.45
  29700.0   1621    80/100    3.64    3.34    ~0.05    ~0.17   1561    -1.29     57    -4.58      0        -      0        -      3    -0.39      1553        1   -12.94    -1.40
  29800.0   1633    74/100    3.60    3.55    ~0.05    ~0.17   1573    -1.26     57    -4.65      0        -      0        -      3    -0.41      1568        1   -13.62    -1.37
  29900.0   1647    73/100    3.68    3.62    ~0.05    ~0.17   1587    -1.40     57    -4.79      0        -      0        -      3    -0.53      1581        1   -14.54    -1.51
  30000.0   1660    70/100    3.93    3.49    ~0.04    ~0.18   1600    -1.72     57    -5.02      0        -      0        -      3    -0.63      1600        1   -19.43    -1.82

300 of 300 samples printed
