arm r36-s4 | run 2026-09-11-170833-55a61291 | box 20 x 5 m, 60 m deep, 4 patch(es)
columns of 1 m: 100 | lineage.jsonl: 22977 births, 85 clades

        t      n      cols    x sd    z sd     nn h    nn 3d   leaf   leaf y   stom   stom y   mixo   mixo y    jnt    jnt y  plain  plain y  clade 1m  jointed  joint y  rigid y
    100.0     43    36/100    6.31    1.64     0.83     2.47     36   -13.31      4   -18.62      0        -      2    -8.93      1   -11.16         2       22   -10.32   -16.93
    200.0     70    50/100    4.92    1.64     0.57     1.52     68    -6.44      1    -0.35      0        -      1    -4.31      0        -         4       38    -5.16    -7.69
    300.0    109    65/100    4.80    1.80     0.39     1.23    108    -5.53      1    -3.83      0        -      0        -      0        -         6       47    -6.31    -4.92
    400.0    158    80/100    6.54    2.27     0.41     1.10    157    -6.75      1    -9.80      0        -      0        -      0        -        33       65    -7.93    -5.97
    500.0    208    91/100    7.09    1.98     0.34     0.99    206    -8.04      2    -7.66      0        -      0        -      0        -        36       73    -9.23    -7.40
    600.0    247    91/100    6.99    1.62     0.27     1.05    245    -9.08      2    -1.36      0        -      0        -      0        -        42       83    -9.10    -8.98
    700.0    280    93/100    6.10    2.03     0.28     0.97    278   -10.29      2    -2.36      0        -      0        -      0        -        65       89   -10.35   -10.17
    800.0    306    96/100    6.68    1.71     0.27     0.95    304   -10.68      2    -6.28      0        -      0        -      0        -        72       95   -10.86   -10.55
    900.0    337    98/100    6.44    2.02     0.29     0.97    335   -11.01      2    -5.55      0        -      0        -      0        -        77       98   -10.97   -10.98
   1000.0    363    96/100    9.10    2.09     0.24     0.95    361   -11.26      2    -2.65      0        -      0        -      0        -        87      102   -10.70   -11.41
   1100.0    387    95/100    7.95    1.69     0.22     0.92    385   -11.80      2    -4.80      0        -      0        -      0        -       104      100   -10.93   -12.06
   1200.0    416    96/100    7.15    1.71     0.23     0.88    414   -11.73      2    -9.86      0        -      0        -      0        -       112      100    -9.96   -12.28
   1300.0    434    98/100    6.72    2.26     0.21     0.86    432   -12.02      2   -10.19      0        -      0        -      0        -       118      111   -11.13   -12.31
   1400.0    448    94/100    6.58    1.72     0.20     0.93    446   -12.43      2   -13.00      0        -      0        -      0        -       122      111   -11.56   -12.72
   1500.0    456   100/100    7.81    2.04     0.21     0.93    454   -12.64      2    -9.06      0        -      0        -      0        -        96      110   -11.90   -12.85
   1600.0    480   100/100    7.67    1.78     0.21     0.86    478   -13.19      2   -11.04      0        -      0        -      0        -       144      106   -11.92   -13.54
   1700.0    493   100/100    6.63    2.06     0.20     0.93    491   -13.83      2   -11.22      0        -      0        -      0        -       139      101   -11.81   -14.33
   1800.0    523    99/100    6.62    2.09     0.21     0.89    521   -14.72      2   -11.75      0        -      0        -      0        -       160       99   -12.06   -15.33
   1900.0    548    99/100    6.63    1.99     0.20     0.87    545   -15.00      3   -17.37      0        -      0        -      0        -       174       99   -12.65   -15.54
   2000.0    549   100/100    7.18    2.23     0.19     0.94    546   -14.78      3   -18.15      0        -      0        -      0        -       160       95   -12.43   -15.30
   2100.0    559   100/100    6.78    1.94     0.19     0.91    554   -15.15      5   -18.94      0        -      0        -      0        -       145       93   -12.25   -15.77
   2200.0    555    99/100    7.55    1.77     0.20     0.85    547   -14.81      7   -20.67      0        -      0        -      1   -20.95       157       93   -13.62   -15.16
   2300.0    563    98/100    8.80    1.65     0.19     0.88    552   -14.46      9   -21.20      0        -      0        -      2   -20.98       167       89   -12.70   -14.94
   2400.0    584    99/100    7.59    1.82     0.18     0.91    569   -14.86     14   -24.89      0        -      0        -      1   -20.09       202       88   -13.47   -15.40
   2500.0    603   100/100    7.20    1.91     0.17     0.88    581   -14.89     21   -25.78      0        -      0        -      1   -18.69       187       85   -13.15   -15.62
   2600.0    629    99/100    8.74    1.72     0.18     0.86    594   -14.90     33   -26.75      0        -      0        -      2   -22.80       209       91   -15.50   -15.55
   2700.0    644   100/100    8.45    2.02     0.19     0.85    592   -15.22     51   -28.59      0        -      0        -      1   -10.64       211       88   -15.53   -16.39
   2800.0    663   100/100    7.67    1.97     0.18     0.86    568   -14.44     94   -29.41      0        -      0        -      1   -11.22       229       85   -15.15   -16.76
   2900.0    698    99/100    7.36    2.00     0.17     0.85    557   -13.90    139   -29.33      0        -      0        -      2   -16.95       261       76   -14.00   -17.34
   3000.0    755   100/100    7.33    2.06     0.17     0.87    554   -13.93    199   -29.21      0        -      0        -      2   -16.32       279       71   -13.52   -18.43
   3100.0    819   100/100    6.90    1.90     0.16     0.83    562   -13.99    256   -29.66      0        -      0        -      1    -2.52       327       69   -14.53   -19.27
   3200.0    857   100/100    7.02    2.42     0.15     0.84    559   -13.92    297   -29.80      0        -      0        -      1    -0.68       366       70   -14.73   -19.82
   3300.0    905   100/100    6.95    2.02     0.15     0.84    564   -13.87    340   -30.30      0        -      0        -      1    -6.87       395       69   -14.34   -20.50
   3400.0    936    99/100    7.23    1.98     0.15     0.82    562   -14.01    373   -30.93      0        -      0        -      1    -6.75       416       66   -14.01   -21.26
   3500.0    977   100/100    9.30    2.43     0.15     0.80    565   -14.36    411   -30.97      0        -      0        -      1    -9.68       450       66   -14.07   -21.87
   3600.0   1022   100/100   10.15    2.24     0.15     0.76    568   -14.60    453   -30.35      0        -      0        -      1   -15.73       517       64   -13.98   -22.09
   3700.0   1063   100/100    7.87    2.39     0.14     0.78    575   -14.84    486   -30.33      0        -      0        -      2   -13.48       521       65   -14.63   -22.40
   3800.0   1098   100/100    8.00    2.07     0.14     0.78    581   -15.17    515   -30.15      0        -      0        -      2   -13.61       551       63   -14.97   -22.63
   3900.0   1131   100/100    8.10    2.12     0.14     0.79    586   -15.30    543   -30.22      0        -      0        -      2   -11.46       567       63   -14.97   -22.90
   4000.0   1165   100/100    8.22    2.34     0.14     0.77    597   -15.36    566   -30.21      0        -      0        -      2    -8.29       570       61   -15.16   -22.97
   4100.0   1188   100/100    8.05    2.19     0.13     0.76    599   -15.46    587   -30.36      0        -      0        -      2    -5.69       606       59   -15.34   -23.20
   4200.0   1219   100/100    7.22    1.89    ~0.14    ~0.76    596   -15.59    621   -30.20      0        -      0        -      2    -5.22       619       58   -15.75   -23.38
   4300.0   1259   100/100    7.90    1.89    ~0.13    ~0.74    605   -16.19    652   -29.83      0        -      0        -      2    -8.89       665       58   -16.55   -23.57
   4400.0   1287   100/100    8.15    2.38    ~0.13    ~0.70    613   -16.37    672   -29.58      0        -      0        -      2   -14.64       701       58   -16.64   -23.58
   4500.0   1308   100/100    7.92    2.02    ~0.13    ~0.77    620   -16.44    686   -29.00      0        -      0        -      2   -12.60       679       57   -16.40   -23.32
   4600.0   1321   100/100    7.71    2.37    ~0.13    ~0.75    625   -17.09    694   -28.54      0        -      0        -      2   -10.93       755       55   -17.12   -23.36
   4700.0   1327   100/100    8.52    2.12    ~0.13    ~0.73    628   -17.20    697   -28.09      0        -      0        -      2    -9.20       732       53   -16.85   -23.16
   4800.0   1346   100/100    8.77    2.11    ~0.11    ~0.71    642   -17.45    702   -27.49      0        -      0        -      2   -12.71       770       53   -16.46   -22.93
   4900.0   1346   100/100    8.06    2.06    ~0.13    ~0.72    649   -17.36    696   -27.21      0        -      0        -      1    -4.15       770       52   -16.29   -22.69
   5000.0   1352   100/100    8.21    1.89    ~0.13    ~0.73    651   -17.39    700   -27.02      0        -      0        -      1    -2.27       780       51   -15.54   -22.63
   5100.0   1355   100/100    9.66    1.96    ~0.12    ~0.68    660   -17.61    694   -26.52      0        -      0        -      1    -3.06       810       52   -17.11   -22.36
   5200.0   1343   100/100    8.92    1.96    ~0.12    ~0.68    656   -17.56    685   -25.99      0        -      0        -      2    -4.29       798       49   -16.19   -22.05
   5300.0   1336   100/100    7.44    1.99    ~0.12    ~0.70    659   -17.91    675   -25.27      0        -      0        -      2    -7.91       808       49   -16.37   -21.81
   5400.0   1321   100/100    8.73    1.80    ~0.13    ~0.70    663   -18.27    656   -24.51      0        -      0        -      2   -12.66       751       49   -17.60   -21.51
   5500.0   1331   100/100    7.77    2.31    ~0.12    ~0.76    668   -18.44    661   -24.63      0        -      0        -      2   -16.54       719       46   -16.19   -21.70
   5600.0   1346   100/100    8.02    2.39    ~0.13    ~0.72    685   -19.15    659   -24.53      0        -      0        -      2   -16.98       745       45   -16.81   -21.95
   5700.0   1344   100/100    8.59    1.84    ~0.13    ~0.69    683   -19.08    659   -24.59      0        -      0        -      2   -19.34       748       46   -18.09   -21.91
   5800.0   1346   100/100    7.56    2.21    ~0.13    ~0.76    665   -18.73    679   -25.27      0        -      0        -      2   -18.54       737       40   -17.36   -22.17
   5900.0   1360   100/100    7.92    1.88    ~0.12    ~0.74    677   -19.18    681   -25.61      0        -      0        -      2   -17.29       729       38   -15.95   -22.58
   6000.0   1343   100/100    7.74    2.18    ~0.13    ~0.74    689   -19.57    653   -24.82      0        -      0        -      1   -10.61       742       35   -14.50   -22.32
   6100.0   1341   100/100    7.37    1.86    ~0.12    ~0.70    697   -19.90    643   -24.77      0        -      0        -      1   -10.34       813       33   -15.18   -22.41
   6200.0   1342   100/100    7.81    2.66    ~0.13    ~0.74    682   -19.26    659   -25.12      0        -      0        -      1   -15.90       712       33   -15.37   -22.31
   6300.0   1353   100/100    7.35    2.08    ~0.12    ~0.74    681   -19.07    670   -25.29      0        -      0        -      2   -27.77       767       34   -15.30   -22.34
   6400.0   1354   100/100    7.56    2.02    ~0.13    ~0.72    700   -19.15    652   -24.99      0        -      0        -      2   -26.01       746       29   -12.93   -22.17
   6500.0   1375   100/100    7.74    1.84    ~0.13    ~0.73    727   -19.35    646   -24.73      0        -      0        -      2   -14.04       741       28   -13.00   -22.06
   6600.0   1376   100/100    7.43    2.28    ~0.13    ~0.70    734   -18.94    640   -24.73      0        -      0        -      2   -14.72       799       28   -14.17   -21.78
   6700.0   1389   100/100    7.49    2.34    ~0.12    ~0.70    746   -19.16    641   -24.81      0        -      0        -      2   -11.90       834       25   -12.27   -21.93
   6800.0   1374   100/100    8.08    2.23    ~0.12    ~0.69    748   -19.28    624   -24.13      0        -      0        -      2   -11.68       826       23    -9.65   -21.67
   6900.0   1379   100/100    7.49    1.80    ~0.13    ~0.72    725   -18.38    652   -24.62      0        -      0        -      2    -9.62       837       23   -10.10   -21.51
   7000.0   1419   100/100    7.34    2.18    ~0.13    ~0.67    720   -18.17    697   -25.72      0        -      0        -      2    -9.59       872       21   -10.20   -22.04
   7100.0   1402   100/100    8.30    2.10    ~0.12    ~0.67    706   -18.37    694   -26.04      0        -      0        -      2   -15.50       888       21   -10.75   -22.34
   7200.0   1379   100/100    8.30    1.88    ~0.13    ~0.70    701   -18.83    677   -25.97      0        -      0        -      1    -0.11       805       20   -11.73   -22.48
   7300.0   1353   100/100    7.01    1.87    ~0.13    ~0.69    709   -19.13    643   -25.37      0        -      0        -      1    -4.55       837       20   -12.00   -22.23
   7400.0   1340   100/100    6.59    2.09    ~0.12    ~0.68    725   -19.34    613   -24.55      0        -      0        -      2   -19.92       783       20   -13.12   -21.85
   7500.0   1356   100/100    6.98    2.27    ~0.12    ~0.64    770   -19.99    585   -23.97      0        -      0        -      1   -12.89       852       20   -13.25   -21.82
   7600.0   1365   100/100    7.08    2.08    ~0.11    ~0.66    804   -21.11    560   -23.58      0        -      0        -      1   -19.42       839       20   -16.21   -22.21
   7700.0   1379   100/100    7.01    1.82    ~0.12    ~0.67    814   -21.43    564   -23.94      0        -      0        -      1   -12.87       869       20   -17.34   -22.53
   7800.0   1375   100/100    7.55    2.04    ~0.13    ~0.69    802   -21.02    572   -24.15      0        -      0        -      1    -9.57       797       19   -16.62   -22.39
   7900.0   1368   100/100    7.10    2.13    ~0.13    ~0.69    804   -20.71    563   -24.15      0        -      0        -      1    -8.37       817       17   -14.69   -22.21
   8000.0   1357   100/100    7.34    2.36    ~0.12    ~0.72    831   -21.18    525   -23.44      0        -      0        -      1    -7.79       821       17   -15.77   -22.12
   8100.0   1338   100/100    7.59    2.33    ~0.13    ~0.72    827   -21.47    510   -23.27      0        -      0        -      1    -2.71       780       15   -13.75   -22.24
   8200.0   1349   100/100    9.05    2.11    ~0.12    ~0.70    834   -21.88    514   -23.11      0        -      0        -      1    -1.36       781       14   -14.18   -22.42
   8300.0   1352   100/100    8.23    2.06    ~0.12    ~0.70    818   -21.81    532   -23.42      0        -      0        -      2   -18.13       794       13   -16.04   -22.50
   8400.0   1354   100/100    8.39    1.93    ~0.12    ~0.69    809   -21.65    544   -24.18      0        -      0        -      1    -5.40       835       13   -15.96   -22.72
   8500.0   1330   100/100    8.86    1.88    ~0.13    ~0.69    805   -21.50    524   -24.05      0        -      0        -      1    -6.75       788       12   -12.94   -22.58
   8600.0   1326   100/100    7.02    1.77    ~0.13    ~0.70    812   -20.87    513   -23.73      0        -      0        -      1    -0.28       739       12   -14.00   -22.04
   8700.0   1323   100/100    7.64    1.82    ~0.13    ~0.70    827   -20.75    495   -23.20      0        -      0        -      1    -0.84       773       12   -14.59   -21.72
   8800.0   1330   100/100    8.84    2.05    ~0.13    ~0.69    838   -20.89    490   -23.01      0        -      0        -      2   -19.91       776       12   -15.70   -21.72
   8900.0   1316   100/100    8.53    2.03    ~0.13    ~0.70    838   -20.89    477   -22.84      0        -      0        -      1    -6.10       768       12   -16.23   -21.64
   9000.0   1331   100/100    7.83    2.00    ~0.13    ~0.71    862   -21.10    468   -22.30      0        -      0        -      1   -10.15       740       11   -13.70   -21.58
   9100.0   1350   100/100    7.83    2.05    ~0.12    ~0.71    896   -21.63    453   -21.86      0        -      0        -      1   -10.72       805       17   -21.43   -21.70
   9200.0   1328   100/100    6.95    2.12    ~0.13    ~0.69    876   -20.87    451   -22.00      0        -      0        -      1   -12.35       780       20   -24.89   -21.19
   9300.0   1321   100/100    6.52    2.18    ~0.13    ~0.65    873   -20.60    447   -22.23      0        -      0        -      1    -9.79       790       10   -15.95   -21.18
   9400.0   1312   100/100    7.43    2.02    ~0.13    ~0.61    859   -20.24    452   -22.47      0        -      0        -      1   -13.02       828        8   -15.20   -21.04
   9500.0   1306   100/100    8.29    2.20    ~0.13    ~0.63    852   -20.34    453   -22.68      0        -      0        -      1   -18.17       850        6   -10.70   -21.20
   9600.0   1321   100/100    7.84    1.96    ~0.12    ~0.64    868   -20.52    452   -22.97      0        -      0        -      1   -16.07       815        6    -9.97   -21.41
   9700.0   1334   100/100    8.56    1.82    ~0.13    ~0.67    879   -20.49    454   -23.51      0        -      0        -      1    -9.69       791        5    -8.61   -21.56
   9800.0   1340   100/100    8.34    2.02    ~0.12    ~0.71    879   -20.69    459   -23.92      0        -      0        -      2   -21.57       801        5   -11.41   -21.84
   9900.0   1317   100/100    7.73    2.07    ~0.13    ~0.66    867   -20.62    449   -23.84      0        -      0        -      1    -5.37       808        5   -12.81   -21.74
  10000.0   1305   100/100    7.77    2.00    ~0.13    ~0.72    865   -20.31    439   -23.73      0        -      0        -      1    -8.42       790        5   -16.15   -21.47
  10100.0   1309   100/100    8.30    2.05    ~0.13    ~0.67    880   -20.37    428   -23.70      0        -      0        -      1    -4.27       781        4   -10.45   -21.48
  10200.0   1304   100/100    8.31    2.11    ~0.12    ~0.73    890   -20.13    413   -23.33      0        -      0        -      1    -3.69       740        4    -8.71   -21.17
  10300.0   1323   100/100    8.10    2.03    ~0.13    ~0.72    915   -20.26    407   -23.48      0        -      0        -      1    -0.23       765        2    -4.96   -21.26
  10400.0   1335   100/100    8.64    2.13    ~0.13    ~0.68    938   -20.42    396   -23.36      0        -      0        -      1    -4.69       795        2    -7.20   -21.30
  10500.0   1322   100/100    9.21    2.03    ~0.13    ~0.70    941   -20.50    380   -23.34      0        -      0        -      1   -10.87       790        2    -5.38   -21.33
  10600.0   1323   100/100    7.10    2.27    ~0.12    ~0.67    955   -20.47    366   -23.06      0        -      0        -      2   -18.86       791        1    -0.02   -21.20
  10700.0   1330   100/100    7.19    1.99    ~0.12    ~0.67    975   -20.62    354   -22.69      0        -      0        -      1    -0.28       834        1    -2.72   -21.17
  10800.0   1321   100/100    7.80    1.93    ~0.13    ~0.67    969   -20.39    350   -22.61      0        -      0        -      2   -19.94       843        1    -9.12   -20.99
  10900.0   1314   100/100    9.11    1.94    ~0.13    ~0.65    978   -20.46    335   -21.90      0        -      0        -      1    -0.20       826        1    -2.04   -20.82
  11000.0   1299   100/100    7.93    2.17    ~0.12    ~0.71    970   -19.95    328   -21.26      0        -      0        -      1    -3.71       726        1    -1.09   -20.28
  11100.0   1305   100/100   10.33    2.68    ~0.13    ~0.68    990   -20.26    314   -20.76      0        -      0        -      1    -0.73       779        1    -4.58   -20.37
  11200.0   1324   100/100   10.30    1.94    ~0.13    ~0.69   1010   -20.53    313   -21.21      0        -      0        -      1    -1.04       789        1    -3.40   -20.69
  11300.0   1308   100/100   10.35    2.19    ~0.13    ~0.70    974   -19.69    333   -22.47      0        -      0        -      1    -0.86       804        1    -6.97   -20.39
  11400.0   1321   100/100    8.04    2.14    ~0.13    ~0.66    990   -19.77    329   -22.10      0        -      0        -      2   -16.88       818        1   -14.05   -20.35
  11500.0   1339   100/100    8.04    2.04    ~0.12    ~0.63   1009   -20.18    329   -22.13      0        -      0        -      1    -0.59       840        1   -16.79   -20.65
  11600.0   1306   100/100    7.74    2.37    ~0.12    ~0.69    966   -19.71    339   -22.19      0        -      0        -      1    -1.27       749        1   -13.44   -20.35
  11700.0   1292   100/100    7.70    2.18    ~0.13    ~0.67    942   -18.93    349   -22.65      0        -      0        -      1    -6.20       792        0        -   -19.93
  11800.0   1294   100/100    6.90    2.17    ~0.13    ~0.66    944   -18.66    349   -22.91      0        -      0        -      1    -7.76       790        0        -   -19.80
  11900.0   1301   100/100    7.56    1.94    ~0.13    ~0.67    932   -18.19    368   -23.44      0        -      0        -      1    -4.51       828        0        -   -19.66
  12000.0   1327   100/100    7.81    1.96    ~0.12    ~0.66    965   -18.57    361   -23.46      0        -      0        -      1    -0.46       870        0        -   -19.88
  12100.0   1343   100/100    8.13    1.91    ~0.13    ~0.67    989   -18.54    353   -23.29      0        -      0        -      1    -0.89       867        0        -   -19.77
  12200.0   1373   100/100    8.63    1.85    ~0.12    ~0.65   1016   -18.77    356   -22.86      0        -      0        -      1    -4.95       872        0        -   -19.82
  12300.0   1355   100/100    7.88    2.27    ~0.13    ~0.62   1012   -18.60    342   -22.28      0        -      0        -      1    -7.83       854        0        -   -19.52
  12400.0   1355   100/100    7.65    1.80    ~0.13    ~0.65   1016   -18.60    338   -22.49      0        -      0        -      1    -3.63       907        0        -   -19.56
  12500.0   1357   100/100    8.02    2.27    ~0.12    ~0.66   1027   -18.80    329   -22.37      0        -      0        -      1    -0.40       837        0        -   -19.65
  12600.0   1346   100/100    8.84    2.23    ~0.13    ~0.64   1016   -18.34    329   -22.68      0        -      0        -      1    -0.71       796        0        -   -19.39
  12700.0   1318    99/100    7.88    1.99    ~0.12    ~0.68   1000   -18.16    317   -22.48      0        -      0        -      1    -0.11       803        0        -   -19.18
  12800.0   1345   100/100    7.90    2.15    ~0.13    ~0.65   1026   -19.18    318   -22.70      0        -      0        -      1    -0.35       801        0        -   -20.00
  12900.0   1357   100/100    6.65    2.22    ~0.13    ~0.65   1037   -19.92    319   -23.18      0        -      0        -      1    -2.08       805        0        -   -20.67
  13000.0   1353   100/100    6.35    1.87    ~0.13    ~0.69   1043   -19.82    308   -22.57      0        -      0        -      2   -18.68       789        0        -   -20.45
  13100.0   1333   100/100    6.86    2.09    ~0.13    ~0.67   1024   -19.18    308   -22.98      0        -      0        -      1    -6.60       831        0        -   -20.05
  13200.0   1339   100/100    6.56    2.33    ~0.13    ~0.66   1039   -19.19    299   -23.06      0        -      0        -      1   -11.26       847        0        -   -20.05
  13300.0   1353   100/100    7.14    2.21    ~0.13    ~0.69   1064   -19.96    288   -23.30      0        -      0        -      1   -15.78       852        0        -   -20.67
  13400.0   1367   100/100    7.91    1.74    ~0.12    ~0.66   1086   -20.55    280   -23.12      0        -      0        -      1   -23.05       852        0        -   -21.08
  13500.0   1365   100/100    9.76    2.28    ~0.13    ~0.67   1086   -20.49    278   -23.31      0        -      0        -      1   -23.52       841        0        -   -21.07
  13600.0   1339   100/100    8.37    2.05    ~0.13    ~0.69   1046   -19.67    291   -24.34      0        -      0        -      2   -27.51       816        0        -   -20.69
  13700.0   1354   100/100    8.69    1.87    ~0.12    ~0.72   1055   -19.90    298   -25.14      0        -      0        -      1   -16.01       832        0        -   -21.05
  13800.0   1370   100/100    9.21    2.28    ~0.12    ~0.67   1063   -20.16    306   -25.65      0        -      0        -      1   -10.41       821        0        -   -21.38
  13900.0   1364   100/100    7.76    2.00    ~0.13    ~0.64   1063   -20.17    301   -25.38      0        -      0        -      0        -       848        0        -   -21.32
  14000.0   1387   100/100    8.10    2.13    ~0.12    ~0.66   1086   -20.49    301   -25.39      0        -      0        -      0        -       870        0        -   -21.55
  14100.0   1386   100/100    7.43    1.90    ~0.13    ~0.66   1085   -20.46    301   -25.67      0        -      0        -      0        -       865        0        -   -21.59
  14200.0   1396   100/100    7.47    1.88    ~0.12    ~0.62   1089   -20.55    307   -26.07      0        -      0        -      0        -       937        0        -   -21.76
  14300.0   1395   100/100    6.58    1.76    ~0.12    ~0.64   1096   -21.00    299   -26.26      0        -      0        -      0        -       907        0        -   -22.13
  14400.0   1391   100/100    7.51    1.64    ~0.12    ~0.66   1097   -21.50    294   -26.28      0        -      0        -      0        -       851        0        -   -22.51
  14500.0   1379   100/100    8.15    1.87    ~0.12    ~0.66   1091   -21.39    288   -25.80      0        -      0        -      0        -       854        0        -   -22.31
  14600.0   1363   100/100   11.28    1.97    ~0.12    ~0.69   1087   -21.08    275   -25.46      0        -      0        -      1   -35.35       818        0        -   -21.97
  14700.0   1367   100/100    7.69    2.01    ~0.12    ~0.66   1094   -20.92    273   -25.11      0        -      0        -      0        -       849        0        -   -21.76
  14800.0   1379   100/100    7.93    2.18    ~0.12    ~0.67   1108   -21.12    271   -24.87      0        -      0        -      0        -       857        0        -   -21.86
  14900.0   1387   100/100    7.29    2.51    ~0.12    ~0.64   1125   -21.47    262   -24.79      0        -      0        -      0        -       892        0        -   -22.10
  15000.0   1388   100/100    9.35    2.08    ~0.12    ~0.66   1129   -21.76    259   -24.77      0        -      0        -      0        -       886        0        -   -22.32
  15100.0   1404   100/100    9.41    2.01    ~0.13    ~0.67   1147   -22.07    257   -24.38      0        -      0        -      0        -       865        0        -   -22.49
  15200.0   1381   100/100    8.18    2.00    ~0.12    ~0.69   1121   -21.49    260   -24.75      0        -      0        -      0        -       848        0        -   -22.10
  15300.0   1373   100/100    6.58    2.40    ~0.13    ~0.69   1102   -20.93    271   -25.60      0        -      0        -      0        -       832        0        -   -21.85
  15400.0   1383   100/100    6.38    2.02    ~0.12    ~0.70   1098   -20.74    284   -26.90      0        -      0        -      1   -30.46       799        0        -   -22.01
  15500.0   1405   100/100    6.05    2.47    ~0.12    ~0.73   1129   -21.01    276   -27.03      0        -      0        -      0        -       817        0        -   -22.19
  15600.0   1390   100/100    6.05    1.99    ~0.12    ~0.69   1122   -20.68    268   -26.89      0        -      0        -      0        -       849        0        -   -21.87
  15700.0   1395   100/100    6.26    1.81    ~0.13    ~0.69   1132   -20.57    262   -26.95      0        -      0        -      1   -29.61       823        0        -   -21.77
  15800.0   1387   100/100    6.66    2.62    ~0.12    ~0.72   1129   -20.49    257   -27.41      0        -      0        -      1   -35.18       837        0        -   -21.79
  15900.0   1378   100/100    7.74    2.20    ~0.13    ~0.70   1130   -20.59    248   -26.75      0        -      0        -      0        -       841        0        -   -21.70
  16000.0   1354   100/100    7.01    2.15    ~0.12    ~0.72   1108   -20.07    246   -26.36      0        -      0        -      0        -       830        0        -   -21.22
  16100.0   1347   100/100    7.26    2.14    ~0.13    ~0.71   1101   -19.76    245   -26.29      0        -      0        -      1   -32.57       811        0        -   -20.96
  16200.0   1362   100/100    8.70    2.04    ~0.13    ~0.72   1123   -19.93    239   -25.83      0        -      0        -      0        -       813        0        -   -20.96
  16300.0   1385   100/100    9.64    1.90    ~0.13    ~0.67   1152   -20.49    233   -25.59      0        -      0        -      0        -       851        0        -   -21.35
  16400.0   1378   100/100    7.87    1.99    ~0.12    ~0.68   1151   -20.64    227   -24.89      0        -      0        -      0        -       827        0        -   -21.34
  16500.0   1377    99/100    7.30    1.94    ~0.12    ~0.65   1150   -21.03    227   -24.81      0        -      0        -      0        -       892        0        -   -21.65
  16600.0   1371   100/100    6.63    2.78    ~0.12    ~0.60   1140   -20.94    231   -24.49      0        -      0        -      0        -       931        0        -   -21.54
  16700.0   1361   100/100    5.87    2.09    ~0.12    ~0.62   1134   -21.10    227   -24.00      0        -      0        -      0        -       954        0        -   -21.58
  16800.0   1356   100/100    6.70    2.11    ~0.13    ~0.67   1130   -21.25    226   -24.52      0        -      0        -      0        -       870        0        -   -21.79
  16900.0   1356   100/100    7.54    2.13    ~0.12    ~0.66   1134   -20.95    222   -24.48      0        -      0        -      0        -       846        0        -   -21.53
  17000.0   1365   100/100    7.22    1.94    ~0.13    ~0.65   1147   -21.21    218   -24.49      0        -      0        -      0        -       886        0        -   -21.73
  17100.0   1375   100/100    7.17    2.06    ~0.12    ~0.66   1160   -21.25    215   -24.69      0        -      0        -      0        -       869        0        -   -21.79
  17200.0   1385   100/100    6.78    1.86    ~0.12    ~0.68   1174   -21.08    211   -24.46      0        -      0        -      0        -       905        0        -   -21.59
  17300.0   1389   100/100    6.73    2.12    ~0.13    ~0.69   1170   -21.11    219   -25.38      0        -      0        -      0        -       822        0        -   -21.79
  17400.0   1376   100/100    7.08    2.04    ~0.12    ~0.70   1155   -21.18    221   -25.41      0        -      0        -      0        -       865        0        -   -21.86
  17500.0   1369   100/100    7.42    1.82    ~0.12    ~0.68   1150   -21.23    219   -25.05      0        -      0        -      0        -       869        0        -   -21.84
  17600.0   1355   100/100    7.54    2.30    ~0.12    ~0.67   1133   -20.87    222   -25.87      0        -      0        -      0        -       857        0        -   -21.69
  17700.0   1345   100/100    7.92    1.89    ~0.12    ~0.67   1126   -20.60    219   -25.90      0        -      0        -      0        -       841        0        -   -21.47
  17800.0   1348   100/100    7.14    2.09    ~0.13    ~0.68   1126   -20.46    222   -25.96      0        -      0        -      0        -       841        0        -   -21.37
  17900.0   1378   100/100    6.75    1.98    ~0.12    ~0.67   1158   -21.10    220   -26.38      0        -      0        -      0        -       906        0        -   -21.95
  18000.0   1349   100/100    6.80    2.05    ~0.13    ~0.65   1126   -20.72    223   -27.08      0        -      0        -      0        -       807        0        -   -21.77
  18100.0   1343   100/100    6.61    1.97    ~0.12    ~0.71   1122   -20.55    221   -26.80      0        -      0        -      0        -       834        0        -   -21.58
  18200.0   1352   100/100    6.99    2.45    ~0.12    ~0.67   1118   -20.43    234   -27.00      0        -      0        -      0        -       839        0        -   -21.57
  18300.0   1345   100/100    8.11    2.40    ~0.13    ~0.66   1118   -20.42    227   -26.77      0        -      0        -      0        -       873        0        -   -21.49
  18400.0   1372   100/100    7.38    2.06    ~0.12    ~0.68   1147   -20.79    225   -27.16      0        -      0        -      0        -       871        0        -   -21.83
  18500.0   1377   100/100    7.46    2.21    ~0.13    ~0.67   1154   -20.74    223   -26.86      0        -      0        -      0        -       905        0        -   -21.73
  18600.0   1374   100/100    8.36    2.05    ~0.13    ~0.73   1153   -20.76    221   -26.35      0        -      0        -      0        -       874        0        -   -21.66
  18700.0   1365   100/100    7.32    2.13    ~0.13    ~0.73   1149   -20.99    216   -25.84      0        -      0        -      0        -       846        0        -   -21.75
  18800.0   1359   100/100    7.07    2.06    ~0.12    ~0.71   1146   -20.83    213   -25.40      0        -      0        -      0        -       827        0        -   -21.55
  18900.0   1348   100/100    8.29    1.85    ~0.12    ~0.66   1133   -20.58    215   -25.45      0        -      0        -      0        -       874        0        -   -21.36
  19000.0   1356   100/100    7.92    2.11    ~0.12    ~0.64   1137   -20.44    219   -25.44      0        -      0        -      0        -       901        0        -   -21.25
  19100.0   1385   100/100    7.66    1.97    ~0.12    ~0.64   1157   -20.72    228   -25.40      0        -      0        -      0        -       908        0        -   -21.49
  19200.0   1366   100/100    7.25    1.83    ~0.11    ~0.65   1132   -20.34    234   -25.24      0        -      0        -      0        -       890        0        -   -21.18
  19300.0   1335   100/100    7.98    2.02    ~0.12    ~0.70   1108   -19.72    227   -24.81      0        -      0        -      0        -       808        0        -   -20.59
  19400.0   1317   100/100    7.86    2.23    ~0.12    ~0.68   1088   -19.03    229   -24.90      0        -      0        -      0        -       800        0        -   -20.05
  19500.0   1324   100/100    7.75    1.88    ~0.13    ~0.67   1096   -18.89    228   -25.10      0        -      0        -      0        -       858        0        -   -19.96
  19600.0   1329   100/100    8.78    2.08    ~0.13    ~0.66   1091   -18.61    238   -25.36      0        -      0        -      0        -       876        0        -   -19.82
  19700.0   1336   100/100    8.69    2.01    ~0.13    ~0.65   1104   -18.70    232   -25.34      0        -      0        -      0        -       836        0        -   -19.85
  19800.0   1360   100/100    7.47    2.07    ~0.12    ~0.67   1134   -19.03    226   -25.33      0        -      0        -      0        -       886        0        -   -20.08
  19900.0   1374   100/100    7.57    2.07    ~0.12    ~0.71   1150   -19.44    224   -25.21      0        -      0        -      0        -       895        0        -   -20.38
  20000.0   1358   100/100    7.93    1.83    ~0.13    ~0.66   1129   -19.36    229   -24.86      0        -      0        -      0        -       890        0        -   -20.29
  20100.0   1364   100/100    7.45    2.11    ~0.12    ~0.68   1129   -19.69    235   -25.23      0        -      0        -      0        -       862        0        -   -20.64
  20200.0   1371   100/100    7.24    2.24    ~0.12    ~0.66   1140   -20.13    231   -25.34      0        -      0        -      0        -       899        0        -   -21.01
  20300.0   1364   100/100    6.39    1.85    ~0.13    ~0.68   1128   -20.21    234   -25.61      0        -      0        -      2   -34.97       890        0        -   -21.16
  20400.0   1358   100/100    6.54    1.80    ~0.12    ~0.67   1121   -20.39    236   -26.07      0        -      0        -      1   -23.35       848        0        -   -21.38
  20500.0   1350   100/100    7.27    1.80    ~0.12    ~0.70   1103   -20.05    246   -26.73      0        -      0        -      1   -20.70       849        0        -   -21.27
  20600.0   1367   100/100    8.33    2.02    ~0.13    ~0.68   1121   -20.16    245   -26.76      0        -      0        -      1   -25.85       860        0        -   -21.35
  20700.0   1384   100/100    7.60    1.95    ~0.12    ~0.73   1140   -20.35    243   -26.39      0        -      0        -      1   -24.46       840        0        -   -21.42
  20800.0   1381   100/100    7.92    2.00    ~0.12    ~0.68   1142   -20.67    238   -26.30      0        -      0        -      1   -23.39       861        0        -   -21.64
  20900.0   1357   100/100    8.90    2.52    ~0.13    ~0.71   1113   -20.06    243   -26.67      0        -      0        -      1   -24.60       816        0        -   -21.25
  21000.0   1354   100/100   11.19    2.33    ~0.13    ~0.69   1102   -19.45    251   -26.82      0        -      0        -      1   -20.86       842        0        -   -20.81
  21100.0   1354   100/100    8.65    1.81    ~0.13    ~0.65   1090   -19.07    263   -27.64      0        -      0        -      1   -21.72       887        0        -   -20.73
  21200.0   1365   100/100    7.09    2.30    ~0.12    ~0.67   1093   -19.17    271   -28.12      0        -      0        -      1   -15.20       902        0        -   -20.94
  21300.0   1373   100/100    7.15    2.03    ~0.12    ~0.63   1100   -19.18    272   -28.31      0        -      0        -      1   -10.91       902        0        -   -20.98
  21400.0   1384   100/100    7.26    1.79    ~0.12    ~0.60   1099   -19.11    284   -28.50      0        -      0        -      1    -8.78       961        0        -   -21.03
  21500.0   1379   100/100    6.75    1.85    ~0.12    ~0.63   1100   -18.86    278   -28.03      0        -      0        -      1    -6.97       922        0        -   -20.70
  21600.0   1377   100/100    7.36    1.91    ~0.12    ~0.62   1108   -18.86    268   -27.34      0        -      0        -      1    -4.79       926        0        -   -20.50
  21700.0   1372   100/100    7.36    2.18    ~0.13    ~0.63   1116   -19.33    255   -27.27      0        -      0        -      1    -0.05       898        0        -   -20.79
  21800.0   1363   100/100    7.43    1.97    ~0.12    ~0.67   1106   -19.56    256   -27.40      0        -      0        -      1    -4.60       892        0        -   -21.02
  21900.0   1362   100/100    8.12    2.32    ~0.13    ~0.67   1107   -19.78    254   -26.90      0        -      0        -      1    -8.16       895        0        -   -21.10
  22000.0   1373   100/100    7.91    1.93    ~0.13    ~0.68   1121   -20.15    251   -26.92      0        -      0        -      1    -1.40       855        0        -   -21.38
  22100.0   1380   100/100    8.81    1.85    ~0.13    ~0.67   1139   -20.47    240   -26.37      0        -      0        -      1    -2.49       865        0        -   -21.48
  22200.0   1394   100/100    7.92    2.06    ~0.11    ~0.67   1158   -21.09    234   -25.81      0        -      0        -      2   -18.89       911        0        -   -21.88
  22300.0   1369   100/100    8.29    1.93    ~0.12    ~0.67   1142   -20.78    226   -25.08      0        -      0        -      1   -14.70       868        0        -   -21.49
  22400.0   1368   100/100    7.96    1.94    ~0.12    ~0.69   1139   -20.81    228   -25.66      0        -      0        -      1   -17.15       844        0        -   -21.61
  22500.0   1366   100/100    7.59    2.10    ~0.13    ~0.67   1146   -21.29    219   -25.27      0        -      0        -      1   -18.32       856        0        -   -21.93
  22600.0   1353   100/100    7.45    2.37    ~0.12    ~0.72   1138   -21.28    214   -25.22      0        -      0        -      1   -11.36       812        0        -   -21.90
  22700.0   1362   100/100    8.38    2.04    ~0.13    ~0.67   1149   -21.16    212   -24.47      0        -      0        -      1    -4.92       858        0        -   -21.66
  22800.0   1367   100/100    7.38    2.18    ~0.12    ~0.72   1149   -20.85    217   -24.78      0        -      0        -      1    -0.63       865        0        -   -21.46
  22900.0   1365   100/100    6.72    2.02    ~0.13    ~0.67   1143   -20.76    221   -25.16      0        -      0        -      1    -5.50       880        0        -   -21.46
  23000.0   1345   100/100    7.50    2.55    ~0.13    ~0.67   1110   -20.39    234   -25.43      0        -      0        -      1    -9.44       857        0        -   -21.26
  23100.0   1354   100/100    7.58    2.35    ~0.12    ~0.68   1119   -20.92    234   -25.65      0        -      0        -      1   -14.51       884        0        -   -21.73
  23200.0   1364   100/100    7.66    2.01    ~0.13    ~0.69   1138   -21.40    225   -25.31      0        -      0        -      1   -20.03       882        0        -   -22.05
  23300.0   1383   100/100    7.66    2.47    ~0.12    ~0.68   1161   -21.96    221   -25.13      0        -      0        -      1   -23.38       866        0        -   -22.46
  23400.0   1363   100/100    8.36    2.10    ~0.12    ~0.71   1148   -21.71    214   -25.08      0        -      0        -      1   -20.11       886        0        -   -22.24
  23500.0   1361   100/100    7.35    1.82    ~0.13    ~0.69   1147   -21.32    212   -24.39      0        -      0        -      2   -26.91       903        0        -   -21.80
  23600.0   1373   100/100    6.81    1.81    ~0.12    ~0.66   1158   -21.19    214   -24.53      0        -      0        -      1   -20.18       923        0        -   -21.71
  23700.0   1360   100/100    7.46    2.06    ~0.12    ~0.64   1149   -21.14    209   -24.43      0        -      0        -      2   -24.02       937        0        -   -21.65
  23800.0   1361   100/100    6.85    2.02    ~0.13    ~0.61   1146   -21.30    214   -24.56      0        -      0        -      1   -16.13       945        0        -   -21.81
  23900.0   1353   100/100    7.12    1.63    ~0.12    ~0.65   1134   -21.47    218   -25.38      0        -      0        -      1   -10.29       929        0        -   -22.09
  24000.0   1358   100/100    6.92    1.79    ~0.13    ~0.65   1136   -21.31    221   -25.42      0        -      0        -      1   -12.07       925        0        -   -21.97
  24100.0   1374   100/100    6.76    1.87    ~0.13    ~0.65   1146   -21.32    227   -25.03      0        -      0        -      1   -16.21       895        0        -   -21.93
  24200.0   1390   100/100    7.65    2.04    ~0.13    ~0.67   1159   -21.68    230   -25.34      0        -      0        -      1   -17.04       937        0        -   -22.28
  24300.0   1384   100/100    7.30    1.84    ~0.13    ~0.64   1154   -22.15    229   -25.71      0        -      0        -      1   -12.77       892        0        -   -22.73
  24400.0   1338   100/100    7.82    2.05    ~0.12    ~0.70   1092   -21.85    245   -27.09      0        -      0        -      1    -7.86       833        0        -   -22.80
  24500.0   1342   100/100    6.97    2.07    ~0.13    ~0.69   1083   -21.76    258   -27.87      0        -      0        -      1    -4.63       835        0        -   -22.92
  24600.0   1362   100/100    7.80    1.91    ~0.12    ~0.67   1109   -22.30    252   -27.64      0        -      0        -      1    -0.33       864        0        -   -23.27
  24700.0   1351   100/100    7.74    1.88    ~0.12    ~0.74   1101   -22.15    249   -27.42      0        -      0        -      1    -6.65       834        0        -   -23.11
  24800.0   1349   100/100    8.23    2.17    ~0.12    ~0.69   1096   -22.09    252   -27.40      0        -      0        -      1    -9.01       836        0        -   -23.07
  24900.0   1356   100/100    9.46    2.24    ~0.12    ~0.70   1111   -22.52    244   -26.81      0        -      0        -      1    -8.32       915        0        -   -23.28
  25000.0   1352   100/100    8.82    2.12    ~0.13    ~0.66   1106   -22.44    245   -26.78      0        -      0        -      1    -3.78       861        0        -   -23.22
  25100.0   1328   100/100    9.59    2.08    ~0.13    ~0.68   1085   -21.82    242   -26.48      0        -      0        -      1    -1.64       800        0        -   -22.66
  25200.0   1355   100/100    8.41    2.16    ~0.12    ~0.67   1120   -22.31    234   -25.99      0        -      0        -      1    -0.88       879        0        -   -22.93
  25300.0   1370   100/100    7.60    2.04    ~0.12    ~0.71   1136   -22.20    232   -25.54      0        -      0        -      2   -19.17       886        0        -   -22.76
  25400.0   1373   100/100    7.93    1.77    ~0.13    ~0.66   1149   -22.11    223   -25.11      0        -      0        -      1   -10.66       896        0        -   -22.59
  25500.0   1377   100/100    7.59    1.99    ~0.13    ~0.68   1154   -22.25    221   -24.66      0        -      0        -      2   -18.03       895        0        -   -22.63
  25600.0   1372   100/100    7.20    1.85    ~0.13    ~0.70   1152   -22.45    219   -24.54      0        -      0        -      1    -8.98       892        0        -   -22.77
  25700.0   1334   100/100    7.33    1.91    ~0.12    ~0.69   1117   -22.06    216   -24.18      0        -      0        -      1    -5.14       863        0        -   -22.39
  25800.0   1330   100/100    8.39    1.88    ~0.13    ~0.68   1115   -21.77    213   -23.71      0        -      0        -      2   -16.75       856        0        -   -22.08
  25900.0   1326   100/100    8.10    2.20    ~0.12    ~0.68   1107   -21.23    218   -24.16      0        -      0        -      1    -2.04       865        0        -   -21.70
  26000.0   1334   100/100    9.42    1.98    ~0.13    ~0.65   1118   -20.87    215   -23.63      0        -      0        -      1    -9.33       902        0        -   -21.31
  26100.0   1302   100/100    7.81    1.94    ~0.12    ~0.66   1083   -20.38    218   -23.79      0        -      0        -      1   -11.82       888        0        -   -20.94
  26200.0   1299   100/100    9.30    2.77    ~0.13    ~0.64   1085   -20.02    213   -23.98      0        -      0        -      1   -13.71       892        0        -   -20.66
  26300.0   1298   100/100    7.12    2.28    ~0.12    ~0.69   1080   -19.66    217   -23.87      0        -      0        -      1   -19.87       852        0        -   -20.36
  26400.0   1310   100/100    7.15    1.84    ~0.12    ~0.72   1097   -19.75    211   -23.91      0        -      0        -      2   -27.41       844        0        -   -20.43
  26500.0   1327   100/100    7.27    2.00    ~0.13    ~0.65   1111   -19.94    215   -23.77      0        -      0        -      1   -24.85       873        0        -   -20.57
  26600.0   1323   100/100    7.30    1.76    ~0.12    ~0.66   1111   -20.54    211   -23.49      0        -      0        -      1   -22.28       865        0        -   -21.02
  26700.0   1293   100/100    7.75    1.87    ~0.13    ~0.66   1089   -20.70    203   -23.30      0        -      0        -      1   -29.42       837        0        -   -21.11
  26800.0   1324   100/100    7.54    2.27    ~0.13    ~0.69   1118   -21.17    206   -23.96      0        -      0        -      0        -       860        0        -   -21.60
  26900.0   1336   100/100    7.39    1.81    ~0.12    ~0.67   1134   -21.39    201   -24.00      0        -      0        -      1   -29.16       890        0        -   -21.79
  27000.0   1337   100/100    9.26    2.15    ~0.13    ~0.66   1141   -21.62    195   -23.45      0        -      0        -      1   -31.91       890        0        -   -21.89
  27100.0   1308   100/100    7.46    2.12    ~0.12    ~0.69   1113   -21.13    195   -23.65      0        -      0        -      0        -       847        0        -   -21.51
  27200.0   1335   100/100    8.45    2.34    ~0.12    ~0.71   1137   -21.66    198   -24.30      0        -      0        -      0        -       866        0        -   -22.06
  27300.0   1320   100/100    9.81    2.15    ~0.13    ~0.69   1124   -21.74    195   -24.56      0        -      0        -      1   -37.02       821        0        -   -22.17
  27400.0   1299   100/100    7.58    1.89    ~0.13    ~0.71   1100   -21.21    199   -24.85      0        -      0        -      0        -       814        0        -   -21.77
  27500.0   1304   100/100    6.88    2.14    ~0.13    ~0.69   1101   -20.86    203   -24.83      0        -      0        -      0        -       858        0        -   -21.48
  27600.0   1311   100/100    6.98    2.04    ~0.12    ~0.69   1110   -20.85    201   -24.74      0        -      0        -      0        -       828        0        -   -21.45
  27700.0   1326   100/100    7.24    2.22    ~0.13    ~0.70   1124   -21.05    202   -24.69      0        -      0        -      0        -       885        0        -   -21.61
  27800.0   1326   100/100    7.75    2.10    ~0.13    ~0.69   1123   -21.54    203   -25.20      0        -      0        -      0        -       905        0        -   -22.10
  27900.0   1307   100/100    8.13    1.93    ~0.13    ~0.69   1108   -21.23    199   -25.24      0        -      0        -      0        -       833        0        -   -21.84
  28000.0   1318   100/100    7.52    1.78    ~0.13    ~0.72   1112   -21.16    206   -26.13      0        -      0        -      0        -       857        0        -   -21.94
  28100.0   1327   100/100    7.66    2.33    ~0.12    ~0.68   1123   -21.23    204   -26.02      0        -      0        -      0        -       820        0        -   -21.97
  28200.0   1323   100/100    7.56    2.26    ~0.13    ~0.69   1115   -20.72    208   -25.36      0        -      0        -      0        -       887        0        -   -21.45
  28300.0   1312   100/100    7.49    1.83    ~0.12    ~0.68   1104   -20.37    208   -25.46      0        -      0        -      0        -       875        0        -   -21.18
  28400.0   1321   100/100    9.09    1.95    ~0.12    ~0.64   1103   -20.20    218   -25.58      0        -      0        -      0        -       898        0        -   -21.09
  28500.0   1310   100/100    7.75    1.69    ~0.13    ~0.67   1091   -19.83    219   -25.49      0        -      0        -      0        -       868        0        -   -20.78
  28600.0   1294   100/100    7.43    2.20    ~0.11    ~0.65   1067   -19.37    227   -25.85      0        -      0        -      0        -       893        0        -   -20.51
  28700.0   1326   100/100    9.70    2.14    ~0.13    ~0.68   1103   -20.03    223   -26.27      0        -      0        -      0        -       878        0        -   -21.08
  28800.0   1307   100/100    7.60    2.37    ~0.12    ~0.71   1087   -19.60    220   -26.26      0        -      0        -      0        -       823        0        -   -20.72
  28900.0   1300   100/100    7.67    1.83    ~0.12    ~0.68   1079   -19.32    221   -26.77      0        -      0        -      0        -       863        0        -   -20.59
  29000.0   1317   100/100    7.93    1.88    ~0.12    ~0.66   1083   -19.45    234   -27.39      0        -      0        -      0        -       854        0        -   -20.86
  29100.0   1322   100/100    6.81    1.77    ~0.13    ~0.65   1087   -19.72    235   -28.01      0        -      0        -      0        -       910        0        -   -21.19
  29200.0   1327   100/100    7.19    2.22    ~0.12    ~0.68   1091   -20.03    236   -28.57      0        -      0        -      0        -       882        0        -   -21.55
  29300.0   1321   100/100    8.44    1.99    ~0.13    ~0.70   1081   -19.98    240   -29.13      0        -      0        -      0        -       851        0        -   -21.65
  29400.0   1321   100/100    7.17    1.90    ~0.14    ~0.70   1090   -19.99    231   -28.25      0        -      0        -      0        -       835        0        -   -21.44
  29500.0   1331   100/100    8.78    1.87    ~0.12    ~0.71   1101   -20.15    230   -28.09      0        -      0        -      0        -       850        0        -   -21.52
  29600.0   1334   100/100    8.80    2.09    ~0.13    ~0.68   1116   -20.46    218   -27.11      0        -      0        -      0        -       886        0        -   -21.54
  29700.0   1345   100/100    7.59    2.07    ~0.13    ~0.70   1135   -20.43    210   -26.45      0        -      0        -      0        -       887        0        -   -21.37
  29800.0   1349   100/100    7.04    2.18    ~0.13    ~0.67   1145   -20.31    204   -26.35      0        -      0        -      0        -       870        0        -   -21.22
  29900.0   1355   100/100    7.10    1.96    ~0.13    ~0.68   1156   -20.86    199   -25.19      0        -      0        -      0        -       872        0        -   -21.50
  30000.0   1329   100/100    7.28    2.14    ~0.13    ~0.70   1133   -20.41    196   -25.29      0        -      0        -      0        -       860        0        -   -21.13

300 of 300 samples printed
