arm r37-s5 | run 2026-09-12-073107-96d4bce6 | tank r=5.64 m (100 m2), 60 m deep, 4 ring(s)
columns of 1 m: 100 | lineage.jsonl: 19956 births, 63 clades

        t      n      cols    x sd    z sd     nn h    nn 3d   leaf   leaf y   stom   stom y   mixo   mixo y    jnt    jnt y  plain  plain y  clade 1m  jointed  joint y  rigid y
    100.0     40    29/100    3.16    3.09     0.61     2.65     33   -15.44      5   -21.11      0        -      2   -21.18      0        -         0       24   -16.34   -16.58
    200.0     54    36/100    3.24    3.19     0.50     1.81     51   -10.10      2   -11.73      0        -      1    -6.74      0        -         0       34    -9.88   -10.47
    300.0     79    50/100    3.13    3.40     0.36     1.65     78   -10.13      0        -      0        -      1   -10.94      0        -         8       51   -10.30    -9.85
    400.0    104    53/100    3.23    3.41     0.36     1.68    104   -10.64      0        -      0        -      0        -      0        -         9       72   -10.25   -11.50
    500.0    119    60/100    3.34    3.31     0.27     1.36    119   -10.14      0        -      0        -      0        -      0        -        13       79    -9.96   -10.49
    600.0    137    57/100    3.42    3.46     0.28     1.11    137    -8.03      0        -      0        -      0        -      0        -        32       87    -8.35    -7.49
    700.0    168    70/100    3.32    3.52     0.27     1.02    167    -5.75      0        -      0        -      1    -3.53      0        -        34       99    -6.37    -4.82
    800.0    203    77/100    3.20    3.55     0.22     0.77    202    -3.98      0        -      0        -      1    -1.53      0        -        72      105    -4.89    -2.97
    900.0    241    88/100    3.37    3.41     0.27     0.61    240    -2.34      0        -      0        -      1    -0.92      0        -       115      107    -2.97    -1.83
   1000.0    280    93/100    3.43    3.26     0.26     0.58    279    -1.63      0        -      0        -      1    -0.32      0        -       164      109    -2.04    -1.37
   1100.0    321    96/100    3.31    3.37     0.25     0.51    320    -1.48      0        -      0        -      1    -0.54      0        -       202      113    -2.30    -1.04
   1200.0    362    97/100    3.33    3.36     0.23     0.52    361    -1.65      0        -      0        -      1    -0.45      0        -       246      118    -2.48    -1.25
   1300.0    401    90/100    3.39    3.54     0.20     0.47    400    -1.88      0        -      0        -      1    -1.40      0        -       272      126    -3.22    -1.26
   1400.0    418    87/100    3.45    3.66     0.16     0.43    417    -1.65      0        -      0        -      1    -1.52      0        -       301      127    -2.99    -1.06
   1500.0    446    89/100    3.43    3.79     0.13     0.42    445    -1.70      0        -      0        -      1    -0.66      0        -       353      133    -3.37    -0.98
   1600.0    474    84/100    3.38    3.92     0.13     0.41    473    -1.84      0        -      0        -      1    -1.25      0        -       373      133    -3.58    -1.16
   1700.0    511    79/100    3.37    3.97     0.12     0.41    510    -2.31      0        -      0        -      1    -1.84      0        -       385      138    -4.58    -1.47
   1800.0    543    81/100    3.23    4.08     0.10     0.45    542    -3.08      0        -      0        -      1    -2.39      0        -       394      139    -5.89    -2.10
   1900.0    572    82/100    3.07    4.16     0.09     0.45    571    -4.46      0        -      0        -      1    -3.72      0        -       390      134    -7.33    -3.58
   2000.0    604    75/100    2.83    4.22     0.09     0.49    603    -7.58      0        -      0        -      1    -6.44      0        -       403      135   -10.03    -6.87
   2100.0    633    89/100    3.15    3.87     0.09     0.55    632   -12.61      0        -      0        -      1   -12.88      0        -       394      135   -13.84   -12.28
   2200.0    673    87/100    3.48    3.53     0.09     0.54    672   -18.84      0        -      0        -      1   -22.77      0        -       424      125   -17.47   -19.16
   2300.0    713    96/100    3.72    2.99     0.09     0.54    712   -24.87      0        -      0        -      1   -30.37      0        -       460      121   -22.38   -25.39
   2400.0    751    97/100    3.80    2.53     0.10     0.51    750   -29.54      0        -      0        -      1   -34.75      0        -       481      120   -26.70   -30.09
   2500.0    781    94/100    4.01    2.31     0.09     0.48    780   -33.00      0        -      0        -      1   -35.06      0        -       497      117   -30.50   -33.44
   2600.0    799    94/100    3.67    2.95     0.07     0.45    797   -37.68      0        -      0        -      1   -42.37      1   -41.08       533      116   -34.96   -38.15
   2700.0    783    95/100    3.48    3.05     0.08     0.46    782   -43.71      0        -      0        -      1   -51.74      0        -       502      114   -40.32   -44.30
   2800.0    746   100/100    3.22    2.89     0.09     0.44    744   -48.54      0        -      0        -      1   -54.43      1   -28.02       478      113   -44.88   -49.17
   2900.0    715    99/100    3.27    2.55     0.11     0.43    713   -51.31      0        -      0        -      1   -55.48      1   -22.47       446      113   -49.50   -51.61
   3000.0    677   101/100    3.00    2.61     0.13     0.45    675   -52.01      0        -      0        -      1   -59.06      1   -22.34       464      109   -51.36   -52.10
   3100.0    649   104/100    2.98    2.73     0.14     0.48    647   -51.06      0        -      0        -      1   -59.59      1   -19.69       438      113   -50.75   -51.08
   3200.0    628   109/100    3.07    2.96     0.16     0.53    625   -50.18      1   -33.90      0        -      1   -59.83      1   -16.94       417      117   -49.49   -50.26
   3300.0    601   112/100    2.93    3.14     0.16     0.53    592   -49.55      6   -34.26      0        -      2   -52.12      1   -12.11       397      116   -48.89   -49.45
   3400.0    575   113/100    2.96    3.27     0.17     0.54    562   -48.67     11   -32.93      0        -      1   -59.60      1    -6.15       367      123   -48.69   -48.21
   3500.0    538   111/100    3.14    3.37     0.16     0.55    518   -47.44     18   -32.08      0        -      1   -59.57      1    -3.06       329      123   -47.82   -46.59
   3600.0    493    98/100    3.27    3.56     0.14     0.52    467   -45.59     24   -31.16      0        -      1   -59.55      1    -1.93       301      120   -46.57   -44.27
   3700.0    464    99/100    3.33    3.70     0.14     0.55    412   -42.99     49   -42.81      0        -      1   -59.55      2   -30.37       284      109   -44.43   -42.50
   3800.0    484   107/100    3.29    3.71     0.14     0.62    362   -39.04    121   -51.30      0        -      0        -      1    -1.62       304      100   -41.54   -42.15
   3900.0    505   104/100    3.37    3.68     0.14     0.65    322   -33.75    182   -52.27      0        -      0        -      1    -1.63       304       94   -38.58   -40.77
   4000.0    542   100/100    3.41    3.79     0.11     0.71    308   -28.90    233   -51.07      0        -      0        -      1    -2.29       298       89   -34.21   -39.20
   4100.0    574    99/100    3.49    3.73     0.10     0.78    286   -23.44    287   -48.15      0        -      0        -      1    -3.47       303       80   -29.43   -36.79
   4200.0    611    92/100    3.47    3.76     0.09     0.75    275   -19.57    335   -44.07      0        -      0        -      1    -5.30       323       75   -25.48   -34.03
   4300.0    659    95/100    3.48    3.64     0.10     0.76    276   -17.66    382   -39.75      0        -      0        -      1    -7.82       354       75   -23.43   -31.35
   4400.0    690    99/100    3.47    3.48     0.10     0.69    274   -17.08    415   -35.90      0        -      0        -      1    -9.87       421       70   -22.45   -29.06
   4500.0    676    95/100    3.50    3.44     0.10     0.67    276   -16.95    399   -32.90      0        -      0        -      1   -11.10       410       71   -21.87   -26.88
   4600.0    668    98/100    3.57    3.36     0.10     0.62    285   -16.77    381   -30.66      0        -      0        -      2   -16.38       444       88   -21.22   -25.21
   4700.0    647    94/100    3.53    3.28     0.10     0.62    291   -16.18    353   -28.86      0        -      0        -      3   -18.03       421      119   -21.09   -23.56
   4800.0    615   101/100    3.37    3.34     0.10     0.71    306   -15.66    307   -28.32      0        -      0        -      2   -15.14       372      136   -20.88   -22.29
   4900.0    589    96/100    3.39    3.54     0.10     0.67    348   -15.17    240   -28.18      0        -      0        -      1   -20.57       368      134   -20.60   -20.44
   5000.0    571    84/100    3.19    3.71     0.09     0.65    375   -13.80    195   -28.61      0        -      0        -      1   -16.83       338      132   -19.30   -18.73
   5100.0    577    91/100    3.23    3.81     0.10     0.68    396   -12.44    180   -28.47      0        -      0        -      1   -14.32       340      127   -18.31   -17.20
   5200.0    570    95/100    3.23    3.83     0.11     0.62    400   -10.82    169   -27.57      0        -      0        -      1   -11.69       357      110   -16.92   -15.51
   5300.0    579    89/100    3.34    3.81     0.11     0.62    410    -9.45    167   -25.04      0        -      0        -      2    -4.82       341      100   -14.96   -13.71
   5400.0    576    98/100    3.24    3.81     0.11     0.57    419    -8.07    155   -22.34      0        -      0        -      2    -3.83       344       83   -12.53   -11.78
   5500.0    597    93/100    3.41    3.79     0.09     0.52    439    -6.94    156   -20.53      0        -      0        -      2    -3.30       375       77   -10.16   -10.53
   5600.0    631    98/100    3.35    3.86     0.09     0.47    468    -6.35    162   -20.44      0        -      0        -      1    -5.83       408       81   -10.10    -9.95
   5700.0    657    90/100    3.28    3.94     0.09     0.47    497    -6.63    159   -20.52      0        -      0        -      1    -8.08       434       77   -10.83    -9.88
   5800.0    693    85/100    3.30    3.96     0.08     0.48    534    -7.73    158   -21.18      0        -      0        -      1   -11.01       479       78   -11.56   -10.71
   5900.0    719    87/100    3.25    3.91     0.09     0.51    568    -9.59    150   -22.78      0        -      0        -      1   -14.34       467       78   -14.75   -12.06
   6000.0    768    90/100    3.22    3.83     0.10     0.58    611   -12.43    156   -23.32      0        -      0        -      1   -18.02       500       80   -17.34   -14.33
   6100.0    820    93/100    3.05    3.82     0.10     0.56    659   -15.54    161   -24.18      0        -      0        -      0        -       532       78   -19.51   -17.00
   6200.0    877    98/100    3.20    3.53     0.09     0.55    722   -18.38    155   -24.03      0        -      0        -      0        -       615       73   -20.45   -19.29
   6300.0    939    97/100    3.18    3.59     0.09     0.46    794   -19.97    145   -23.83      0        -      0        -      0        -       759       61   -20.83   -20.54
   6400.0   1019   105/100    2.94    3.73     0.08     0.36    886   -20.33    133   -22.94      0        -      0        -      0        -       844       46   -20.21   -20.69
   6500.0   1096    93/100    2.99    3.70     0.06     0.30    973   -19.53    123   -21.33      0        -      0        -      0        -       944       37   -18.73   -19.77
   6600.0   1152    88/100    3.16    3.46     0.05     0.26   1036   -17.37    116   -18.63      0        -      0        -      0        -      1009       39   -17.19   -17.51
   6700.0   1200    84/100    3.28    2.97     0.05     0.25   1087   -13.77    113   -14.78      0        -      0        -      0        -      1078       39   -14.55   -13.84
   6800.0   1225    79/100    3.10    3.07    ~0.05    ~0.25   1114    -9.19    111    -9.74      0        -      0        -      0        -      1093       38    -9.95    -9.22
   6900.0   1253    74/100    3.31    3.18    ~0.05    ~0.24   1135    -4.71    118    -6.15      0        -      0        -      0        -      1125       44    -8.07    -4.73
   7000.0   1269    76/100    3.46    3.33    ~0.06    ~0.21   1150    -1.72    119    -3.39      0        -      0        -      0        -      1182       45    -5.36    -1.75
   7100.0   1282    76/100    3.45    3.43    ~0.08    ~0.20   1163    -0.62    119    -2.01      0        -      0        -      0        -      1222       45    -3.18    -0.66
   7200.0   1302    89/100    3.52    3.37    ~0.08    ~0.20   1183    -0.50    119    -1.84      0        -      0        -      0        -      1259       44    -2.73    -0.54
   7300.0   1322    84/100    3.62    3.45    ~0.08    ~0.20   1204    -0.51    118    -1.64      0        -      0        -      0        -      1288       43    -2.26    -0.56
   7400.0   1344    84/100    3.86    3.39    ~0.08    ~0.20   1226    -0.53    118    -1.29      0        -      0        -      0        -      1307       44    -2.49    -0.53
   7500.0   1362    78/100    3.77    3.61    ~0.07    ~0.20   1244    -0.57    118    -1.26      0        -      0        -      0        -      1329       44    -2.40    -0.57
   7600.0   1381    76/100    3.77    3.70    ~0.07    ~0.20   1263    -0.67    118    -1.43      0        -      0        -      0        -      1346       44    -2.66    -0.67
   7700.0   1398    68/100    3.87    3.66    ~0.06    ~0.20   1281    -0.80    117    -1.66      0        -      0        -      0        -      1360       44    -3.06    -0.81
   7800.0   1416    70/100    3.95    3.60    ~0.05    ~0.21   1299    -1.11    117    -2.14      0        -      0        -      0        -      1378       44    -3.81    -1.11
   7900.0   1432    66/100    4.06    3.48    ~0.04    ~0.22   1317    -1.80    115    -2.64      0        -      0        -      0        -      1379       42    -4.08    -1.80
   8000.0   1452    68/100    4.22    3.30    ~0.04    ~0.24   1337    -3.65    115    -4.66      0        -      0        -      0        -      1352       42    -6.21    -3.66
   8100.0   1470    74/100    4.21    3.06    ~0.04    ~0.28   1355    -8.59    115    -9.43      0        -      0        -      0        -      1327       42   -10.53    -8.60
   8200.0   1489    79/100    3.46    3.56    ~0.05    ~0.34   1375   -16.80    114   -17.10      0        -      0        -      0        -      1221       42   -17.90   -16.79
   8300.0   1503    82/100    3.70    3.48    ~0.05    ~0.33   1391   -25.67    112   -25.60      0        -      0        -      0        -      1234       41   -24.30   -25.70
   8400.0   1518    84/100    3.86    2.51    ~0.06    ~0.29   1406   -30.96    112   -30.64      0        -      0        -      0        -      1301       41   -29.19   -30.99
   8500.0   1534    89/100    3.55    2.59    ~0.06    ~0.25   1423   -33.03    111   -32.85      0        -      0        -      0        -      1360       41   -31.86   -33.05
   8600.0   1548    86/100    3.47    2.66    ~0.06    ~0.23   1438   -33.65    110   -33.30      0        -      0        -      0        -      1416       40   -32.31   -33.66
   8700.0   1564    79/100    3.69    2.56    ~0.06    ~0.23   1458   -33.46    106   -33.11      0        -      0        -      0        -      1437       37   -31.94   -33.48
   8800.0   1579    79/100    3.69    3.09    ~0.06    ~0.23   1478   -32.24    101   -32.11      0        -      0        -      0        -      1481       33   -31.12   -32.25
   8900.0   1597    79/100    3.63    3.64    ~0.05    ~0.24   1497   -29.47    100   -29.61      0        -      0        -      0        -      1480       32   -28.89   -29.49
   9000.0   1608    73/100    2.68    3.01    ~0.04    ~0.24   1510   -24.13     98   -24.48      0        -      0        -      0        -      1470       32   -24.59   -24.14
   9100.0   1621    68/100    2.32    3.43    ~0.04    ~0.25   1523   -15.13     98   -15.82      0        -      0        -      0        -      1450       30   -18.79   -15.10
   9200.0   1636    74/100    3.00    3.61    ~0.05    ~0.26   1540    -6.66     96    -6.27      0        -      0        -      0        -      1476       27   -10.04    -6.58
   9300.0   1654    82/100    3.56    3.62    ~0.06    ~0.22   1558    -2.18     96    -1.71      0        -      0        -      0        -      1550       26    -3.23    -2.14
   9400.0   1669    81/100    3.38    3.86    ~0.07    ~0.20   1575    -0.73     94    -0.51      0        -      0        -      0        -      1612       25    -1.05    -0.71
   9500.0   1685    87/100    3.31    3.86    ~0.08    ~0.19   1591    -0.51     94    -0.46      0        -      0        -      0        -      1653       25    -0.59    -0.51
   9600.0   1700    83/100    3.57    3.69    ~0.07    ~0.19   1606    -0.48     94    -0.58      0        -      0        -      0        -      1664       25    -0.96    -0.48
   9700.0   1715    80/100    3.66    3.66    ~0.07    ~0.19   1621    -0.51     94    -0.70      0        -      0        -      0        -      1686       25    -1.04    -0.51
   9800.0   1729    76/100    3.74    3.70    ~0.06    ~0.19   1635    -0.56     94    -0.87      0        -      0        -      0        -      1704       25    -1.33    -0.56
   9900.0   1743    72/100    3.77    3.76    ~0.06    ~0.19   1650    -0.68     93    -1.05      0        -      0        -      0        -      1720       25    -1.40    -0.69
  10000.0   1757    69/100    3.86    3.74    ~0.05    ~0.19   1665    -0.90     92    -1.18      0        -      0        -      0        -      1732       24    -1.10    -0.91
  10100.0   1772    60/100    3.95    3.70    ~0.04    ~0.20   1681    -1.32     91    -1.72      0        -      0        -      0        -      1738       24    -1.58    -1.34
  10200.0   1785    63/100    3.95    3.67    ~0.04    ~0.21   1695    -2.43     90    -3.10      0        -      0        -      0        -      1723       23    -2.82    -2.46
  10300.0   1799    65/100    3.88    3.50    ~0.03    ~0.24   1709    -5.67     90    -6.91      0        -      0        -      0        -      1699       21    -5.89    -5.73
  10400.0   1811    69/100    3.97    2.98    ~0.04    ~0.26   1721   -12.77     90   -14.09      0        -      0        -      0        -      1627       21   -12.89   -12.84
  10500.0   1821    78/100    3.63    3.32    ~0.05    ~0.31   1734   -21.91     87   -23.51      0        -      0        -      0        -      1614       20   -21.16   -21.99
  10600.0   1827    84/100    3.06    3.44    ~0.06    ~0.29   1743   -29.73     84   -31.21      0        -      0        -      0        -      1611       18   -27.02   -29.83
  10700.0   1837    87/100    3.25    3.24    ~0.05    ~0.26   1753   -34.02     84   -34.60      0        -      0        -      0        -      1650       16   -32.73   -34.06
  10800.0   1844    81/100    2.73    3.20    ~0.04    ~0.23   1762   -37.54     82   -37.58      0        -      0        -      0        -      1696       14   -37.08   -37.54
  10900.0   1841    78/100    2.44    2.68    ~0.04    ~0.21   1761   -41.66     80   -41.98      0        -      0        -      0        -      1705       14   -41.66   -41.67
  11000.0   1834    79/100    2.23    2.18    ~0.03    ~0.21   1759   -46.54     75   -46.63      0        -      0        -      0        -      1707       13   -46.19   -46.55
  11100.0   1830    77/100    2.20    2.45    ~0.04    ~0.21   1758   -51.25     72   -51.43      0        -      0        -      0        -      1697       13   -50.45   -51.26
  11200.0   1809    76/100    2.05    2.96    ~0.04    ~0.21   1740   -54.88     69   -55.30      0        -      0        -      0        -      1682       13   -54.96   -54.89
  11300.0   1804    77/100    1.91    3.19    ~0.05    ~0.20   1737   -57.25     67   -57.56      0        -      0        -      0        -      1704       13   -57.30   -57.26
  11400.0   1784    82/100    2.04    3.02    ~0.06    ~0.19   1720   -58.35     64   -58.29      0        -      0        -      0        -      1695       13   -58.66   -58.35
  11500.0   1774    88/100    2.35    2.75    ~0.07    ~0.19   1710   -58.66     64   -58.53      0        -      0        -      0        -      1708       13   -59.28   -58.65
  11600.0   1764    95/100    2.76    2.73    ~0.08    ~0.19   1699   -58.73     65   -58.58      0        -      0        -      0        -      1703       13   -59.34   -58.72
  11700.0   1749    98/100    2.95    3.21    ~0.08    ~0.20   1684   -58.78     65   -58.51      0        -      0        -      0        -      1694       13   -59.40   -58.77
  11800.0   1740    87/100    3.08    3.74    ~0.07    ~0.19   1677   -58.78     63   -58.49      0        -      0        -      0        -      1691       13   -59.36   -58.77
  11900.0   1733    80/100    3.25    3.95    ~0.06    ~0.19   1671   -58.64     62   -58.42      0        -      0        -      0        -      1686       11   -59.26   -58.63
  12000.0   1714    70/100    3.38    4.01    ~0.05    ~0.19   1656   -58.42     58   -58.17      0        -      0        -      0        -      1664       11   -59.10   -58.41
  12100.0   1704    73/100    3.52    3.99    ~0.04    ~0.20   1651   -57.89     53   -57.60      0        -      0        -      0        -      1640       11   -58.62   -57.87
  12200.0   1680    77/100    3.67    3.88    ~0.04    ~0.22   1630   -56.73     50   -56.55      0        -      0        -      0        -      1589       11   -57.26   -56.72
  12300.0   1659    83/100    3.71    3.66    ~0.04    ~0.25   1615   -54.22     44   -54.73      0        -      0        -      0        -      1516       11   -55.01   -54.23
  12400.0   1651    88/100    3.76    3.27    ~0.04    ~0.31   1609   -50.25     42   -51.43      0        -      0        -      0        -      1451       11   -50.09   -50.28
  12500.0   1640    86/100    3.66    3.41    ~0.05    ~0.35   1605   -44.99     35   -45.11      0        -      0        -      0        -      1394       10   -44.20   -44.99
  12600.0   1639    93/100    3.46    3.63    ~0.05    ~0.35   1606   -39.70     33   -40.10      0        -      0        -      0        -      1392       10   -39.52   -39.71
  12700.0   1641    93/100    3.31    3.54    ~0.05    ~0.32   1609   -36.41     32   -37.20      0        -      0        -      0        -      1392       10   -34.89   -36.43
  12800.0   1646    90/100    3.03    3.73    ~0.05    ~0.26   1615   -35.15     31   -36.82      0        -      0        -      0        -      1418       10   -33.02   -35.19
  12900.0   1644    87/100    2.91    3.99    ~0.05    ~0.24   1614   -35.44     30   -37.00      0        -      0        -      0        -      1455        9   -33.61   -35.48
  13000.0   1642    90/100    3.22    3.87    ~0.05    ~0.25   1613   -37.49     29   -38.59      0        -      0        -      0        -      1492        9   -36.27   -37.51
  13100.0   1621   100/100    3.64    3.39    ~0.05    ~0.25   1596   -41.58     25   -42.62      0        -      0        -      0        -      1457        9   -40.78   -41.60
  13200.0   1611   102/100    3.70    2.81    ~0.05    ~0.27   1583   -47.02     28   -46.49      0        -      0        -      0        -      1408        9   -46.09   -47.01
  13300.0   1553   103/100    3.13    2.86    ~0.06    ~0.29   1527   -50.58     26   -50.17      0        -      0        -      0        -      1362        8   -50.11   -50.57
  13400.0   1521   103/100    3.33    2.33    ~0.06    ~0.30   1495   -53.27     26   -53.31      0        -      0        -      0        -      1335        8   -55.10   -53.26
  13500.0   1511   103/100    3.15    2.09    ~0.08    ~0.30   1485   -53.72     26   -53.02      0        -      0        -      0        -      1320        8   -56.76   -53.69
  13600.0   1488   110/100    3.11    2.41    ~0.09    ~0.33   1462   -52.28     26   -52.23      0        -      0        -      0        -      1281        8   -54.60   -52.26
  13700.0   1457   109/100    3.06    2.37    ~0.09    ~0.33   1431   -52.34     26   -52.37      0        -      0        -      0        -      1195        8   -51.59   -52.34
  13800.0   1456   112/100    2.89    2.43    ~0.10    ~0.36   1429   -52.49     27   -53.03      0        -      0        -      0        -      1195        8   -50.65   -52.51
  13900.0   1413   111/100    3.08    2.29    ~0.10    ~0.40   1386   -52.72     26   -53.99      0        -      0        -      1   -39.79      1131        8   -49.10   -52.76
  14000.0   1349   112/100    3.29    2.46    ~0.11    ~0.42   1326   -52.84     23   -54.22      0        -      0        -      0        -      1104       11   -47.49   -52.91
  14100.0   1284   109/100    3.35    2.94    ~0.10    ~0.41   1260   -52.98     24   -54.37      0        -      0        -      0        -      1038       10   -49.56   -53.04
  14200.0   1235   105/100    3.43    3.39    ~0.07    ~0.34   1210   -52.04     25   -52.70      0        -      0        -      0        -      1018        7   -50.05   -52.07
  14300.0   1160   101/100    3.32    3.68     0.06     0.38   1136   -49.51     24   -51.01      0        -      0        -      0        -       914        6   -47.76   -49.55
  14400.0   1077    94/100    3.35    3.75     0.06     0.45   1048   -44.54     29   -47.51      0        -      0        -      0        -       808        4   -42.39   -44.63
  14500.0    950    83/100    3.31    3.46     0.08     0.44    919   -37.07     31   -41.97      0        -      0        -      0        -       730        2   -44.52   -37.21
  14600.0    894    86/100    3.38    3.13     0.09     0.40    860   -30.63     34   -35.57      0        -      0        -      0        -       657        2   -40.96   -30.79
  14700.0    906    89/100    3.59    2.90     0.08     0.39    867   -25.31     39   -32.06      0        -      0        -      0        -       680        1   -25.63   -25.60
  14800.0    921    83/100    3.59    3.01     0.07     0.37    882   -21.18     39   -28.05      0        -      0        -      0        -       707        1   -23.03   -21.47
  14900.0    957    91/100    3.85    2.94     0.06     0.33    909   -17.60     48   -24.89      0        -      0        -      0        -       776        0        -   -17.97
  15000.0   1019    92/100    3.79    3.08     0.06     0.32    968   -14.76     51   -22.13      0        -      0        -      0        -       834        0        -   -15.13
  15100.0   1085    93/100    3.71    3.36     0.06     0.31   1031   -12.12     54   -19.29      0        -      0        -      0        -       927        0        -   -12.47
  15200.0   1156    92/100    3.59    3.45     0.06     0.30   1095    -9.43     61   -16.18      0        -      0        -      0        -      1011        0        -    -9.78
  15300.0   1222    89/100    3.42    3.72    ~0.06    ~0.27   1158    -6.71     64   -12.45      0        -      0        -      0        -      1094        0        -    -7.01
  15400.0   1278    84/100    3.23    3.89    ~0.06    ~0.25   1207    -4.23     71    -8.60      0        -      0        -      0        -      1168        0        -    -4.47
  15500.0   1329    93/100    3.14    4.06    ~0.06    ~0.22   1252    -2.45     77    -6.13      0        -      0        -      0        -      1229        1    -7.49    -2.66
  15600.0   1380    87/100    3.43    3.86    ~0.06    ~0.19   1295    -1.49     85    -5.08      0        -      0        -      0        -      1305        2    -4.41    -1.71
  15700.0   1421    85/100    3.74    3.54    ~0.06    ~0.18   1333    -1.10     88    -4.15      0        -      0        -      0        -      1363        2    -2.62    -1.29
  15800.0   1459    83/100    3.78    3.51    ~0.06    ~0.18   1369    -1.01     90    -4.35      0        -      0        -      0        -      1414        2    -1.54    -1.22
  15900.0   1491    81/100    3.58    3.78    ~0.07    ~0.18   1401    -1.01     90    -4.17      0        -      0        -      0        -      1453        2    -0.90    -1.20
  16000.0   1521    78/100    3.51    3.93    ~0.06    ~0.18   1427    -1.06     94    -4.76      0        -      0        -      0        -      1478        2    -1.61    -1.29
  16100.0   1546    73/100    3.55    3.98    ~0.05    ~0.18   1452    -1.20     94    -5.07      0        -      0        -      0        -      1498        2    -2.54    -1.44
  16200.0   1571    69/100    3.57    4.02    ~0.05    ~0.18   1476    -1.50     95    -6.15      0        -      0        -      0        -      1529        2    -2.94    -1.78
  16300.0   1592    68/100    3.43    4.20    ~0.04    ~0.21   1495    -2.09     97    -6.92      0        -      0        -      0        -      1538        2    -4.96    -2.38
  16400.0   1615    66/100    3.02    4.49    ~0.04    ~0.23   1516    -3.55     99    -9.47      0        -      0        -      0        -      1541        2   -10.16    -3.90
  16500.0   1636    62/100    2.44    4.66    ~0.04    ~0.24   1534    -6.90    102   -13.35      0        -      0        -      0        -      1525        2   -16.81    -7.29
  16600.0   1655    76/100    2.53    4.38    ~0.05    ~0.29   1548   -12.37    107   -18.57      0        -      0        -      0        -      1499        3   -24.00   -12.75
  16700.0   1667    80/100    3.43    3.68    ~0.05    ~0.33   1560   -18.33    107   -23.90      0        -      0        -      0        -      1480        3   -21.25   -18.68
  16800.0   1673    81/100    3.36    3.57    ~0.05    ~0.29   1565   -22.39    108   -26.67      0        -      0        -      0        -      1531        3   -18.60   -22.67
  16900.0   1679    77/100    3.36    3.57    ~0.05    ~0.24   1570   -24.09    109   -27.07      0        -      0        -      0        -      1528        3   -17.76   -24.30
  17000.0   1688    78/100    3.75    3.35    ~0.04    ~0.22   1578   -23.92    110   -26.09      0        -      0        -      0        -      1568        3   -17.70   -24.08
  17100.0   1695    70/100    3.59    3.46    ~0.04    ~0.20   1585   -21.89    110   -23.49      0        -      0        -      0        -      1594        3   -17.57   -22.00
  17200.0   1697    69/100    3.48    3.26    ~0.04    ~0.20   1587   -18.10    110   -19.14      0        -      0        -      0        -      1612        3   -16.34   -18.17
  17300.0   1698    74/100    3.29    3.13    ~0.04    ~0.21   1588   -12.69    110   -13.19      0        -      0        -      0        -      1615        3   -12.25   -12.72
  17400.0   1702    72/100    3.02    3.07    ~0.04    ~0.22   1592    -6.96    110    -7.45      0        -      0        -      0        -      1616        3    -7.12    -6.99
  17500.0   1709    67/100    2.69    3.40    ~0.05    ~0.20   1599    -2.67    110    -2.80      0        -      0        -      0        -      1667        3    -5.70    -2.67
  17600.0   1718    68/100    2.86    3.29    ~0.05    ~0.17   1607    -0.76    111    -0.75      0        -      0        -      0        -      1681        3    -2.97    -0.75
  17700.0   1727    73/100    3.27    3.08    ~0.07    ~0.17   1615    -0.47    112    -0.59      0        -      0        -      0        -      1710        3    -5.15    -0.47
  17800.0   1736    76/100    3.12    3.52    ~0.07    ~0.17   1624    -0.44    112    -0.75      0        -      0        -      0        -      1718        3   -10.25    -0.44
  17900.0   1744    71/100    3.40    3.48    ~0.06    ~0.17   1632    -0.44    112    -0.73      0        -      0        -      0        -      1728        3    -9.74    -0.44
  18000.0   1752    68/100    3.77    3.24    ~0.06    ~0.17   1640    -0.45    112    -0.75      0        -      0        -      0        -      1735        3    -9.85    -0.46
  18100.0   1761    66/100    3.61    3.55    ~0.06    ~0.17   1649    -0.52    112    -0.78      0        -      0        -      0        -      1747        3    -8.14    -0.52
  18200.0   1768    60/100    3.54    3.68    ~0.06    ~0.17   1656    -0.62    112    -0.90      0        -      0        -      0        -      1759        3    -7.64    -0.63
  18300.0   1776    61/100    3.76    3.55    ~0.05    ~0.18   1664    -0.78    112    -1.11      0        -      0        -      0        -      1763        3    -7.54    -0.79
  18400.0   1785    52/100    4.08    3.34    ~0.04    ~0.19   1673    -1.12    112    -1.66      0        -      0        -      0        -      1771        3   -11.03    -1.14
  18500.0   1793    55/100    4.39    3.12    ~0.04    ~0.20   1681    -2.03    112    -2.83      0        -      0        -      0        -      1767        3   -14.10    -2.06
  18600.0   1801    60/100    4.68    2.67    ~0.04    ~0.22   1689    -4.82    112    -6.21      0        -      0        -      0        -      1740        3   -20.84    -4.88
  18700.0   1807    68/100    4.42    2.47    ~0.04    ~0.26   1695   -11.76    112   -13.48      0        -      0        -      0        -      1691        3   -27.10   -11.84
  18800.0   1812    80/100    3.30    3.58    ~0.05    ~0.29   1700   -21.60    112   -23.82      0        -      0        -      0        -      1649        3   -34.15   -21.71
  18900.0   1817    81/100    2.61    3.55    ~0.06    ~0.29   1705   -29.49    112   -31.61      0        -      0        -      0        -      1661        3   -34.20   -29.62
  19000.0   1823    82/100    2.15    3.89    ~0.05    ~0.25   1711   -32.94    112   -35.09      0        -      0        -      0        -      1692        3   -36.91   -33.07
  19100.0   1825    80/100    2.38    3.46    ~0.04    ~0.21   1713   -35.05    112   -36.58      0        -      0        -      0        -      1722        3   -36.78   -35.14
  19200.0   1827    70/100    2.91    2.88    ~0.04    ~0.20   1715   -36.60    112   -37.77      0        -      0        -      0        -      1750        3   -36.97   -36.67
  19300.0   1832    75/100    2.80    3.39    ~0.04    ~0.20   1717   -37.70    115   -38.73      0        -      0        -      0        -      1753        3   -38.05   -37.77
  19400.0   1830    80/100    3.04    3.20    ~0.04    ~0.20   1716   -38.68    114   -39.72      0        -      0        -      0        -      1753        3   -38.58   -38.74
  19500.0   1829    76/100    3.19    3.54    ~0.04    ~0.21   1715   -39.55    114   -40.92      0        -      0        -      0        -      1735        3   -38.35   -39.63
  19600.0   1812    81/100    3.43    3.60    ~0.04    ~0.23   1698   -40.59    114   -42.40      0        -      0        -      0        -      1715        3   -39.62   -40.71
  19700.0   1804    93/100    3.61    3.05    ~0.04    ~0.25   1687   -42.10    117   -44.27      0        -      0        -      0        -      1661        3   -40.63   -42.24
  19800.0   1790    91/100    3.28    2.73    ~0.05    ~0.27   1671   -43.87    119   -46.65      0        -      0        -      0        -      1619        3   -39.19   -44.06
  19900.0   1765    95/100    2.77    2.78    ~0.06    ~0.28   1642   -45.36    123   -48.81      0        -      0        -      0        -      1568        3   -38.78   -45.62
  20000.0   1764    94/100    2.71    2.88    ~0.05    ~0.29   1640   -46.34    124   -50.70      0        -      0        -      0        -      1581        3   -36.93   -46.67
  20100.0   1745    93/100    2.98    3.01    ~0.04    ~0.29   1621   -46.88    124   -51.98      0        -      0        -      0        -      1539        3   -36.63   -47.26
  20200.0   1739    95/100    3.26    2.88    ~0.04    ~0.29   1616   -46.69    123   -52.46      0        -      0        -      0        -      1535        3   -36.01   -47.12
  20300.0   1732    94/100    3.39    2.73    ~0.04    ~0.29   1607   -45.87    125   -52.08      0        -      0        -      0        -      1529        3   -35.59   -46.34
  20400.0   1722    92/100    3.39    2.68    ~0.05    ~0.30   1597   -44.19    125   -50.85      0        -      0        -      0        -      1509        3   -35.54   -44.69
  20500.0   1722    90/100    3.57    2.84    ~0.04    ~0.34   1594   -41.52    128   -48.74      0        -      0        -      0        -      1483        3   -35.47   -42.07
  20600.0   1727    90/100    3.82    3.02    ~0.05    ~0.37   1594   -38.10    133   -45.46      0        -      0        -      0        -      1452        3   -35.02   -38.68
  20700.0   1739    96/100    3.90    3.07    ~0.06    ~0.40   1603   -34.82    136   -41.55      0        -      0        -      0        -      1496        3   -33.72   -35.35
  20800.0   1751    87/100    3.94    2.95    ~0.05    ~0.34   1612   -32.79    139   -38.98      0        -      0        -      0        -      1530        3   -31.11   -33.28
  20900.0   1759    88/100    3.91    2.89    ~0.05    ~0.28   1618   -32.05    141   -37.52      0        -      0        -      0        -      1545        3   -34.46   -32.49
  21000.0   1771    89/100    3.75    3.05    ~0.05    ~0.24   1631   -32.44    140   -36.54      0        -      0        -      0        -      1582        3   -33.87   -32.76
  21100.0   1780    95/100    3.82    3.08    ~0.05    ~0.21   1630   -33.95    150   -38.27      0        -      0        -      0        -      1609        3   -35.74   -34.31
  21200.0   1781    90/100    3.54    3.00    ~0.04    ~0.20   1625   -36.36    156   -40.18      0        -      0        -      0        -      1621        3   -36.55   -36.69
  21300.0   1758    93/100    3.32    3.05    ~0.04    ~0.20   1599   -39.16    159   -42.23      0        -      0        -      0        -      1611        3   -34.85   -39.44
  21400.0   1747    89/100    3.30    3.09    ~0.05    ~0.21   1579   -42.73    168   -44.95      0        -      0        -      0        -      1611        3   -37.68   -42.95
  21500.0   1729   101/100    2.99    2.95    ~0.06    ~0.24   1557   -46.75    172   -48.54      0        -      0        -      0        -      1569        3   -39.97   -46.94
  21600.0   1700    96/100    3.18    2.57    ~0.06    ~0.25   1523   -50.21    177   -51.57      0        -      0        -      0        -      1551        3   -37.84   -50.37
  21700.0   1680    99/100    3.22    2.52    ~0.05    ~0.27   1495   -53.34    185   -53.96      0        -      0        -      0        -      1516        3   -40.33   -53.43
  21800.0   1650    99/100    2.72    2.77    ~0.06    ~0.25   1464   -55.48    186   -55.93      0        -      0        -      0        -      1504        3   -42.44   -55.56
  21900.0   1631   104/100    2.63    2.73    ~0.08    ~0.24   1448   -55.56    183   -56.40      0        -      0        -      0        -      1468        3   -48.19   -55.66
  22000.0   1624   112/100    2.88    2.83    ~0.09    ~0.25   1439   -55.24    185   -56.47      0        -      0        -      0        -      1459        3   -52.97   -55.38
  22100.0   1610   110/100    2.70    3.01    ~0.09    ~0.27   1424   -55.68    185   -56.84      0        -      0        -      1   -59.81      1433        3   -53.95   -55.82
  22200.0   1593   106/100    2.67    2.97    ~0.09    ~0.26   1415   -56.03    177   -57.25      0        -      0        -      1   -59.63      1434        3   -55.53   -56.17
  22300.0   1581   107/100    2.91    3.13    ~0.10    ~0.28   1405   -56.17    176   -57.44      0        -      0        -      0        -      1420        3   -55.50   -56.31
  22400.0   1576   109/100    3.07    3.54    ~0.09    ~0.27   1400   -56.16    176   -57.75      0        -      0        -      0        -      1405        3   -55.17   -56.34
  22500.0   1574   108/100    3.37    3.77    ~0.06    ~0.25   1389   -55.61    184   -57.63      0        -      0        -      1   -56.90      1390        3   -54.21   -55.85
  22600.0   1534   102/100    3.55    3.83    ~0.05    ~0.26   1377   -54.04    157   -56.68      0        -      0        -      0        -      1354        3   -52.89   -54.31
  22700.0   1524    95/100    3.44    3.91    ~0.05    ~0.30   1362   -50.71    162   -54.65      0        -      0        -      0        -      1326        3   -49.11   -51.13
  22800.0   1505    91/100    3.28    3.74    ~0.06    ~0.35   1365   -45.68    140   -49.92      0        -      0        -      0        -      1287        3   -46.75   -46.08
  22900.0   1521    98/100    3.24    3.28    ~0.07    ~0.33   1385   -40.24    136   -44.66      0        -      0        -      0        -      1283        3   -42.67   -40.63
  23000.0   1542   102/100    3.54    2.96    ~0.07    ~0.39   1410   -36.21    132   -39.73      0        -      0        -      0        -      1297        3   -35.83   -36.51
  23100.0   1551    95/100    3.71    2.96    ~0.06    ~0.37   1425   -32.49    126   -35.61      0        -      0        -      0        -      1313        2   -30.57   -32.75
  23200.0   1575    96/100    3.67    3.12    ~0.06    ~0.30   1443   -29.68    132   -35.55      0        -      0        -      0        -      1352        2   -30.73   -30.17
  23300.0   1617    89/100    3.53    3.36    ~0.05    ~0.25   1468   -28.49    149   -35.55      0        -      0        -      0        -      1412        2   -28.61   -29.14
  23400.0   1633    95/100    4.00    3.00    ~0.05    ~0.24   1491   -28.30    142   -34.41      0        -      0        -      0        -      1445        2   -29.50   -28.83
  23500.0   1670    91/100    3.93    2.69    ~0.05    ~0.25   1511   -29.01    158   -34.49      0        -      0        -      1   -35.00      1488        4   -32.86   -29.52
  23600.0   1688    91/100    3.71    2.66    ~0.06    ~0.25   1531   -30.48    157   -35.50      0        -      0        -      0        -      1519        4   -31.08   -30.95
  23700.0   1670    94/100    3.22    2.86    ~0.05    ~0.27   1520   -33.56    150   -38.11      0        -      0        -      0        -      1490        4   -30.36   -33.98
  23800.0   1613    98/100    2.77    2.73    ~0.05    ~0.28   1467   -38.46    146   -42.64      0        -      0        -      0        -      1410        4   -29.70   -38.86
  23900.0   1570   100/100    2.99    2.76    ~0.06    ~0.34   1426   -43.42    143   -48.37      0        -      0        -      1   -45.42      1362        3   -33.78   -43.89
  24000.0   1520   105/100    3.16    2.49    ~0.06    ~0.34   1378   -47.92    141   -52.20      0        -      0        -      1   -30.01      1333        3   -42.48   -48.32
  24100.0   1456   106/100    3.09    2.10    ~0.06    ~0.30   1318   -52.66    137   -54.58      0        -      0        -      1   -43.15      1272        3   -51.87   -52.84
  24200.0   1408   109/100    2.77    2.11    ~0.06    ~0.29   1277   -54.82    130   -54.37      0        -      0        -      1   -47.09      1190        2   -47.98   -54.78
  24300.0   1376   108/100    2.73    2.14    ~0.09    ~0.31   1246   -54.38    130   -52.58      0        -      0        -      0        -      1120        2   -51.72   -54.21
  24400.0   1346   111/100    2.75    2.32    ~0.10    ~0.38   1218   -52.48    128   -51.52      0        -      0        -      0        -      1049        2   -54.72   -52.39
  24500.0   1342   114/100    3.06    2.70    ~0.10    ~0.38   1213   -51.58    128   -51.76      0        -      0        -      1   -44.43      1042        1   -56.97   -51.59
  24600.0   1291   113/100    3.34    2.94    ~0.10    ~0.35   1167   -51.84    124   -52.42      0        -      0        -      0        -      1052        1   -57.34   -51.89
  24700.0   1221   106/100    3.42    3.33    ~0.10    ~0.35   1099   -51.77    122   -52.62      0        -      0        -      0        -      1027        1   -58.49   -51.85
  24800.0   1189   103/100    3.46    3.62     0.07     0.33   1047   -50.54    142   -53.35      0        -      0        -      0        -       988        0        -   -50.88
  24900.0   1157    99/100    3.40    3.59     0.07     0.36   1007   -47.81    150   -52.41      0        -      0        -      0        -       957        0        -   -48.41
  25000.0   1034    85/100    3.33    3.50     0.07     0.42    892   -43.13    142   -49.55      0        -      0        -      0        -       868        0        -   -44.01
  25100.0    969    89/100    3.16    3.50     0.09     0.52    848   -38.49    121   -46.04      0        -      0        -      0        -       750        0        -   -39.43
  25200.0    938    97/100    3.33    3.47     0.09     0.60    828   -32.85    110   -41.76      0        -      0        -      0        -       675        0        -   -33.90
  25300.0    937    99/100    3.47    3.49     0.09     0.57    840   -27.05     97   -35.22      0        -      0        -      0        -       671        0        -   -27.90
  25400.0    962    92/100    3.43    3.62     0.09     0.53    871   -22.08     91   -28.51      0        -      0        -      0        -       733        0        -   -22.69
  25500.0    980    87/100    3.69    3.42     0.07     0.47    894   -17.91     86   -22.81      0        -      0        -      0        -       791        0        -   -18.34
  25600.0   1059    91/100    3.79    3.24     0.07     0.41    976   -13.49     83   -17.55      0        -      0        -      0        -       886        0        -   -13.81
  25700.0   1121    93/100    3.68    3.27     0.07     0.38   1038    -9.52     83   -12.79      0        -      0        -      0        -       973        0        -    -9.76
  25800.0   1180    91/100    3.52    3.45     0.06     0.32   1092    -5.83     88    -8.02      0        -      0        -      0        -      1066        0        -    -5.99
  25900.0   1244    90/100    3.36    3.67    ~0.06    ~0.25   1147    -2.98     97    -4.29      0        -      0        -      0        -      1148        0        -    -3.08
  26000.0   1303    97/100    3.29    3.78    ~0.07    ~0.20   1199    -1.36    104    -2.35      0        -      0        -      0        -      1241        0        -    -1.44
  26100.0   1358    88/100    3.49    3.63    ~0.07    ~0.18   1239    -0.77    119    -1.56      0        -      0        -      0        -      1317        0        -    -0.84
  26200.0   1406    93/100    3.70    3.46    ~0.07    ~0.18   1277    -0.68    127    -0.86      0        -      0        -      2    -0.38      1370        0        -    -0.69
  26300.0   1447    87/100    3.65    3.57    ~0.08    ~0.18   1314    -0.62    132    -0.90      0        -      0        -      1    -0.47      1421        0        -    -0.65
  26400.0   1483    83/100    3.65    3.68    ~0.06    ~0.17   1343    -0.67    139    -0.87      0        -      0        -      1    -0.60      1458        0        -    -0.68
  26500.0   1516    83/100    3.74    3.65    ~0.06    ~0.18   1370    -0.74    145    -1.05      0        -      0        -      1    -0.74      1493        0        -    -0.77
  26600.0   1543    74/100    3.71    3.73    ~0.06    ~0.18   1392    -0.87    150    -1.35      0        -      0        -      1    -0.87      1519        0        -    -0.91
  26700.0   1569    74/100    3.65    3.82    ~0.05    ~0.18   1414    -1.11    154    -1.76      0        -      0        -      1    -1.28      1533        0        -    -1.17
  26800.0   1592    65/100    3.61    3.87    ~0.04    ~0.19   1434    -1.64    157    -2.65      0        -      0        -      1    -1.91      1557        0        -    -1.74
  26900.0   1616    67/100    3.57    3.85    ~0.04    ~0.22   1457    -3.06    158    -4.39      0        -      0        -      1    -3.69      1555        0        -    -3.19
  27000.0   1638    68/100    3.34    3.83    ~0.04    ~0.25   1476    -6.79    161    -8.56      0        -      0        -      1    -8.00      1542        0        -    -6.96
  27100.0   1660    79/100    2.85    3.94    ~0.05    ~0.29   1495   -13.65    164   -15.56      0        -      0        -      1   -16.92      1534        0        -   -13.84
  27200.0   1677    85/100    3.24    3.55    ~0.06    ~0.33   1510   -21.34    166   -23.76      0        -      0        -      1   -29.09      1536        0        -   -21.58
  27300.0   1685    85/100    3.25    3.28    ~0.06    ~0.31   1514   -26.83    170   -28.77      0        -      0        -      1   -31.29      1549        0        -   -27.03
  27400.0   1681    89/100    3.22    3.60    ~0.05    ~0.24   1508   -29.25    172   -30.39      0        -      0        -      1   -30.66      1560        0        -   -29.37
  27500.0   1689    83/100    3.19    3.74    ~0.04    ~0.21   1517   -29.69    171   -30.40      0        -      0        -      1   -30.34      1595        0        -   -29.76
  27600.0   1691    77/100    2.80    4.22    ~0.04    ~0.20   1519   -28.65    171   -29.06      0        -      0        -      1   -28.62      1606        0        -   -28.69
  27700.0   1691    73/100    2.41    4.22    ~0.05    ~0.20   1520   -26.23    170   -26.40      0        -      0        -      1   -25.01      1614        0        -   -26.25
  27800.0   1695    69/100    1.98    3.14    ~0.04    ~0.20   1524   -22.56    170   -22.50      0        -      0        -      1   -21.89      1607        0        -   -22.55
  27900.0   1697    63/100    2.05    3.20    ~0.04    ~0.21   1525   -16.20    171   -16.23      0        -      0        -      1   -16.84      1618        0        -   -16.21
  28000.0   1704    71/100    2.82    3.88    ~0.04    ~0.22   1532    -7.94    171    -7.71      0        -      0        -      1    -7.21      1627        0        -    -7.91
  28100.0   1713    70/100    3.41    3.45    ~0.05    ~0.21   1541    -2.81    171    -2.53      0        -      0        -      1    -4.96      1663        0        -    -2.78
  28200.0   1724    74/100    3.19    3.79    ~0.05    ~0.17   1551    -0.68    172    -0.54      0        -      0        -      1    -1.12      1690        0        -    -0.66
  28300.0   1732    83/100    2.95    3.88    ~0.07    ~0.17   1559    -0.40    172    -0.36      0        -      0        -      1    -0.50      1710        0        -    -0.40
  28400.0   1738    77/100    3.62    3.40    ~0.07    ~0.17   1565    -0.40    172    -0.38      0        -      0        -      1    -0.39      1716        0        -    -0.40
  28500.0   1747    72/100    3.57    3.56    ~0.07    ~0.17   1574    -0.43    172    -0.41      0        -      0        -      1    -0.40      1731        0        -    -0.43
  28600.0   1755    73/100    3.54    3.71    ~0.06    ~0.17   1582    -0.48    172    -0.44      0        -      0        -      1    -0.18      1738        0        -    -0.47
  28700.0   1763    67/100    3.70    3.62    ~0.06    ~0.17   1589    -0.54    173    -0.53      0        -      0        -      1    -0.51      1751        0        -    -0.54
  28800.0   1770    63/100    3.88    3.55    ~0.06    ~0.17   1595    -0.64    174    -0.64      0        -      0        -      1    -0.63      1755        0        -    -0.64
  28900.0   1778    60/100    3.96    3.56    ~0.05    ~0.18   1602    -0.85    175    -0.83      0        -      0        -      1    -0.88      1761        0        -    -0.85
  29000.0   1787    59/100    4.02    3.54    ~0.04    ~0.19   1611    -1.29    175    -1.27      0        -      0        -      1    -1.31      1765        0        -    -1.29
  29100.0   1795    54/100    4.15    3.36    ~0.04    ~0.20   1619    -2.51    175    -2.42      0        -      0        -      1    -2.52      1757        0        -    -2.50
  29200.0   1800    54/100    4.26    2.95    ~0.04    ~0.23   1624    -6.27    175    -6.11      0        -      0        -      1    -6.39      1736        0        -    -6.25
  29300.0   1805    74/100    4.00    2.48    ~0.05    ~0.28   1630   -13.94    174   -14.53      0        -      0        -      1   -14.25      1700        0        -   -14.00
  29400.0   1808    84/100    3.66    2.75    ~0.06    ~0.36   1632   -22.62    175   -23.48      0        -      0        -      1   -24.25      1661        0        -   -22.71
  29500.0   1817    85/100    3.50    3.04    ~0.06    ~0.35   1641   -29.46    175   -30.66      0        -      0        -      1   -30.18      1681        0        -   -29.58
  29600.0   1822    81/100    3.78    2.93    ~0.06    ~0.29   1646   -33.92    175   -35.20      0        -      0        -      1   -28.86      1672        0        -   -34.04
  29700.0   1825    83/100    3.51    3.31    ~0.05    ~0.23   1649   -37.31    175   -38.43      0        -      0        -      1   -35.17      1701        0        -   -37.41
  29800.0   1831    86/100    2.97    3.30    ~0.05    ~0.22   1655   -40.44    175   -41.46      0        -      0        -      1   -39.85      1731        0        -   -40.54
  29900.0   1832    81/100    2.69    2.96    ~0.05    ~0.22   1652   -43.35    179   -44.21      0        -      0        -      1   -43.21      1739        0        -   -43.43
  30000.0   1831    88/100    2.61    2.89    ~0.05    ~0.23   1651   -46.00    179   -46.66      0        -      0        -      1   -46.51      1728        0        -   -46.06

300 of 300 samples printed
