arm r37-s3 | run 2026-09-12-072956-96d4bce6 | tank r=5.64 m (100 m2), 60 m deep, 4 ring(s)
columns of 1 m: 100 | lineage.jsonl: 19266 births, 82 clades

        t      n      cols    x sd    z sd     nn h    nn 3d   leaf   leaf y   stom   stom y   mixo   mixo y    jnt    jnt y  plain  plain y  clade 1m  jointed  joint y  rigid y
    100.0     44    36/100    3.02    2.89     0.57     2.30     35   -10.18      7   -12.27      0        -      2   -16.95      0        -         0       35   -10.52   -12.00
    200.0     63    42/100    3.41    3.14     0.55     1.71     59    -6.19      3    -9.41      0        -      1    -3.71      0        -         2       49    -5.78    -8.15
    300.0     82    55/100    3.29    3.28     0.53     1.24     78    -4.61      3    -6.40      0        -      1    -1.45      0        -         4       62    -4.55    -4.90
    400.0     95    48/100    3.39    3.42     0.30     0.98     91    -3.49      3    -3.60      0        -      1    -0.73      0        -        13       71    -3.51    -3.36
    500.0    106    52/100    3.52    3.42     0.28     0.87    100    -2.82      5    -3.91      0        -      1    -0.03      0        -        22       79    -2.98    -2.46
    600.0    122    58/100    3.48    3.44     0.32     0.82    113    -2.57      8    -3.79      0        -      1    -1.22      0        -        30       87    -2.73    -2.40
    700.0    139    57/100    3.50    3.36     0.26     0.80    125    -2.70     13    -4.56      0        -      1    -1.07      0        -        27       93    -2.75    -3.09
    800.0    153    53/100    3.42    3.59     0.21     0.83    129    -3.00     23    -5.33      0        -      1    -1.42      0        -        40       95    -3.04    -3.83
    900.0    176    62/100    3.53    3.54     0.23     0.78    136    -3.77     39    -6.57      0        -      1    -1.94      0        -        40      100    -3.84    -5.08
   1000.0    202    62/100    3.47    3.62     0.20     0.89    142    -5.59     59   -10.11      0        -      1    -3.81      0        -        36      105    -5.90    -8.00
   1100.0    237    66/100    3.60    3.37     0.18     1.01    149    -8.69     87   -16.11      0        -      1    -7.48      0        -        43      108    -9.34   -13.14
   1200.0    263    68/100    3.55    3.40     0.17     1.01    155   -13.09    107   -22.71      0        -      1   -14.80      0        -        65      109   -13.98   -19.16
   1300.0    282    80/100    3.13    3.58     0.19     1.07    149   -17.06    131   -26.93      0        -      1   -25.46      1    -9.87        58      103   -17.47   -24.05
   1400.0    314    88/100    3.05    3.67     0.18     1.00    149   -21.55    163   -28.39      0        -      1   -27.12      1   -20.21        94      103   -22.08   -26.59
   1500.0    327    90/100    3.13    3.40     0.19     0.76    159   -24.35    166   -29.03      0        -      1   -28.11      1   -28.04       124       99   -24.89   -27.56
   1600.0    342    93/100    3.06    3.62     0.18     0.80    171   -25.51    169   -28.77      0        -      1   -28.36      1   -29.09       123      107   -26.38   -27.49
   1700.0    357    93/100    3.29    3.36     0.19     0.66    196   -25.94    159   -27.63      0        -      1   -27.81      1   -27.85       162      119   -26.87   -26.62
   1800.0    363    90/100    3.28    3.36     0.17     0.59    203   -24.87    160   -25.42      0        -      0        -      0        -       172      109   -25.31   -25.03
   1900.0    388    92/100    3.52    3.16     0.17     0.62    221   -22.73    167   -22.41      0        -      0        -      0        -       173      122   -23.74   -22.07
   2000.0    403    83/100    3.66    3.13     0.13     0.62    232   -18.65    171   -17.04      0        -      0        -      0        -       198      137   -19.87   -16.99
   2100.0    409    67/100    3.61    3.00     0.14     0.59    233   -12.99    176   -10.50      0        -      0        -      0        -       212      138   -14.53   -10.59
   2200.0    406    64/100    3.24    3.37     0.12     0.54    228    -6.97    178    -4.60      0        -      0        -      0        -       236      133    -8.19    -4.83
   2300.0    406    67/100    3.24    3.56     0.15     0.49    228    -2.61    178    -1.75      0        -      0        -      0        -       278      133    -3.26    -1.73
   2400.0    408    74/100    3.54    3.34     0.17     0.44    228    -1.11    180    -1.15      0        -      0        -      0        -       307      133    -1.33    -1.03
   2500.0    409    77/100    3.73    3.16     0.17     0.43    228    -0.86    181    -1.04      0        -      0        -      0        -       323      133    -0.99    -0.91
   2600.0    409    79/100    3.57    3.42     0.16     0.43    228    -0.94    181    -0.85      0        -      0        -      0        -       310      133    -1.10    -0.80
   2700.0    409    79/100    3.49    3.61     0.17     0.45    227    -0.98    182    -0.91      0        -      0        -      0        -       311      133    -1.12    -0.87
   2800.0    409    75/100    3.46    3.71     0.17     0.44    227    -1.05    182    -0.86      0        -      0        -      0        -       307      133    -1.17    -0.87
   2900.0    409    74/100    3.59    3.68     0.15     0.44    227    -1.26    182    -1.00      0        -      0        -      0        -       318      133    -1.34    -1.06
   3000.0    408    66/100    3.68    3.64     0.14     0.45    226    -1.58    182    -1.21      0        -      0        -      0        -       314      133    -1.67    -1.29
   3100.0    408    65/100    3.48    3.84     0.13     0.48    226    -2.19    182    -1.70      0        -      0        -      0        -       290      133    -2.34    -1.79
   3200.0    408    59/100    3.33    3.94     0.11     0.52    226    -3.44    182    -2.97      0        -      0        -      0        -       281      133    -3.65    -3.03
   3300.0    407    58/100    3.33    3.77     0.10     0.60    225    -6.25    182    -6.19      0        -      0        -      0        -       212      132    -6.50    -6.09
   3400.0    405    64/100    3.11    3.68     0.12     0.67    224   -11.66    181   -13.65      0        -      0        -      0        -       171      131   -11.66   -12.98
   3500.0    402    73/100    3.00    3.53     0.15     0.73    221   -18.93    181   -23.53      0        -      0        -      0        -       149      128   -18.53   -22.16
   3600.0    400    77/100    3.05    3.47     0.16     0.75    219   -25.73    181   -29.69      0        -      0        -      0        -       151      127   -24.63   -28.87
   3700.0    424    80/100    2.98    3.60     0.14     0.65    222   -30.76    202   -33.71      0        -      0        -      0        -       195      127   -29.42   -33.34
   3800.0    462    94/100    3.20    3.35     0.14     0.63    228   -33.68    234   -36.07      0        -      0        -      0        -       235      123   -32.61   -35.71
   3900.0    487    99/100    3.26    3.39     0.13     0.61    233   -35.63    254   -37.59      0        -      0        -      0        -       268      119   -34.70   -37.28
   4000.0    510   100/100    3.13    3.44     0.12     0.62    242   -37.27    268   -39.04      0        -      0        -      0        -       290      115   -36.37   -38.73
   4100.0    533   108/100    3.26    3.11     0.13     0.62    249   -38.89    283   -40.78      0        -      0        -      1   -37.89       294      107   -37.72   -40.44
   4200.0    510    93/100    3.42    3.10     0.12     0.64    233   -40.27    276   -42.27      0        -      0        -      1   -36.50       262       97   -38.74   -41.95
   4300.0    511   100/100    3.33    3.08     0.14     0.69    216   -41.43    295   -44.24      0        -      0        -      0        -       269       99   -39.96   -43.80
   4400.0    511   100/100    3.16    3.08     0.16     0.72    200   -42.50    311   -45.87      0        -      0        -      0        -       257      104   -40.71   -45.53
   4500.0    498    96/100    3.24    2.93     0.14     0.76    168   -42.71    330   -47.46      0        -      0        -      0        -       240       91   -41.06   -46.93
   4600.0    479   100/100    3.34    2.90     0.16     0.86    145   -41.59    333   -48.29      0        -      0        -      1   -42.07       214       94   -40.76   -47.59
   4700.0    459    99/100    3.48    2.77     0.15     0.84    133   -39.57    326   -48.65      0        -      0        -      0        -       241       98   -40.29   -47.58
   4800.0    410    95/100    3.59    2.88     0.14     0.92    114   -34.85    296   -48.05      0        -      0        -      0        -       198       84   -37.59   -46.13
   4900.0    391    91/100    3.74    2.83     0.15     0.89    105   -30.51    286   -47.09      0        -      0        -      0        -       181       73   -32.57   -44.95
   5000.0    376    87/100    3.66    3.08     0.12     0.84     87   -23.31    289   -45.97      0        -      0        -      0        -       203       67   -28.07   -43.48
   5100.0    366    84/100    3.55    3.40     0.14     0.90     82   -18.55    284   -43.84      0        -      0        -      0        -       205       62   -23.39   -41.19
   5200.0    348    75/100    3.62    3.58     0.12     0.85     61    -8.60    287   -40.98      0        -      0        -      0        -       182       48   -14.62   -38.61
   5300.0    349    73/100    3.73    3.52     0.12     0.91     61    -8.68    288   -37.53      0        -      0        -      0        -       168       46   -13.58   -35.36
   5400.0    364    75/100    3.62    3.45     0.13     0.89     66   -10.56    297   -33.75      0        -      1   -19.62      0        -       190       53   -13.96   -32.15
   5500.0    378    84/100    3.49    3.15     0.14     0.84     85   -13.12    293   -30.78      0        -      0        -      0        -       195       52   -14.49   -28.78
   5600.0    386    82/100    3.61    3.10     0.16     0.78    108   -15.09    278   -29.94      0        -      0        -      0        -       205       56   -15.62   -27.51
   5700.0    389    84/100    3.82    2.98     0.15     0.79    128   -18.62    261   -30.12      0        -      0        -      0        -       205       62   -19.36   -27.66
   5800.0    431    97/100    3.76    3.02     0.16     0.84    168   -21.02    262   -30.99      0        -      0        -      1   -21.33       197       71   -21.81   -28.12
   5900.0    455    98/100    3.66    3.21     0.14     0.77    197   -23.90    258   -32.37      0        -      0        -      0        -       216       85   -24.29   -29.72
   6000.0    500   100/100    3.40    3.26     0.13     0.75    247   -26.66    253   -35.11      0        -      0        -      0        -       275      116   -26.75   -32.20
   6100.0    485   103/100    3.12    3.39     0.16     0.80    241   -28.44    243   -38.79      1   -29.61      0        -      0        -       253      157   -29.02   -35.84
   6200.0    432    89/100    3.06    3.60     0.13     0.82    187   -29.17    244   -42.84      1   -30.60      0        -      0        -       224      139   -29.94   -40.20
   6300.0    364    85/100    2.92    3.60     0.15     0.82    120   -27.66    243   -46.26      1   -39.05      0        -      0        -       190      101   -29.21   -44.29
   6400.0    349    89/100    2.61    3.85     0.12     0.78    111   -27.03    237   -48.76      1   -22.09      0        -      0        -       212       96   -29.85   -46.30
   6500.0    351    84/100    2.35    3.71     0.19     0.72    111   -24.87    239   -50.10      1   -21.00      0        -      0        -       202       82   -29.31   -45.92
   6600.0    336    87/100    2.57    3.37     0.21     0.76     97   -20.98    238   -50.78      1   -19.35      0        -      0        -       185       63   -27.78   -45.38
   6700.0    325    91/100    2.74    3.38     0.22     0.88     93   -17.91    231   -50.53      1   -19.12      0        -      0        -       161       58   -25.00   -44.59
   6800.0    315    88/100    2.62    3.75     0.22     0.94     85   -13.15    228   -50.32      2   -16.66      0        -      0        -       161       51   -20.70   -43.82
   6900.0    300    84/100    2.89    3.69     0.20     0.92     88    -9.02    208   -49.61      3   -12.91      0        -      1   -17.62       127       49   -14.04   -41.76
   7000.0    292    83/100    3.28    3.46     0.24     0.84     97    -6.08    188   -48.57      6   -11.71      0        -      1   -10.90       145       52   -10.09   -38.66
   7100.0    286    80/100    3.35    3.62     0.20     0.85    108    -4.24    171   -46.08      6    -9.57      0        -      1    -7.39       135       56    -7.10   -34.80
   7200.0    288    70/100    3.56    3.66     0.19     0.77    119    -3.24    162   -42.40      6    -6.85      0        -      1    -5.41       132       59    -4.92   -30.62
   7300.0    297    68/100    3.51    3.80     0.15     0.77    132    -3.03    157   -36.82      7    -6.48      0        -      1    -4.03       140       64    -3.92   -25.66
   7400.0    302    65/100    3.53    3.76     0.16     0.80    138    -3.07    155   -29.96      8    -6.78      0        -      1    -3.75       144       67    -3.96   -20.68
   7500.0    318    69/100    3.41    3.81     0.17     0.77    146    -3.40    162   -24.28      9    -7.72      0        -      1    -4.39       148       72    -4.43   -17.01
   7600.0    338    74/100    3.37    3.81     0.15     0.77    158    -4.22    168   -21.00     11    -9.34      0        -      1    -5.84       159       78    -5.28   -14.97
   7700.0    362    77/100    3.22    3.92     0.14     0.76    175    -5.69    175   -18.95     11   -11.00      0        -      1    -8.24       166       93    -7.26   -14.00
   7800.0    372    72/100    3.11    4.07     0.14     0.74    178    -7.26    181   -18.71     12   -13.15      0        -      1   -11.18       167       93    -8.81   -14.44
   7900.0    389    76/100    3.22    3.92     0.12     0.76    196    -9.52    180   -18.35     12   -15.26      0        -      1   -14.35       194      101   -10.99   -14.79
   8000.0    399    77/100    3.52    3.59     0.12     0.73    214   -11.32    173   -18.73     11   -16.27      0        -      1   -17.32       205      117   -12.81   -15.47
   8100.0    407    78/100    3.56    3.53     0.13     0.73    216   -12.43    180   -19.20     10   -17.15      0        -      1   -19.31       211      117   -13.71   -16.30
   8200.0    411    81/100    3.63    3.42     0.14     0.69    219   -13.24    182   -19.27      8   -17.22      0        -      2   -20.34       224      115   -14.34   -16.67
   8300.0    428    88/100    3.59    3.37     0.14     0.75    255   -13.89    166   -18.53      6   -16.03      0        -      1   -20.65       215      123   -14.59   -16.20
   8400.0    444    85/100    3.73    3.29     0.13     0.70    278   -13.74    158   -17.57      7   -16.55      0        -      1   -20.41       238      140   -14.47   -15.48
   8500.0    441    65/100    3.81    3.26     0.12     0.69    284   -12.71    150   -16.72      7   -16.07      0        -      0        -       230      142   -13.51   -14.42
   8600.0    432    67/100    3.84    3.11     0.13     0.66    282   -11.13    143   -15.99      7   -14.82      0        -      0        -       235      141   -11.95   -13.21
   8700.0    426    67/100    3.90    3.02     0.13     0.70    278    -9.27    142   -15.63      6   -12.53      0        -      0        -       206      138   -10.06   -12.10
   8800.0    439    70/100    3.76    3.13     0.13     0.73    280    -7.42    153   -14.31      6   -10.91      0        -      0        -       214      138    -8.23   -10.62
   8900.0    453    80/100    3.87    3.13     0.13     0.66    281    -5.88    165   -12.62      7    -9.65      0        -      0        -       252      136    -6.44    -9.23
   9000.0    480    78/100    3.80    3.32     0.13     0.63    283    -4.93    190   -10.70      7    -8.85      0        -      0        -       290      138    -5.36    -8.04
   9100.0    502    72/100    3.85    3.42     0.12     0.55    288    -4.35    206    -9.42      8    -8.76      0        -      0        -       324      138    -4.81    -7.15
   9200.0    529    78/100    4.06    3.18     0.11     0.56    290    -4.28    229    -8.58     10    -9.56      0        -      0        -       344      139    -4.79    -6.76
   9300.0    560    81/100    4.05    3.21     0.12     0.55    289    -4.71    260    -8.28     11   -10.75      0        -      0        -       352      139    -5.33    -6.87
   9400.0    589    78/100    4.12    3.16     0.10     0.57    291    -5.58    287    -8.53     11   -12.43      0        -      0        -       372      135    -6.16    -7.44
   9500.0    623    83/100    4.12    3.10     0.10     0.59    291    -7.15    320    -9.98     12   -15.94      0        -      0        -       380      136    -8.07    -8.97
   9600.0    663    83/100    4.01    3.15     0.10     0.61    298    -9.70    353   -11.90     12   -18.35      0        -      0        -       385      134   -10.59   -11.14
   9700.0    692    86/100    3.90    3.16     0.10     0.61    303   -12.71    380   -13.68      9   -19.49      0        -      0        -       391      137   -13.87   -13.19
   9800.0    728    87/100    3.72    3.34     0.10     0.55    324   -15.50    395   -15.78      9   -21.14      0        -      0        -       456      143   -16.18   -15.62
   9900.0    758   102/100    3.57    3.47     0.11     0.52    355   -17.49    395   -17.45      8   -21.43      0        -      0        -       500      144   -17.78   -17.45
  10000.0    793    96/100    3.35    3.49     0.09     0.47    381   -18.47    404   -18.17      8   -21.23      0        -      0        -       580      143   -18.56   -18.29
  10100.0    814    93/100    3.35    3.41     0.09     0.44    405   -18.39    401   -17.53      8   -20.20      0        -      0        -       621      141   -18.24   -17.93
  10200.0    835    80/100    3.45    3.36     0.09     0.42    426   -17.18    402   -15.75      7   -18.37      0        -      0        -       649      142   -17.15   -16.37
  10300.0    850    76/100    3.38    3.32     0.09     0.39    433   -14.52    410   -12.93      7   -15.51      0        -      0        -       688      142   -14.99   -13.51
  10400.0    840    72/100    3.47    3.16     0.09     0.39    425   -10.87    408    -9.17      7   -11.86      0        -      0        -       673      135   -11.22    -9.83
  10500.0    833    65/100    3.52    3.30     0.09     0.39    418    -6.84    408    -5.12      7    -7.46      0        -      0        -       714      130    -7.41    -5.74
  10600.0    831    68/100    3.51    3.46     0.08     0.37    416    -3.45    408    -2.07      7    -4.42      0        -      0        -       750      128    -4.08    -2.54
  10700.0    845    80/100    3.57    3.46     0.10     0.32    428    -1.49    410    -0.81      7    -2.46      0        -      0        -       792      127    -1.94    -1.03
  10800.0    879    91/100    3.60    3.40     0.11     0.30    453    -0.91    419    -0.60      7    -1.56      0        -      0        -       839      127    -1.26    -0.68
  10900.0    912   101/100    3.48    3.51     0.13     0.30    473    -0.85    433    -0.48      6    -1.26      0        -      0        -       867      127    -1.09    -0.61
  11000.0    940    99/100    3.38    3.70     0.12     0.30    494    -0.92    440    -0.54      6    -1.21      0        -      0        -       903      125    -1.14    -0.68
  11100.0    973    95/100    3.36    3.81     0.10     0.30    517    -1.00    450    -0.61      6    -1.26      0        -      0        -       921      124    -1.25    -0.76
  11200.0   1001    93/100    3.49    3.74     0.10     0.30    543    -1.12    452    -0.67      6    -1.49      0        -      0        -       945      124    -1.31    -0.86
  11300.0   1023    83/100    3.55    3.75     0.09     0.29    563    -1.30    454    -0.85      6    -1.82      0        -      0        -       966      123    -1.54    -1.05
  11400.0   1047    82/100    3.46    3.89     0.08     0.30    581    -1.71    460    -1.19      6    -2.63      0        -      0        -       992      123    -1.99    -1.42
  11500.0   1066    78/100    3.33    4.04     0.07     0.32    597    -2.50    463    -1.88      6    -3.93      0        -      0        -       992      122    -3.02    -2.13
  11600.0   1087    71/100    3.06    4.24     0.06     0.35    615    -4.40    466    -3.70      6    -6.83      0        -      0        -       958      122    -5.13    -3.98
  11700.0   1106    70/100    2.74    4.26     0.07     0.38    634    -8.63    466    -8.61      6   -11.07      0        -      0        -       883      120    -9.41    -8.54
  11800.0   1127    81/100    3.09    3.77     0.08     0.43    654   -15.59    467   -17.28      6   -19.83      0        -      0        -       824      119   -15.57   -16.40
  11900.0   1146    87/100    3.49    3.02     0.10     0.47    673   -22.84    467   -25.39      6   -26.33      0        -      0        -       827      117   -21.84   -24.13
  12000.0   1167    89/100    3.64    2.93     0.09     0.45    694   -27.62    468   -29.91      5   -28.30      0        -      0        -       895      117   -25.95   -28.83
  12100.0   1186    94/100    3.80    2.99     0.08     0.37    713   -30.01    468   -31.98      5   -31.21      0        -      0        -       975      116   -28.62   -31.03
  12200.0   1209    95/100    3.69    3.35    ~0.07    ~0.32    739   -30.93    465   -32.42      5   -31.83      0        -      0        -      1053      112   -29.86   -31.68
  12300.0   1233   104/100    3.49    3.48    ~0.07    ~0.31    755   -30.71    473   -31.78      5   -31.44      0        -      0        -      1089      108   -29.82   -31.25
  12400.0   1251    93/100    3.22    3.51    ~0.07    ~0.30    769   -29.48    477   -30.15      5   -30.71      0        -      0        -      1105      104   -28.91   -29.81
  12500.0   1268    86/100    2.59    3.65    ~0.06    ~0.32    787   -27.25    476   -27.27      5   -29.81      0        -      0        -      1112       99   -27.22   -27.27
  12600.0   1276    76/100    2.37    3.37    ~0.06    ~0.33    792   -23.53    479   -23.37      5   -26.45      0        -      0        -      1106       93   -23.54   -23.47
  12700.0   1281    75/100    2.93    3.52    ~0.05    ~0.35    797   -17.19    479   -15.73      5   -20.18      0        -      0        -      1108       90   -17.28   -16.61
  12800.0   1272    76/100    3.46    3.31    ~0.06    ~0.34    794    -8.96    473    -6.92      5   -11.87      0        -      0        -      1114       86    -9.83    -8.10
  12900.0   1274    80/100    3.23    3.34    ~0.06    ~0.30    796    -3.17    473    -1.96      5    -4.71      0        -      0        -      1181       81    -3.98    -2.64
  13000.0   1287    87/100    3.15    3.44    ~0.09    ~0.25    811    -1.00    471    -0.52      5    -2.06      0        -      0        -      1233       79    -1.28    -0.80
  13100.0   1304   101/100    3.59    3.09    ~0.10    ~0.26    827    -0.73    472    -0.45      5    -1.32      0        -      0        -      1258       78    -1.00    -0.61
  13200.0   1317    95/100    3.49    3.45    ~0.10    ~0.26    841    -0.78    471    -0.50      5    -1.26      0        -      0        -      1275       77    -1.16    -0.65
  13300.0   1333    90/100    3.59    3.42    ~0.09    ~0.26    854    -0.81    474    -0.63      5    -1.42      0        -      0        -      1284       78    -1.78    -0.68
  13400.0   1346    86/100    3.59    3.53    ~0.09    ~0.26    866    -0.87    475    -0.68      5    -1.79      0        -      0        -      1310       77    -1.87    -0.74
  13500.0   1362    83/100    3.68    3.56    ~0.08    ~0.25    882    -1.04    475    -0.82      5    -2.39      0        -      0        -      1327       76    -2.09    -0.90
  13600.0   1373    74/100    3.79    3.57    ~0.07    ~0.26    893    -1.32    475    -1.04      5    -2.79      0        -      0        -      1338       74    -2.52    -1.16
  13700.0   1386    74/100    3.89    3.59    ~0.06    ~0.27    906    -1.83    475    -1.49      5    -4.01      0        -      0        -      1334       72    -3.30    -1.63
  13800.0   1397    68/100    3.99    3.54    ~0.06    ~0.29    917    -3.07    476    -2.52      4    -6.73      0        -      0        -      1309       70    -4.53    -2.81
  13900.0   1407    70/100    4.21    3.22    ~0.05    ~0.33    932    -6.35    472    -5.85      3   -13.46      0        -      0        -      1269       69    -8.10    -6.10
  14000.0   1414    80/100    4.06    2.91    ~0.06    ~0.39    943   -12.85    469   -13.50      2   -21.86      0        -      0        -      1171       63   -13.53   -13.06
  14100.0   1429    91/100    3.60    3.36    ~0.07    ~0.44    959   -21.14    468   -22.81      2   -28.63      0        -      0        -      1115       61   -21.08   -21.73
  14200.0   1445    96/100    3.70    3.21    ~0.07    ~0.43    978   -28.35    465   -31.24      2   -32.95      0        -      0        -      1112       61   -27.26   -29.37
  14300.0   1453    98/100    3.49    3.04    ~0.07    ~0.38    984   -33.30    467   -36.69      2   -37.69      0        -      0        -      1168       58   -31.33   -34.52
  14400.0   1463    97/100    3.27    3.21    ~0.07    ~0.34    997   -37.01    464   -40.39      2   -40.75      0        -      0        -      1233       53   -34.96   -38.20
  14500.0   1471    94/100    2.95    3.29    ~0.07    ~0.31   1006   -40.24    464   -43.15      1   -38.23      0        -      0        -      1269       51   -38.18   -41.26
  14600.0   1468    96/100    2.66    3.28    ~0.07    ~0.33   1006   -43.03    461   -45.72      1   -39.68      0        -      0        -      1266       48   -40.15   -44.00
  14700.0   1454    95/100    2.72    3.27    ~0.07    ~0.33    996   -45.82    457   -48.99      1   -44.73      0        -      0        -      1248       46   -42.99   -46.94
  14800.0   1430    98/100    2.91    3.17    ~0.07    ~0.35    981   -48.74    448   -52.45      1   -45.89      0        -      0        -      1195       44   -45.26   -50.05
  14900.0   1419   102/100    3.02    3.09    ~0.07    ~0.34    967   -51.13    452   -55.10      0        -      0        -      0        -      1141       42   -47.54   -52.54
  15000.0   1405   104/100    3.18    3.11    ~0.08    ~0.33    949   -52.86    456   -56.82      0        -      0        -      0        -      1179       39   -49.62   -54.27
  15100.0   1390   108/100    3.33    3.08    ~0.08    ~0.32    933   -54.01    457   -57.82      0        -      0        -      0        -      1154       38   -50.43   -55.40
  15200.0   1373   110/100    3.58    2.92    ~0.09    ~0.30    917   -54.71    455   -58.29      0        -      0        -      1   -53.54      1175       37   -50.75   -56.04
  15300.0   1354   111/100    3.67    2.83    ~0.10    ~0.31    901   -55.08    453   -58.43      0        -      0        -      0        -      1174       33   -50.14   -56.35
  15400.0   1335   113/100    3.70    3.03    ~0.09    ~0.29    870   -55.05    464   -58.51      0        -      0        -      1   -59.53      1180       31   -49.53   -56.42
  15500.0   1304   109/100    3.75    3.26    ~0.08    ~0.28    861   -54.71    442   -58.42      0        -      0        -      1   -59.06      1145       31   -49.38   -56.13
  15600.0   1267   104/100    3.80    3.41    ~0.08    ~0.29    831   -54.08    436   -58.06      0        -      0        -      0        -      1130       30   -48.69   -55.61
  15700.0   1221    98/100    3.89    3.39    ~0.07    ~0.30    815   -52.94    406   -57.25      0        -      0        -      0        -      1074       30   -48.00   -54.53
  15800.0   1182    99/100    3.97    3.27     0.06     0.31    804   -51.24    377   -55.50      0        -      1   -57.30      0        -      1012       28   -46.09   -52.76
  15900.0   1149    96/100    3.84    3.17     0.06     0.36    789   -48.45    360   -52.35      0        -      0        -      0        -       942       23   -41.67   -49.83
  16000.0   1117   101/100    3.55    3.18     0.08     0.43    775   -44.76    342   -48.23      0        -      0        -      0        -       853       18   -38.34   -45.94
  16100.0   1123   101/100    3.30    3.38     0.09     0.53    798   -41.57    324   -44.29      0        -      0        -      1   -59.51       793       16   -34.74   -42.48
  16200.0   1121   106/100    3.36    3.44     0.09     0.57    801   -38.20    320   -41.68      0        -      0        -      0        -       793       20   -37.23   -39.23
  16300.0   1145   106/100    3.14    3.64     0.09     0.53    845   -36.32    300   -38.91      0        -      0        -      0        -       819       21   -39.44   -36.95
  16400.0   1159   104/100    3.13    3.50     0.08     0.45    862   -35.01    297   -38.01      0        -      0        -      0        -       868       26   -38.16   -35.73
  16500.0   1209   106/100    3.20    3.30    ~0.09    ~0.39    908   -35.18    301   -38.05      0        -      0        -      0        -      1002       19   -34.73   -35.91
  16600.0   1308   111/100    3.34    2.94    ~0.07    ~0.36   1011   -36.49    297   -39.34      0        -      0        -      0        -      1101       28   -33.83   -37.21
  16700.0   1295   107/100    3.17    2.94    ~0.07    ~0.37    991   -39.13    304   -42.86      0        -      0        -      0        -      1067       34   -34.05   -40.16
  16800.0   1199   102/100    2.94    3.30     0.06     0.39    899   -43.22    300   -48.97      0        -      0        -      0        -       936       26   -35.28   -44.87
  16900.0   1062   104/100    2.79    3.25     0.07     0.41    768   -46.88    294   -54.64      0        -      0        -      0        -       849       16   -37.63   -49.21
  17000.0   1000   107/100    3.09    3.19     0.09     0.40    721   -47.24    279   -57.33      0        -      0        -      0        -       777       38   -37.20   -50.56
  17100.0   1011   112/100    2.90    3.20     0.11     0.42    751   -46.63    260   -58.16      0        -      0        -      0        -       795       58   -36.12   -50.41
  17200.0    824   102/100    2.73    3.15     0.13     0.40    576   -48.13    248   -55.94      0        -      0        -      0        -       631       45   -37.70   -51.22
  17300.0    639    98/100    2.56    3.25     0.14     0.45    398   -48.15    241   -54.54      0        -      0        -      0        -       478       17   -31.46   -51.08
  17400.0    577   102/100    2.45    3.19     0.16     0.47    342   -43.28    235   -56.29      0        -      0        -      0        -       425       20   -19.63   -49.62
  17500.0    550   104/100    2.73    3.10     0.16     0.50    322   -37.63    228   -56.63      0        -      0        -      0        -       380       32    -8.95   -47.76
  17600.0    529   105/100    2.99    3.16     0.17     0.54    310   -32.31    218   -56.58      0        -      1    -6.67      0        -       370       52    -6.83   -46.13
  17700.0    514    98/100    3.24    3.42     0.15     0.56    306   -28.13    207   -56.44      0        -      1    -6.39      0        -       354       73    -6.50   -44.95
  17800.0    508    82/100    3.32    3.68     0.12     0.61    315   -24.69    192   -55.82      0        -      1    -6.33      0        -       353       95    -6.26   -43.36
  17900.0    495    81/100    3.50    3.67     0.12     0.61    315   -20.82    179   -54.16      0        -      1    -6.93      0        -       336      112    -6.18   -40.65
  18000.0    503    83/100    3.46    3.69     0.11     0.69    330   -17.62    172   -50.90      0        -      1    -7.82      0        -       323      139    -7.39   -37.22
  18100.0    504    81/100    3.35    3.73     0.13     0.71    342   -16.22    161   -45.75      0        -      1    -9.38      0        -       318      155    -8.89   -33.08
  18200.0    519    96/100    3.21    3.75     0.13     0.70    362   -15.55    156   -40.00      0        -      1   -10.30      0        -       340      174   -10.70   -29.04
  18300.0    541    90/100    3.38    3.64     0.13     0.71    394   -14.95    146   -33.80      0        -      1   -11.43      0        -       354      204   -12.61   -24.52
  18400.0    552    88/100    3.35    3.68     0.13     0.67    410   -14.63    141   -29.61      0        -      1   -12.03      0        -       389      224   -13.88   -21.57
  18500.0    553    79/100    3.24    3.75     0.12     0.62    410   -14.53    143   -25.88      0        -      0        -      0        -       418      225   -14.59   -19.43
  18600.0    561    79/100    3.26    3.51     0.13     0.60    414   -14.20    147   -22.98      0        -      0        -      0        -       434      226   -14.64   -17.75
  18700.0    586    83/100    3.31    3.39     0.11     0.53    433   -13.54    153   -20.76      0        -      0        -      0        -       466      241   -14.14   -16.33
  18800.0    602    78/100    3.24    3.43     0.11     0.50    438   -12.29    164   -17.98      0        -      0        -      0        -       477      246   -13.01   -14.42
  18900.0    608    75/100    3.28    3.54     0.11     0.47    436   -10.37    172   -15.43      0        -      0        -      0        -       506      246   -11.10   -12.28
  19000.0    630    78/100    3.34    3.49     0.11     0.47    441    -8.04    189   -12.87      0        -      0        -      0        -       506      247    -8.86    -9.89
  19100.0    653    81/100    3.59    3.43     0.10     0.47    449    -5.69    204   -10.39      0        -      0        -      0        -       558      248    -6.44    -7.60
  19200.0    674    79/100    3.66    3.50     0.11     0.45    456    -3.68    218    -7.96      0        -      0        -      0        -       576      250    -4.47    -5.41
  19300.0    694    78/100    3.68    3.61     0.11     0.42    468    -2.34    226    -6.27      0        -      0        -      0        -       604      251    -3.10    -3.91
  19400.0    713    81/100    3.51    3.78     0.11     0.37    480    -1.62    233    -5.37      0        -      0        -      0        -       647      252    -2.36    -3.11
  19500.0    732    83/100    3.54    3.72     0.12     0.37    494    -1.37    238    -5.23      0        -      0        -      0        -       676      254    -2.36    -2.76
  19600.0    753    88/100    3.60    3.67     0.11     0.35    510    -1.33    243    -5.90      0        -      0        -      0        -       708      255    -2.62    -2.89
  19700.0    772    89/100    3.68    3.61     0.11     0.35    527    -1.43    245    -6.66      0        -      0        -      0        -       713      255    -2.92    -3.18
  19800.0    792    80/100    3.80    3.52     0.10     0.35    544    -1.75    248    -7.57      0        -      0        -      0        -       735      255    -3.40    -3.65
  19900.0    807    79/100    3.87    3.49     0.09     0.37    560    -2.22    247    -8.54      0        -      0        -      0        -       733      255    -4.27    -4.10
  20000.0    824    72/100    3.95    3.31     0.08     0.40    575    -3.46    249   -10.32      0        -      0        -      0        -       727      255    -5.89    -5.38
  20100.0    843    72/100    4.09    3.06     0.08     0.42    592    -5.80    251   -13.32      0        -      0        -      0        -       733      255    -8.58    -7.81
  20200.0    864    81/100    4.03    2.92     0.09     0.51    608    -9.59    256   -17.76      0        -      0        -      0        -       690      255   -12.39   -11.85
  20300.0    886    89/100    3.82    3.04     0.10     0.56    627   -14.19    259   -22.12      0        -      0        -      0        -       690      255   -16.60   -16.47
  20400.0    912    91/100    3.74    2.98     0.11     0.54    652   -18.21    260   -24.74      0        -      0        -      0        -       730      255   -20.05   -20.08
  20500.0    933    90/100    3.64    3.02     0.10     0.48    671   -20.59    261   -25.42      0        -      0        -      1   -25.06       760      254   -21.88   -21.97
  20600.0    957    90/100    3.56    2.89     0.10     0.42    692   -21.28    265   -24.83      0        -      0        -      0        -       815      253   -22.12   -22.31
  20700.0    983    90/100    3.39    2.92     0.08     0.40    714   -20.41    269   -23.17      0        -      0        -      0        -       853      250   -21.00   -21.22
  20800.0   1009    87/100    3.34    2.97     0.08     0.37    738   -18.22    270   -19.83      0        -      0        -      1   -21.85       903      247   -18.68   -18.65
  20900.0   1028    81/100    3.34    3.04     0.07     0.37    759   -14.35    268   -14.58      0        -      0        -      1   -14.74       916      242   -14.96   -14.24
  21000.0   1039    81/100    3.13    3.30     0.07     0.37    773    -9.37    265    -8.22      0        -      0        -      1   -14.27       950      241    -9.95    -8.81
  21100.0   1055    80/100    3.49    3.22     0.08     0.35    788    -4.60    266    -3.04      0        -      0        -      1    -7.28       984      239    -5.14    -3.93
  21200.0   1074    84/100    3.57    3.28     0.09     0.30    803    -1.83    270    -0.84      0        -      0        -      1    -3.03      1033      238    -2.12    -1.43
  21300.0   1099    99/100    3.46    3.34     0.11     0.27    825    -0.92    273    -0.53      0        -      0        -      1    -1.00      1052      238    -1.06    -0.76
  21400.0   1121    99/100    3.47    3.31     0.11     0.28    844    -0.78    276    -0.56      0        -      0        -      1    -0.86      1096      237    -0.92    -0.67
  21500.0   1146   106/100    3.41    3.38     0.12     0.27    863    -0.79    282    -0.50      0        -      0        -      1    -0.61      1121      237    -0.94    -0.66
  21600.0   1172   100/100    3.39    3.46     0.11     0.28    887    -0.82    284    -0.52      0        -      0        -      1    -0.48      1149      237    -0.99    -0.69
  21700.0   1196    96/100    3.41    3.54     0.10     0.27    910    -0.86    285    -0.59      0        -      0        -      1    -0.60      1176      237    -1.03    -0.73
  21800.0   1224    91/100    3.48    3.60    ~0.09    ~0.27    933    -0.97    290    -0.69      0        -      0        -      1    -0.98      1205      237    -1.15    -0.84
  21900.0   1251    86/100    3.64    3.62    ~0.08    ~0.28    958    -1.17    292    -0.86      0        -      0        -      1    -0.85      1237      237    -1.42    -1.02
  22000.0   1274    82/100    3.62    3.76    ~0.07    ~0.28    979    -1.58    294    -1.21      0        -      0        -      1    -1.22      1254      236    -1.97    -1.39
  22100.0   1301    76/100    3.39    4.04    ~0.06    ~0.30   1000    -2.54    300    -2.09      0        -      0        -      1    -1.82      1264      235    -3.15    -2.27
  22200.0   1325    73/100    3.14    4.21    ~0.06    ~0.33   1024    -4.95    300    -4.75      0        -      0        -      1    -3.76      1261      233    -5.83    -4.71
  22300.0   1350    77/100    2.81    4.20    ~0.06    ~0.37   1049   -10.34    300   -11.29      0        -      0        -      1    -9.92      1207      230   -11.03   -10.45
  22400.0   1367    84/100    2.82    3.93    ~0.07    ~0.46   1065   -18.08    301   -20.54      0        -      0        -      1   -18.92      1165      222   -17.99   -18.75
  22500.0   1387    97/100    3.13    3.73    ~0.08    ~0.46   1086   -25.42    300   -28.83      0        -      0        -      1   -28.03      1198      219   -24.07   -26.55
  22600.0   1398   101/100    3.18    3.64    ~0.08    ~0.42   1095   -30.41    302   -33.81      0        -      0        -      1   -29.20      1199      215   -28.92   -31.55
  22700.0   1416    99/100    3.23    3.36    ~0.08    ~0.35   1103   -33.30    312   -35.90      0        -      0        -      1   -31.89      1258      212   -31.63   -34.26
  22800.0   1438    95/100    3.13    3.19    ~0.08    ~0.33   1112   -34.74    325   -36.87      0        -      0        -      1   -33.37      1302      209   -33.35   -35.54
  22900.0   1447    94/100    3.21    2.83    ~0.07    ~0.31   1109   -35.42    337   -37.30      0        -      0        -      1   -34.74      1309      204   -34.12   -36.14
  23000.0   1471    90/100    3.31    2.51    ~0.07    ~0.31   1114   -35.67    356   -37.48      0        -      0        -      1   -35.20      1360      203   -34.40   -36.38
  23100.0   1482    94/100    3.28    2.43    ~0.07    ~0.30   1116   -35.58    365   -37.68      0        -      0        -      1   -34.67      1362      201   -34.17   -36.40
  23200.0   1484    91/100    3.48    2.43    ~0.06    ~0.31   1113   -35.13    370   -37.74      0        -      0        -      1   -34.71      1359      193   -33.40   -36.14
  23300.0   1485    87/100    3.76    2.33    ~0.06    ~0.32   1115   -33.97    369   -37.65      0        -      0        -      1   -33.04      1335      186   -31.85   -35.32
  23400.0   1484    90/100    3.78    2.63    ~0.05    ~0.36   1115   -31.85    368   -37.07      0        -      0        -      1   -32.62      1272      175   -28.97   -33.70
  23500.0   1467    95/100    3.65    3.29    ~0.06    ~0.42   1100   -28.43    366   -35.70      0        -      0        -      1   -28.96      1206      173   -25.66   -30.86
  23600.0   1462    98/100    3.61    3.63    ~0.07    ~0.46   1093   -24.41    368   -33.71      0        -      0        -      1   -17.70      1197      169   -21.34   -27.45
  23700.0   1453    97/100    3.44    3.69    ~0.07    ~0.44   1087   -20.69    364   -30.90      0        -      0        -      2   -28.00      1190      160   -16.79   -24.06
  23800.0   1444    96/100    3.32    3.73    ~0.07    ~0.43   1077   -17.57    366   -28.28      0        -      0        -      1    -0.66      1188      156   -13.52   -21.09
  23900.0   1447    92/100    3.29    3.82    ~0.07    ~0.37   1074   -15.08    372   -25.68      0        -      0        -      1    -0.32      1215      153   -11.25   -18.57
  24000.0   1454    90/100    3.50    3.69    ~0.07    ~0.36   1080   -13.16    373   -22.68      0        -      0        -      1    -0.17      1210      147    -8.78   -16.36
  24100.0   1474    96/100    3.63    3.57    ~0.07    ~0.38   1098   -12.22    375   -20.20      0        -      0        -      1    -0.33      1228      144    -8.00   -14.92
  24200.0   1487    94/100    3.74    3.52    ~0.07    ~0.37   1108   -11.68    378   -19.12      0        -      0        -      1    -0.53      1258      143    -7.78   -14.18
  24300.0   1502    92/100    3.91    3.39    ~0.06    ~0.39   1114   -11.92    387   -19.97      0        -      0        -      1    -0.71      1253      142    -8.24   -14.59
  24400.0   1513    94/100    3.94    3.34    ~0.06    ~0.39   1121   -13.52    391   -21.87      0        -      0        -      1    -0.79      1305      139    -9.87   -16.26
  24500.0   1514    91/100    3.87    3.26    ~0.07    ~0.40   1117   -16.31    396   -24.77      0        -      0        -      1    -1.71      1285      137   -13.22   -19.04
  24600.0   1521    93/100    3.56    3.36    ~0.07    ~0.41   1105   -20.29    415   -28.69      0        -      0        -      1    -4.59      1316      132   -16.65   -23.13
  24700.0   1532   101/100    3.11    3.67    ~0.08    ~0.39   1113   -25.16    418   -32.08      0        -      0        -      1   -12.60      1306      127   -21.06   -27.58
  24800.0   1550   108/100    2.78    3.81    ~0.08    ~0.36   1123   -29.76    426   -34.71      0        -      0        -      1   -26.39      1340      125   -25.77   -31.59
  24900.0   1556    98/100    2.54    3.78    ~0.06    ~0.35   1122   -33.55    433   -37.32      0        -      0        -      1   -32.63      1366      120   -29.84   -34.99
  25000.0   1539    98/100    2.58    3.54    ~0.07    ~0.32   1103   -37.21    435   -40.81      0        -      0        -      1   -33.27      1362      118   -33.57   -38.61
  25100.0   1532    99/100    2.90    3.14    ~0.07    ~0.34   1097   -41.40    434   -45.47      0        -      0        -      1   -41.49      1363      116   -37.94   -42.93
  25200.0   1516    98/100    2.76    3.46    ~0.07    ~0.31   1086   -46.21    429   -50.84      0        -      0        -      1   -49.23      1339      112   -42.38   -47.93
  25300.0   1498   100/100    2.69    3.40    ~0.07    ~0.30   1074   -50.47    423   -55.18      0        -      0        -      1   -52.08      1307      107   -46.30   -52.23
  25400.0   1481   107/100    2.66    3.38    ~0.08    ~0.31   1057   -53.11    423   -57.53      0        -      0        -      1   -56.50      1285      104   -49.83   -54.72
  25500.0   1467   107/100    2.58    3.36    ~0.08    ~0.30   1043   -54.56    422   -58.45      0        -      0        -      2   -58.74      1295      104   -52.22   -55.95
  25600.0   1455   108/100    2.67    3.09    ~0.10    ~0.29   1028   -55.10    426   -58.37      0        -      0        -      1   -59.39      1260      102   -52.97   -56.29
  25700.0   1432   109/100    2.73    3.01    ~0.10    ~0.30    998   -55.02    433   -57.94      0        -      0        -      1   -59.36      1263      111   -51.80   -56.25
  25800.0   1430   114/100    2.85    3.10    ~0.11    ~0.31    974   -54.90    455   -57.72      0        -      0        -      1   -59.53      1249      112   -50.88   -56.22
  25900.0   1415   110/100    3.06    3.28    ~0.11    ~0.31    949   -54.68    465   -57.67      0        -      0        -      1   -59.78      1233      108   -50.28   -56.11
  26000.0   1403   107/100    3.28    3.47    ~0.09    ~0.30    932   -54.42    469   -57.65      0        -      0        -      2   -59.73      1243      105   -49.91   -55.96
  26100.0   1397   109/100    3.59    3.46    ~0.08    ~0.28    903   -53.91    493   -57.23      0        -      0        -      1   -59.80      1240      100   -48.79   -55.57
  26200.0   1380   100/100    3.82    3.38    ~0.07    ~0.29    890   -53.07    489   -56.30      0        -      0        -      1   -59.47      1195       98   -47.76   -54.71
  26300.0   1367    93/100    4.01    3.14    ~0.06    ~0.31    877   -51.61    489   -54.56      0        -      0        -      1   -59.08      1178       93   -45.60   -53.19
  26400.0   1364   103/100    4.09    2.92    ~0.07    ~0.36    845   -49.18    518   -51.69      0        -      0        -      1   -58.37      1127       85   -42.66   -50.64
  26500.0   1370   104/100    4.00    2.86    ~0.07    ~0.41    833   -45.82    536   -48.43      0        -      0        -      1   -56.55      1113       82   -39.44   -47.32
  26600.0   1374   102/100    3.92    2.98    ~0.07    ~0.50    834   -41.35    539   -44.55      0        -      0        -      1   -51.37      1043       78   -35.74   -43.03
  26700.0   1380   106/100    3.99    2.96    ~0.08    ~0.54    844   -36.76    536   -39.87      0        -      0        -      0        -      1012       76   -32.27   -38.30
  26800.0   1400   100/100    4.08    3.00    ~0.07    ~0.46    860   -33.35    540   -36.29      0        -      0        -      0        -      1093       69   -30.68   -34.68
  26900.0   1412   104/100    3.92    2.97    ~0.07    ~0.41    873   -31.10    539   -34.19      0        -      0        -      0        -      1128       64   -28.55   -32.46
  27000.0   1429   108/100    3.60    3.04    ~0.07    ~0.36    888   -30.41    541   -33.81      0        -      0        -      0        -      1161       61   -27.89   -31.86
  27100.0   1444   102/100    3.34    3.25    ~0.07    ~0.32    891   -30.46    553   -34.87      0        -      0        -      0        -      1204       57   -27.97   -32.32
  27200.0   1465   104/100    3.12    3.38    ~0.08    ~0.35    904   -31.99    561   -36.58      0        -      0        -      0        -      1250       56   -29.13   -33.93
  27300.0   1430   105/100    3.24    3.27    ~0.07    ~0.35    849   -34.68    580   -39.78      0        -      0        -      1   -31.70      1211       51   -30.82   -36.97
  27400.0   1411   103/100    3.42    2.71    ~0.06    ~0.40    809   -39.93    602   -45.15      0        -      0        -      0        -      1141       42   -35.34   -42.37
  27500.0   1378   107/100    3.37    2.81    ~0.08    ~0.39    768   -44.72    610   -50.13      0        -      0        -      0        -      1123       42   -39.93   -47.34
  27600.0   1318   112/100    3.41    2.97    ~0.08    ~0.45    699   -47.48    619   -52.34      0        -      0        -      0        -      1036       35   -40.45   -50.02
  27700.0   1284   112/100    2.88    2.92    ~0.09    ~0.38    671   -50.28    613   -55.32      0        -      0        -      0        -      1002       31   -42.63   -52.94
  27800.0   1246   114/100    2.68    2.71    ~0.11    ~0.41    643   -50.86    602   -54.62      0        -      0        -      1   -59.54       980       36   -43.33   -52.97
  27900.0   1223   112/100    2.61    2.74    ~0.11    ~0.46    632   -49.79    591   -53.23      0        -      0        -      0        -       938       38   -39.13   -51.85
  28000.0   1203   118/100    2.75    2.82    ~0.11    ~0.53    627   -48.88    576   -52.89      0        -      0        -      0        -       912       37   -38.43   -51.19
  28100.0   1145   116/100    2.92    2.86     0.12     0.55    527   -48.64    617   -52.84      0        -      0        -      1   -59.51       831       65   -39.97   -51.57
  28200.0   1080   115/100    3.02    3.10     0.12     0.55    488   -48.93    592   -53.07      0        -      0        -      0        -       804       84   -40.50   -52.10
  28300.0    940   109/100    3.11    3.47     0.11     0.52    403   -48.40    537   -53.58      0        -      0        -      0        -       724       49   -34.79   -52.27
  28400.0    782    99/100    3.17    3.81     0.09     0.50    367   -46.05    415   -52.23      0        -      0        -      0        -       551       42   -29.44   -50.46
  28500.0    721    87/100    3.30    3.81     0.09     0.53    369   -40.77    352   -49.31      0        -      0        -      0        -       499       46   -25.40   -46.27
  28600.0    709    87/100    3.34    3.92     0.09     0.60    383   -35.28    325   -43.74      0        -      1   -19.14      0        -       447       76   -21.43   -41.26
  28700.0    692    96/100    3.14    3.68     0.10     0.58    397   -30.14    294   -37.67      0        -      1   -20.70      0        -       446       79   -20.55   -34.97
  28800.0    713    94/100    3.30    3.18     0.11     0.57    435   -25.58    277   -33.09      0        -      1   -20.91      0        -       488       82   -19.94   -29.60
  28900.0    723    96/100    3.59    3.04     0.12     0.52    457   -22.44    265   -28.90      0        -      1   -20.54      0        -       521      100   -18.92   -25.75
  29000.0    729    88/100    3.52    3.13     0.10     0.45    470   -20.53    258   -25.24      0        -      1   -20.75      0        -       579      117   -18.16   -22.97
  29100.0    750    88/100    3.52    3.24     0.09     0.42    492   -18.36    258   -21.62      0        -      0        -      0        -       616      125   -17.00   -19.98
  29200.0    766    79/100    3.45    3.34     0.08     0.37    507   -15.66    259   -17.86      0        -      0        -      0        -       660      138   -15.11   -16.69
  29300.0    790    77/100    3.28    3.47     0.08     0.37    527   -12.53    263   -13.91      0        -      0        -      0        -       684      141   -12.72   -13.05
  29400.0    817    80/100    3.29    3.50     0.09     0.36    543    -8.96    274    -9.51      0        -      0        -      0        -       717      145    -9.50    -9.07
  29500.0    831    75/100    3.33    3.63     0.09     0.33    554    -5.45    277    -5.69      0        -      0        -      0        -       749      145    -6.27    -5.37
  29600.0    850    76/100    3.55    3.58     0.09     0.32    567    -3.01    282    -3.15      0        -      0        -      1    -1.60       778      147    -3.74    -2.91
  29700.0    869    82/100    3.54    3.62     0.09     0.29    582    -1.75    286    -2.08      0        -      0        -      1    -0.72       819      147    -2.21    -1.79
  29800.0    888    82/100    3.51    3.63     0.10     0.27    600    -1.29    287    -1.77      0        -      0        -      1    -0.31       853      148    -1.65    -1.40
  29900.0    907    88/100    3.61    3.56     0.11     0.26    617    -1.24    289    -1.87      0        -      0        -      1    -0.20       876      148    -1.48    -1.43
  30000.0    925    85/100    3.53    3.67     0.10     0.27    637    -1.21    287    -1.89      0        -      0        -      1    -0.15       900      148    -1.44    -1.42

300 of 300 samples printed
