arm r36-s2 | run 2026-09-11-072004-55a61291 | box 20 x 5 m, 60 m deep, 4 patch(es)
columns of 1 m: 100 | lineage.jsonl: 18696 births, 72 clades

        t      n      cols    x sd    z sd     nn h    nn 3d   leaf   leaf y   stom   stom y   mixo   mixo y    jnt    jnt y  plain  plain y  clade 1m  jointed  joint y  rigid y
    100.0     40    32/100    5.08    1.79     0.63     2.12     30   -11.21      6   -26.22      0        -      3    -2.95      1   -24.72         2       18   -15.39   -11.37
    200.0     52    41/100    5.54    2.37     0.70     1.75     47    -6.99      3   -13.91      0        -      2    -7.84      0        -         0       18    -8.62    -6.79
    300.0     74    48/100    5.32    1.85     0.57     1.50     69    -6.80      4   -12.99      0        -      1    -8.76      0        -         4       30    -5.96    -7.97
    400.0    101    59/100    6.60    1.63     0.41     1.28     96    -8.53      4   -14.28      0        -      1    -8.60      0        -        10       44    -8.48    -8.97
    500.0    125    70/100    7.82    1.98     0.40     1.44    120    -9.60      4   -12.86      0        -      1    -2.69      0        -        10       55    -9.14   -10.06
    600.0    156    79/100    6.34    1.89     0.38     1.28    151   -10.59      4   -13.74      0        -      1    -4.94      0        -        13       70   -10.22   -10.97
    700.0    175    82/100    6.43    2.04     0.33     1.28    169   -11.06      4   -13.70      0        -      1    -4.53      1    -1.05        28       80   -10.52   -11.45
    800.0    200    90/100    6.15    2.05     0.34     1.28    194   -11.37      4   -14.42      0        -      1    -9.52      1    -2.89        18       95   -11.17   -11.57
    900.0    219    89/100    6.89    1.88     0.28     1.13    213   -11.65      4   -14.95      0        -      1   -13.09      1    -1.89        35      110   -12.35   -10.98
   1000.0    237    88/100    6.56    1.78     0.30     1.16    231   -11.32      4   -15.07      0        -      1   -18.55      1    -1.54        35      119   -11.94   -10.81
   1100.0    264    92/100    6.27    1.77     0.28     1.02    256   -11.65      5   -14.98      0        -      2   -10.02      1    -6.47        73      127   -12.05   -11.33
   1200.0    288    91/100    5.95    1.96     0.27     1.05    281   -11.64      5   -10.79      0        -      1    -0.61      1    -8.75        77      125   -11.49   -11.65
   1300.0    305    95/100    6.70    1.99     0.26     0.95    298   -11.93      5    -8.34      0        -      1    -4.86      1    -5.90        97      132   -12.06   -11.65
   1400.0    309    96/100    7.51    1.97     0.27     1.07    302   -11.62      5    -9.63      0        -      1    -4.98      1    -9.05        85      136   -11.95   -11.25
   1500.0    338    94/100    6.58    2.01     0.22     0.97    329   -11.88      7   -13.86      0        -      1    -4.68      1    -6.46       110      159   -12.71   -11.15
   1600.0    376    94/100    6.47    2.16     0.21     0.97    364   -12.60      9   -18.75      0        -      2   -11.52      1    -0.79       133      173   -13.74   -11.83
   1700.0    402    99/100    8.53    1.99     0.23     0.97    389   -12.99     12   -22.42      0        -      1    -7.47      0        -       146      165   -13.82   -12.86
   1800.0    416    97/100    8.08    2.41     0.23     0.94    400   -12.47     14   -24.07      0        -      2   -16.63      0        -       150      163   -12.96   -12.82
   1900.0    440   100/100    7.52    2.06     0.22     0.97    421   -12.51     18   -24.26      0        -      1    -3.83      0        -       158      167   -12.88   -13.02
   2000.0    464   100/100    6.90    2.19     0.23     0.93    442   -13.07     20   -23.88      0        -      1    -1.50      1   -19.04       180      163   -13.16   -13.73
   2100.0    504    98/100    6.86    2.35     0.21     0.97    482   -13.51     21   -23.23      0        -      1    -2.23      0        -       198      168   -13.62   -14.03
   2200.0    529   100/100    6.99    2.07     0.21     0.90    507   -13.56     21   -23.18      0        -      1    -4.50      0        -       235      158   -13.03   -14.30
   2300.0    564    98/100    7.42    1.81     0.19     0.89    540   -13.85     23   -23.95      0        -      1    -0.45      0        -       254      156   -13.37   -14.57
   2400.0    590   100/100    8.71    1.88     0.19     0.83    563   -14.16     26   -25.70      0        -      1    -0.16      0        -       271      149   -13.21   -15.12
   2500.0    620    99/100    6.22    1.93     0.18     0.84    593   -14.48     26   -26.30      0        -      1    -3.19      0        -       323      151   -13.45   -15.44
   2600.0    647   100/100    6.22    2.25     0.18     0.82    620   -14.49     26   -25.80      0        -      1    -8.81      0        -       337      148   -12.59   -15.63
   2700.0    669   100/100    6.81    2.04     0.18     0.84    642   -14.69     26   -25.74      0        -      1    -2.47      0        -       353      147   -12.89   -15.73
   2800.0    695   100/100    7.43    1.92     0.18     0.80    667   -15.09     27   -25.65      0        -      1    -2.38      0        -       371      147   -13.76   -15.94
   2900.0    697   100/100    8.65    2.32     0.19     0.82    671   -14.89     25   -24.11      0        -      1    -6.99      0        -       387      148   -14.12   -15.50
   3000.0    724   100/100    8.48    2.22     0.18     0.81    699   -15.09     24   -23.50      0        -      1   -11.63      0        -       426      148   -14.30   -15.64
   3100.0    750    99/100    7.60    2.38     0.16     0.84    726   -15.50     23   -22.44      0        -      1   -11.83      0        -       433      155   -14.96   -15.90
   3200.0    754    99/100    7.03    2.44     0.16     0.78    726   -15.34     27   -24.80      0        -      1   -13.12      0        -       442      146   -14.59   -15.94
   3300.0    785   100/100    6.67    1.95     0.16     0.78    749   -15.63     34   -28.07      0        -      1   -20.62      1   -18.55       468      143   -14.47   -16.56
   3400.0    804   100/100    6.63    1.61     0.16     0.74    766   -15.87     35   -28.97      0        -      3   -25.74      0        -       490      138   -14.98   -16.78
   3500.0    814    98/100    7.98    1.74     0.16     0.75    770   -15.57     42   -28.76      0        -      1   -24.61      1   -34.38       498      130   -14.53   -16.62
   3600.0    825   100/100    9.74    2.28     0.16     0.75    775   -15.06     49   -29.48      0        -      1   -27.38      0        -       483      129   -14.19   -16.25
   3700.0    841   100/100    8.31    1.99     0.16     0.79    789   -14.90     51   -29.07      0        -      1   -31.05      0        -       497      123   -13.81   -16.12
   3800.0    874   100/100    6.72    1.88     0.16     0.74    821   -15.46     52   -29.07      0        -      1   -34.07      0        -       544      127   -14.57   -16.58
   3900.0    890   100/100    6.52    2.17     0.15     0.76    833   -15.56     57   -30.51      0        -      0        -      0        -       531      122   -14.67   -16.82
   4000.0    928   100/100    7.88    2.13     0.14     0.75    864   -16.02     64   -32.49      0        -      0        -      0        -       582      124   -15.69   -17.38
   4100.0    959   100/100    7.51    2.11     0.15     0.75    904   -16.49     55   -31.46      0        -      0        -      0        -       617      117   -15.46   -17.61
   4200.0    984   100/100    7.36    1.84     0.15     0.78    928   -16.69     56   -32.23      0        -      0        -      0        -       604      116   -15.75   -17.82
   4300.0   1022   100/100    7.67    2.03     0.14     0.74    966   -17.31     56   -34.00      0        -      0        -      0        -       648      116   -16.45   -18.45
   4400.0   1028   100/100    6.62    1.99     0.14     0.74    972   -17.16     56   -35.97      0        -      0        -      0        -       663      112   -15.78   -18.48
   4500.0   1028   100/100    7.54    1.90     0.14     0.77    969   -16.70     59   -35.76      0        -      0        -      0        -       641      112   -16.22   -17.99
   4600.0   1036   100/100    7.56    1.78     0.14     0.72    972   -16.39     63   -36.64      0        -      0        -      1   -49.51       661      120   -17.47   -17.68
   4700.0   1052   100/100    6.84    1.73     0.14     0.69    995   -16.50     57   -35.15      0        -      0        -      0        -       684      110   -16.84   -17.59
   4800.0   1075   100/100    6.07    1.98     0.14     0.69   1023   -16.67     52   -33.32      0        -      0        -      0        -       722      110   -16.96   -17.54
   4900.0   1088   100/100    6.52    2.32     0.13     0.70   1041   -16.88     46   -32.19      0        -      0        -      1   -26.52       740      112   -18.20   -17.46
   5000.0   1100   100/100    7.49    2.01     0.14     0.70   1047   -16.59     52   -33.37      0        -      0        -      1   -27.35       755      101   -17.02   -17.43
   5100.0   1112   100/100    7.11    2.03     0.13     0.67   1055   -16.34     57   -33.66      0        -      0        -      0        -       785       91   -16.63   -17.29
   5200.0   1119   100/100    7.35    2.17     0.13     0.65   1075   -16.41     44   -29.73      0        -      0        -      0        -       783       94   -16.25   -17.00
   5300.0   1142   100/100    8.00    2.16     0.14     0.62   1101   -16.62     40   -26.93      0        -      0        -      1   -24.32       824       82   -14.23   -17.20
   5400.0   1173   100/100    7.86    2.31     0.13     0.68   1122   -16.71     51   -27.43      0        -      0        -      0        -       848       84   -15.32   -17.32
   5500.0   1198   100/100    6.93    2.01     0.13     0.66   1154   -16.98     44   -24.96      0        -      0        -      0        -       862       81   -15.54   -17.40
   5600.0   1179   100/100    7.32    2.34     0.13     0.66   1138   -16.57     41   -24.31      0        -      0        -      0        -       868       81   -16.37   -16.87
   5700.0   1192   100/100    9.18    1.90     0.13     0.65   1147   -16.86     45   -24.15      0        -      0        -      0        -       847       93   -18.94   -16.98
   5800.0   1191   100/100    8.71    2.12     0.14     0.69   1144   -16.92     47   -24.85      0        -      0        -      0        -       828       90   -18.17   -17.15
   5900.0   1188   100/100    7.58    2.00     0.13     0.65   1145   -16.76     43   -24.21      0        -      0        -      0        -       848       85   -17.04   -17.03
   6000.0   1198   100/100    7.41    1.93     0.13     0.63   1160   -16.88     38   -22.27      0        -      0        -      0        -       878       81   -16.26   -17.10
   6100.0   1212   100/100    7.26    2.28    ~0.13    ~0.65   1173   -17.00     39   -21.85      0        -      0        -      0        -       888       70   -14.20   -17.33
   6200.0   1231   100/100    6.83    1.93    ~0.13    ~0.63   1191   -17.03     40   -22.10      0        -      0        -      0        -       909       65   -13.45   -17.40
   6300.0   1264   100/100    7.71    2.12    ~0.13    ~0.63   1217   -17.30     46   -24.61      0        -      0        -      1   -22.27       913       64   -13.82   -17.77
   6400.0   1288   100/100    7.75    2.28    ~0.12    ~0.62   1241   -17.78     47   -25.54      0        -      0        -      0        -       964       66   -15.45   -18.20
   6500.0   1292   100/100    7.90    2.24    ~0.13    ~0.64   1244   -18.04     48   -25.96      0        -      0        -      0        -       960       70   -17.62   -18.37
   6600.0   1299   100/100    8.02    2.20    ~0.12    ~0.66   1251   -17.98     48   -25.24      0        -      0        -      0        -       953       69   -17.05   -18.32
   6700.0   1299   100/100    7.40    2.07    ~0.13    ~0.66   1247   -17.92     52   -25.82      0        -      0        -      0        -       952       73   -17.56   -18.28
   6800.0   1315   100/100    7.02    2.04    ~0.12    ~0.64   1249   -17.87     66   -27.79      0        -      0        -      0        -       966       58   -14.38   -18.55
   6900.0   1318   100/100    7.00    1.94    ~0.12    ~0.65   1251   -17.79     67   -28.25      0        -      0        -      0        -       952       62   -15.35   -18.47
   7000.0   1321   100/100    7.43    2.36    ~0.12    ~0.65   1246   -17.82     75   -29.24      0        -      0        -      0        -       953       57   -14.74   -18.64
   7100.0   1324   100/100    8.60    2.19    ~0.13    ~0.64   1240   -17.84     84   -29.90      0        -      0        -      0        -       950       56   -14.77   -18.78
   7200.0   1348   100/100    7.82    1.85    ~0.12    ~0.62   1264   -17.96     84   -29.15      0        -      0        -      0        -       994       56   -14.52   -18.84
   7300.0   1368   100/100    8.07    1.94    ~0.12    ~0.59   1288   -18.53     80   -28.47      0        -      0        -      0        -      1020       54   -14.91   -19.29
   7400.0   1385   100/100    7.64    1.92    ~0.12    ~0.63   1307   -18.72     78   -28.67      0        -      0        -      0        -      1057       55   -15.74   -19.43
   7500.0   1399   100/100    8.50    1.69    ~0.12    ~0.60   1322   -18.72     77   -29.53      0        -      0        -      0        -      1071       52   -15.86   -19.45
   7600.0   1397   100/100    9.42    1.60    ~0.12    ~0.62   1314   -18.65     83   -30.00      0        -      0        -      0        -      1043       51   -15.36   -19.47
   7700.0   1398   100/100    7.59    1.74    ~0.12    ~0.61   1314   -18.30     84   -29.37      0        -      0        -      0        -      1042       49   -14.40   -19.13
   7800.0   1413   100/100    6.39    1.94    ~0.12    ~0.59   1329   -18.26     84   -29.09      0        -      0        -      0        -      1065       48   -14.73   -19.05
   7900.0   1424   100/100    6.10    2.04    ~0.12    ~0.63   1334   -18.17     90   -29.47      0        -      0        -      0        -      1045       48   -13.89   -19.05
   8000.0   1408   100/100    6.67    2.19    ~0.12    ~0.61   1315   -17.47     93   -29.46      0        -      0        -      0        -      1102       50   -14.33   -18.41
   8100.0   1407   100/100    7.09    1.91    ~0.13    ~0.58   1316   -17.51     91   -28.94      0        -      0        -      0        -      1087       50   -15.72   -18.34
   8200.0   1417   100/100    9.18    1.94    ~0.12    ~0.58   1324   -17.97     93   -28.84      0        -      0        -      0        -      1079       47   -14.46   -18.83
   8300.0   1440   100/100    7.35    1.96    ~0.12    ~0.60   1333   -18.48    107   -29.30      0        -      0        -      0        -      1102       46   -14.47   -19.45
   8400.0   1450   100/100    7.38    1.80    ~0.11    ~0.61   1340   -18.60    110   -29.66      0        -      0        -      0        -      1093       45   -14.19   -19.61
   8500.0   1436   100/100    7.11    2.40    ~0.12    ~0.59   1322   -18.43    114   -29.95      0        -      0        -      0        -      1063       43   -12.96   -19.54
   8600.0   1424   100/100    8.15    2.24    ~0.12    ~0.66   1308   -18.36    116   -30.42      0        -      0        -      0        -      1049       48   -16.53   -19.44
   8700.0   1405   100/100    6.65    2.27    ~0.12    ~0.61   1288   -18.32    117   -30.14      0        -      0        -      0        -      1013       41   -12.68   -19.50
   8800.0   1410   100/100    6.43    2.01    ~0.11    ~0.62   1289   -18.23    121   -29.83      0        -      0        -      0        -      1033       39   -13.22   -19.40
   8900.0   1424   100/100    6.99    1.77    ~0.12    ~0.61   1294   -18.14    130   -29.94      0        -      0        -      0        -      1049       41   -14.58   -19.35
   9000.0   1446   100/100    7.01    2.20    ~0.13    ~0.62   1318   -18.31    128   -29.67      0        -      0        -      0        -      1073       42   -15.00   -19.44
   9100.0   1460   100/100    7.18    2.25    ~0.12    ~0.62   1324   -18.42    136   -29.54      0        -      0        -      0        -      1074       41   -14.68   -19.60
   9200.0   1456   100/100    6.59    1.78    ~0.12    ~0.63   1322   -18.68    134   -29.62      0        -      0        -      0        -      1047       40   -14.97   -19.82
   9300.0   1450   100/100    6.59    1.99    ~0.12    ~0.64   1315   -18.58    135   -30.12      0        -      0        -      0        -      1054       39   -15.89   -19.76
   9400.0   1428   100/100    7.86    2.12    ~0.12    ~0.62   1296   -18.18    132   -29.82      0        -      0        -      0        -      1007       40   -15.85   -19.36
   9500.0   1451   100/100    9.59    2.24    ~0.12    ~0.63   1315   -18.60    136   -30.01      0        -      0        -      0        -      1038       38   -14.56   -19.81
   9600.0   1467   100/100    7.50    1.77    ~0.12    ~0.64   1334   -18.93    133   -29.47      0        -      0        -      0        -      1019       37   -15.98   -19.99
   9700.0   1460   100/100    7.51    2.14    ~0.11    ~0.61   1329   -19.12    131   -29.30      0        -      0        -      0        -      1040       35   -17.11   -20.10
   9800.0   1466   100/100    8.75    2.04    ~0.12    ~0.60   1327   -19.59    138   -29.81      0        -      0        -      1   -39.58      1079       36   -18.03   -20.63
   9900.0   1441   100/100    7.31    2.17    ~0.12    ~0.61   1308   -19.39    133   -28.98      0        -      0        -      0        -      1074       40   -18.74   -20.32
  10000.0   1457   100/100    6.32    2.00    ~0.11    ~0.63   1323   -19.26    134   -29.02      0        -      0        -      0        -      1082       45   -20.25   -20.16
  10100.0   1447   100/100    7.13    2.13    ~0.12    ~0.61   1306   -18.96    140   -29.05      0        -      0        -      1   -31.90      1078       47   -22.47   -19.86
  10200.0   1467   100/100    7.75    1.96    ~0.13    ~0.66   1328   -19.19    139   -27.87      0        -      0        -      0        -      1065       39   -20.68   -19.99
  10300.0   1492   100/100    7.61    1.94    ~0.11    ~0.65   1356   -19.48    135   -26.92      0        -      0        -      1   -33.51      1119       40   -20.62   -20.15
  10400.0   1495   100/100    7.60    2.03    ~0.11    ~0.60   1361   -19.34    134   -26.11      0        -      0        -      0        -      1134       34   -18.02   -19.99
  10500.0   1491   100/100    7.41    1.90    ~0.12    ~0.63   1355   -19.19    136   -25.81      0        -      0        -      0        -      1096       33   -18.43   -19.83
  10600.0   1489   100/100    8.30    2.14    ~0.12    ~0.63   1355   -18.96    134   -25.04      0        -      0        -      0        -      1085       31   -17.72   -19.55
  10700.0   1498   100/100    7.20    2.14    ~0.12    ~0.57   1360   -18.97    137   -25.61      0        -      0        -      1   -30.15      1145       29   -17.59   -19.62
  10800.0   1485   100/100    6.43    1.91    ~0.12    ~0.59   1354   -18.54    131   -23.98      0        -      0        -      0        -      1154       35   -19.24   -19.01
  10900.0   1482   100/100    6.44    2.03    ~0.12    ~0.62   1342   -18.14    140   -23.82      0        -      0        -      0        -      1123       34   -19.45   -18.66
  11000.0   1488   100/100    7.17    1.92    ~0.12    ~0.62   1353   -17.88    135   -22.56      0        -      0        -      0        -      1147       29   -16.88   -18.33
  11100.0   1498   100/100    7.28    2.06    ~0.11    ~0.58   1354   -17.88    144   -23.03      0        -      0        -      0        -      1132       33   -17.03   -18.41
  11200.0   1483   100/100    7.41    1.84    ~0.12    ~0.60   1341   -17.82    142   -22.69      0        -      0        -      0        -      1146       32   -16.15   -18.33
  11300.0   1510   100/100    7.29    1.76    ~0.12    ~0.62   1376   -18.57    134   -21.65      0        -      0        -      0        -      1114       31   -16.22   -18.90
  11400.0   1509   100/100    6.58    1.81    ~0.11    ~0.59   1380   -18.81    129   -21.38      0        -      0        -      0        -      1110       28   -16.52   -19.07
  11500.0   1486   100/100    6.46    2.01    ~0.11    ~0.61   1361   -18.55    125   -21.22      0        -      0        -      0        -      1112       28   -15.96   -18.83
  11600.0   1484   100/100    6.37    2.35    ~0.12    ~0.60   1365   -18.22    118   -20.54      0        -      0        -      1   -30.14      1133       27   -14.66   -18.48
  11700.0   1507   100/100    6.99    2.17    ~0.12    ~0.60   1386   -18.32    120   -20.93      0        -      0        -      1   -27.86      1170       26   -14.73   -18.60
  11800.0   1527   100/100    7.43    2.05    ~0.12    ~0.62   1403   -18.54    123   -21.11      0        -      0        -      1   -28.86      1152       26   -15.12   -18.82
  11900.0   1534   100/100    7.39    2.18    ~0.12    ~0.59   1411   -18.46    122   -21.16      0        -      0        -      1   -24.86      1168       31   -17.85   -18.70
  12000.0   1534   100/100    7.71    2.21    ~0.11    ~0.57   1408   -18.33    125   -21.46      0        -      0        -      1   -27.19      1172       28   -15.64   -18.65
  12100.0   1528   100/100    6.39    1.93    ~0.12    ~0.55   1404   -18.46    123   -20.68      0        -      0        -      1   -22.04      1186       30   -16.89   -18.67
  12200.0   1502   100/100    6.66    2.34    ~0.12    ~0.58   1382   -18.14    119   -19.93      0        -      0        -      1   -22.07      1178       24   -14.27   -18.35
  12300.0   1491   100/100    7.78    1.87    ~0.12    ~0.60   1374   -17.66    116   -19.11      0        -      0        -      1   -18.87      1160       25   -15.26   -17.81
  12400.0   1506   100/100    6.71    2.31    ~0.12    ~0.59   1392   -17.99    113   -19.11      0        -      0        -      1   -15.35      1175       24   -16.39   -18.10
  12500.0   1505   100/100    7.54    1.75    ~0.12    ~0.61   1384   -18.03    120   -19.75      0        -      0        -      1   -13.56      1087       19   -16.00   -18.19
  12600.0   1519   100/100    7.60    1.97    ~0.11    ~0.58   1390   -17.67    128   -20.73      0        -      0        -      1   -10.72      1153       17   -15.58   -17.95
  12700.0   1523   100/100    8.25    2.06    ~0.12    ~0.59   1390   -17.39    132   -21.52      0        -      0        -      1   -14.39      1175       19   -17.84   -17.74
  12800.0   1518   100/100    9.97    2.26    ~0.11    ~0.59   1383   -17.38    134   -21.90      0        -      0        -      1   -13.01      1158       19   -18.21   -17.77
  12900.0   1519   100/100    8.78    1.93    ~0.12    ~0.61   1387   -17.85    131   -21.72      0        -      0        -      1    -7.62      1144       18   -17.77   -18.18
  13000.0   1503   100/100    7.85    1.93    ~0.12    ~0.62   1369   -18.04    133   -22.27      0        -      0        -      1    -1.10      1122       17   -19.41   -18.39
  13100.0   1491   100/100    7.72    1.75    ~0.11    ~0.64   1352   -17.96    138   -23.46      0        -      0        -      1    -5.53      1087       16   -18.16   -18.46
  13200.0   1501   100/100    7.67    2.23    ~0.12    ~0.63   1364   -18.10    135   -24.14      0        -      0        -      2   -11.22      1138       14   -12.97   -18.69
  13300.0   1511   100/100    7.30    2.12    ~0.12    ~0.61   1379   -18.39    130   -23.65      0        -      0        -      2   -12.61      1149       15   -12.25   -18.90
  13400.0   1502   100/100    7.41    2.14    ~0.12    ~0.60   1373   -18.35    127   -23.41      0        -      0        -      2   -13.96      1146       14   -11.96   -18.83
  13500.0   1504   100/100    7.29    2.16    ~0.11    ~0.57   1377   -18.25    125   -23.43      0        -      0        -      2   -15.27      1158       13   -11.70   -18.73
  13600.0   1508   100/100    7.76    2.01    ~0.12    ~0.60   1385   -18.25    121   -22.88      0        -      0        -      2   -16.70      1146       12   -10.68   -18.68
  13700.0   1514   100/100    9.63    1.88    ~0.12    ~0.59   1391   -18.20    121   -22.66      0        -      0        -      2   -14.70      1186       14   -13.04   -18.60
  13800.0   1533   100/100   10.34    1.98    ~0.12    ~0.57   1409   -18.31    122   -22.65      0        -      0        -      2   -14.28      1198       13   -11.20   -18.72
  13900.0   1516   100/100    9.32    1.82    ~0.12    ~0.62   1397   -18.08    117   -21.51      0        -      0        -      2   -11.89      1142       14   -12.89   -18.39
  14000.0   1530   100/100    8.28    2.01    ~0.12    ~0.61   1415   -18.08    112   -20.70      0        -      0        -      3   -15.17      1148       13   -14.51   -18.30
  14100.0   1564   100/100    7.10    2.06    ~0.11    ~0.60   1449   -18.50    112   -20.77      0        -      0        -      3   -11.49      1208       13   -14.00   -18.69
  14200.0   1578   100/100    8.32    1.81    ~0.11    ~0.58   1463   -18.78    112   -20.51      0        -      0        -      3   -13.37      1232       13   -11.58   -18.95
  14300.0   1576   100/100    8.92    2.16    ~0.11    ~0.60   1464   -18.61    109   -19.94      0        -      0        -      3   -11.92      1226       13   -10.52   -18.76
  14400.0   1569   100/100    7.86    2.15    ~0.11    ~0.57   1463   -18.51    103   -19.53      0        -      0        -      3    -9.89      1213       13   -11.03   -18.62
  14500.0   1578   100/100    7.99    1.88    ~0.11    ~0.56   1478   -18.70     98   -18.67      0        -      0        -      2    -4.58      1236       12   -11.81   -18.73
  14600.0   1581   100/100    7.84    2.19    ~0.12    ~0.57   1482   -19.07     96   -19.00      0        -      0        -      3   -13.08      1259       13   -15.61   -19.08
  14700.0   1580   100/100    7.24    1.72    ~0.12    ~0.55   1484   -18.84     92   -18.17      0        -      0        -      4   -13.00      1237       12   -14.84   -18.81
  14800.0   1553   100/100    7.74    1.86    ~0.11    ~0.57   1459   -18.47     90   -18.32      0        -      0        -      4   -12.13      1206       11   -14.22   -18.48
  14900.0   1526   100/100    8.65    2.00    ~0.12    ~0.61   1434   -18.41     89   -18.81      0        -      0        -      3   -10.58      1160        9    -9.99   -18.47
  15000.0   1535   100/100    7.38    2.22    ~0.13    ~0.61   1444   -18.53     88   -19.80      0        -      0        -      3   -13.24      1173        9   -10.96   -18.64
  15100.0   1543   100/100    7.27    2.18    ~0.11    ~0.57   1456   -18.60     84   -19.57      0        -      0        -      3   -12.57      1207        9   -11.07   -18.69
  15200.0   1561   100/100    6.61    1.83    ~0.12    ~0.56   1479   -18.51     78   -18.71      0        -      0        -      4   -13.24      1242        9   -10.20   -18.56
  15300.0   1568   100/100    7.76    1.90    ~0.11    ~0.58   1486   -18.53     79   -18.17      0        -      0        -      3    -7.47      1258        9   -10.90   -18.54
  15400.0   1576   100/100    7.01    1.87    ~0.12    ~0.58   1499   -18.70     74   -18.09      0        -      0        -      3    -8.45      1239       10   -14.56   -18.68
  15500.0   1563   100/100    7.07    2.33    ~0.12    ~0.57   1489   -18.49     71   -17.43      0        -      0        -      3   -12.86      1237       12   -18.92   -18.43
  15600.0   1571   100/100    9.51    1.94    ~0.12    ~0.56   1499   -18.72     69   -17.67      0        -      0        -      3   -17.39      1257       12   -18.51   -18.67
  15700.0   1587   100/100    7.78    2.38    ~0.11    ~0.59   1517   -19.28     67   -18.29      0        -      0        -      3   -19.12      1286       12   -18.31   -19.24
  15800.0   1592   100/100    7.82    2.25    ~0.11    ~0.56   1523   -19.76     66   -18.65      0        -      0        -      3   -21.33      1299       11   -17.52   -19.73
  15900.0   1590   100/100    8.18    2.10    ~0.11    ~0.59   1517   -19.79     70   -20.45      0        -      0        -      3   -21.76      1266       11   -16.45   -19.85
  16000.0   1582   100/100    7.85    1.96    ~0.11    ~0.57   1509   -19.82     70   -20.64      0        -      0        -      3   -19.63      1256       10   -16.42   -19.88
  16100.0   1578   100/100    7.07    1.91    ~0.12    ~0.60   1510   -20.07     65   -20.37      0        -      0        -      3   -19.89      1274        8   -14.92   -20.11
  16200.0   1584   100/100    6.78    2.12    ~0.11    ~0.56   1516   -20.30     65   -21.84      0        -      0        -      3   -18.87      1272        8   -13.81   -20.40
  16300.0   1595   100/100    8.08    2.09    ~0.10    ~0.57   1524   -19.90     68   -22.84      0        -      0        -      3   -21.89      1287        8   -14.25   -20.06
  16400.0   1587   100/100    7.55    2.10    ~0.11    ~0.59   1517   -19.47     67   -22.45      0        -      0        -      3   -21.42      1287        9   -14.48   -19.63
  16500.0   1596   100/100    8.80    2.09    ~0.11    ~0.59   1527   -19.89     66   -22.33      0        -      0        -      3   -17.31      1253        8   -10.50   -20.04
  16600.0   1571   100/100    9.00    2.14    ~0.10    ~0.59   1504   -19.96     64   -22.62      0        -      0        -      3   -16.34      1286        7    -9.57   -20.11
  16700.0   1569   100/100    8.80    1.73    ~0.11    ~0.59   1505   -19.90     61   -22.42      0        -      0        -      3   -15.83      1228        7    -9.39   -20.03
  16800.0   1570   100/100    7.97    1.92    ~0.11    ~0.62   1508   -19.69     59   -22.77      0        -      0        -      3   -15.92      1235        7    -8.64   -19.85
  16900.0   1553   100/100    7.88    1.74    ~0.11    ~0.61   1495   -19.39     55   -23.31      0        -      0        -      3   -21.51      1192        7    -8.32   -19.59
  17000.0   1570   100/100    9.09    2.01    ~0.11    ~0.60   1512   -19.70     55   -23.76      0        -      0        -      3   -20.52      1239        7    -9.26   -19.89
  17100.0   1577   100/100    7.91    1.93    ~0.12    ~0.59   1519   -19.74     54   -23.34      0        -      0        -      4   -24.81      1269        7    -8.41   -19.92
  17200.0   1554   100/100    8.84    2.24    ~0.11    ~0.60   1496   -19.10     54   -23.37      0        -      0        -      4   -26.91      1245        7    -9.41   -19.31
  17300.0   1541   100/100    7.30    1.90    ~0.11    ~0.61   1477   -18.58     61   -24.04      0        -      0        -      3   -27.38      1241        7   -12.59   -18.84
  17400.0   1546   100/100    8.05    1.88    ~0.11    ~0.59   1478   -18.45     65   -25.20      0        -      0        -      3   -28.44      1268        8   -15.45   -18.77
  17500.0   1573   100/100    7.87    1.94    ~0.11    ~0.59   1505   -18.86     66   -24.90      0        -      0        -      2   -32.36      1288        8   -14.41   -19.16
  17600.0   1585   100/100    7.30    2.13    ~0.11    ~0.56   1516   -19.31     67   -25.53      0        -      0        -      2   -27.98      1304        8   -16.72   -19.60
  17700.0   1594   100/100    6.54    2.16    ~0.11    ~0.60   1526   -19.48     66   -25.95      0        -      0        -      2   -30.60      1286        6   -12.80   -19.79
  17800.0   1612   100/100    6.77    1.86    ~0.12    ~0.61   1543   -19.64     67   -26.97      0        -      0        -      2   -29.34      1272        6   -11.64   -19.99
  17900.0   1624   100/100    7.96    2.16    ~0.11    ~0.57   1554   -19.78     68   -27.08      0        -      0        -      2   -26.02      1290        6   -11.13   -20.12
  18000.0   1632   100/100    8.20    1.87    ~0.11    ~0.55   1554   -19.92     76   -28.36      0        -      0        -      2   -23.90      1311        7   -14.96   -20.34
  18100.0   1622   100/100    6.67    1.69    ~0.11    ~0.59   1548   -19.84     72   -27.31      0        -      0        -      2   -23.04      1328        7   -14.42   -20.20
  18200.0   1627   100/100    7.19    2.28    ~0.11    ~0.60   1552   -20.17     73   -27.68      0        -      0        -      2   -22.56      1292        7   -14.98   -20.54
  18300.0   1620   100/100    7.17    2.30    ~0.12    ~0.59   1545   -20.58     73   -28.21      0        -      0        -      2   -20.78      1311        6   -13.20   -20.95
  18400.0   1607   100/100    7.31    1.99    ~0.11    ~0.60   1531   -20.12     74   -27.98      0        -      0        -      2   -23.10      1278        6   -14.58   -20.51
  18500.0   1608   100/100    8.93    2.15    ~0.11    ~0.63   1531   -19.91     75   -27.90      0        -      0        -      2   -18.59      1280        6   -13.20   -20.31
  18600.0   1630   100/100    8.28    2.25    ~0.12    ~0.60   1554   -20.29     75   -27.86      0        -      0        -      1   -16.86      1299        6   -15.75   -20.65
  18700.0   1630   100/100    7.98    2.24    ~0.11    ~0.62   1552   -20.20     77   -28.31      0        -      0        -      1   -19.46      1310        7   -21.33   -20.58
  18800.0   1618   100/100    7.45    1.73    ~0.11    ~0.58   1540   -20.31     77   -28.45      0        -      0        -      1   -18.90      1282        6   -19.75   -20.70
  18900.0   1611   100/100    8.29    2.14    ~0.11    ~0.62   1531   -20.15     79   -29.03      0        -      0        -      1   -17.12      1303        6   -22.56   -20.58
  19000.0   1601   100/100    7.87    1.81    ~0.12    ~0.59   1518   -20.03     81   -28.49      0        -      0        -      2   -25.93      1262        6   -23.41   -20.45
  19100.0   1585   100/100    6.96    1.83    ~0.11    ~0.60   1499   -19.60     85   -28.18      0        -      0        -      1   -14.08      1249        6   -27.58   -20.03
  19200.0   1584   100/100    8.27    1.99    ~0.11    ~0.60   1493   -19.50     90   -28.65      0        -      0        -      1   -17.51      1254        5   -26.21   -20.00
  19300.0   1594   100/100    7.37    1.89    ~0.11    ~0.59   1504   -19.59     89   -28.75      0        -      0        -      1   -16.91      1275        5   -24.56   -20.08
  19400.0   1601   100/100    7.60    1.78    ~0.11    ~0.60   1514   -19.72     86   -27.46      0        -      0        -      1   -15.89      1284        4   -27.11   -20.12
  19500.0   1583   100/100   10.44    2.48    ~0.11    ~0.58   1498   -19.35     84   -27.17      0        -      0        -      1   -14.07      1267        3   -17.29   -19.77
  19600.0   1585   100/100    7.95    2.24    ~0.11    ~0.61   1500   -19.03     84   -27.34      0        -      0        -      1   -11.26      1237        5   -22.58   -19.46
  19700.0   1575   100/100    7.74    1.89    ~0.12    ~0.58   1493   -18.49     81   -26.42      0        -      0        -      1   -17.61      1252        4   -20.47   -18.89
  19800.0   1583   100/100    8.21    2.97    ~0.11    ~0.61   1501   -18.57     81   -26.38      0        -      0        -      1   -21.03      1261        4   -25.95   -18.96
  19900.0   1597   100/100    7.93    2.06    ~0.11    ~0.55   1516   -19.00     80   -27.17      0        -      0        -      1   -27.62      1324        5   -25.18   -19.40
  20000.0   1609   100/100    8.48    2.24    ~0.12    ~0.57   1528   -19.11     79   -26.63      0        -      0        -      2   -30.80      1324        5   -24.85   -19.48
  20100.0   1628   100/100    7.67    2.17    ~0.11    ~0.63   1547   -19.44     80   -25.76      0        -      0        -      1   -29.06      1301        5   -24.98   -19.74
  20200.0   1635   100/100    7.98    2.09    ~0.11    ~0.62   1554   -19.65     80   -25.38      0        -      0        -      1   -34.05      1317        4   -23.88   -19.93
  20300.0   1638   100/100    7.94    1.75    ~0.11    ~0.57   1560   -19.69     78   -26.02      0        -      0        -      0        -      1317        4   -22.85   -19.98
  20400.0   1665   100/100    8.08    1.77    ~0.11    ~0.55   1586   -19.96     79   -26.91      0        -      0        -      0        -      1354        4   -25.39   -20.28
  20500.0   1668   100/100    8.05    1.92    ~0.11    ~0.57   1590   -20.28     78   -27.33      0        -      0        -      0        -      1327        6   -30.05   -20.57
  20600.0   1640   100/100    7.64    2.28    ~0.11    ~0.62   1562   -20.12     78   -27.75      0        -      0        -      0        -      1320        4   -29.98   -20.46
  20700.0   1639   100/100    7.76    1.80    ~0.11    ~0.58   1563   -20.31     76   -28.75      0        -      0        -      0        -      1320        4   -29.74   -20.68
  20800.0   1628   100/100    7.56    1.91    ~0.11    ~0.61   1549   -20.16     79   -28.96      0        -      0        -      0        -      1321        3   -29.30   -20.57
  20900.0   1625   100/100    7.98    2.18    ~0.12    ~0.63   1540   -20.29     84   -29.73      0        -      0        -      1   -30.54      1311        5   -33.28   -20.75
  21000.0   1638   100/100    8.29    2.06    ~0.11    ~0.59   1544   -20.45     94   -31.14      0        -      0        -      0        -      1359        4   -38.28   -21.02
  21100.0   1632   100/100    8.72    2.00    ~0.11    ~0.58   1530   -20.54    102   -32.03      0        -      0        -      0        -      1323        3   -34.80   -21.24
  21200.0   1634   100/100    8.54    2.02    ~0.11    ~0.60   1531   -20.76    103   -31.58      0        -      0        -      0        -      1304        3   -29.52   -21.42
  21300.0   1628   100/100    8.85    2.25    ~0.11    ~0.58   1526   -20.73    102   -31.41      0        -      0        -      0        -      1307        3   -30.91   -21.38
  21400.0   1636   100/100    7.79    1.86    ~0.11    ~0.61   1533   -20.57    103   -31.06      0        -      0        -      0        -      1304        3   -29.62   -21.21
  21500.0   1641   100/100    8.27    1.85    ~0.12    ~0.62   1536   -20.60    105   -30.74      0        -      0        -      0        -      1314        3   -30.19   -21.23
  21600.0   1634   100/100    8.52    1.79    ~0.11    ~0.61   1519   -20.22    115   -30.69      0        -      0        -      0        -      1317        4   -28.69   -20.93
  21700.0   1628   100/100    9.03    2.05    ~0.11    ~0.60   1509   -20.06    119   -30.12      0        -      0        -      0        -      1299        4   -28.58   -20.77
  21800.0   1601   100/100    8.70    1.80    ~0.11    ~0.59   1479   -19.79    122   -29.75      0        -      0        -      0        -      1269        4   -26.22   -20.54
  21900.0   1611   100/100    8.91    1.95    ~0.12    ~0.61   1491   -20.51    120   -29.95      0        -      0        -      0        -      1277        4   -21.81   -21.21
  22000.0   1620   100/100    9.46    1.77    ~0.11    ~0.63   1504   -21.21    116   -29.85      0        -      0        -      0        -      1266        4   -18.46   -21.84
  22100.0   1627   100/100    7.79    2.05    ~0.12    ~0.57   1513   -21.43    114   -29.39      0        -      0        -      0        -      1283        4   -16.52   -22.00
  22200.0   1642   100/100    7.65    2.03    ~0.11    ~0.59   1528   -21.59    114   -29.43      0        -      0        -      0        -      1322        4   -17.91   -22.14
  22300.0   1641   100/100    7.71    1.96    ~0.11    ~0.58   1521   -21.33    120   -29.66      0        -      0        -      0        -      1298        4   -16.29   -21.96
  22400.0   1630   100/100    7.78    1.75    ~0.11    ~0.55   1514   -21.08    116   -28.69      0        -      0        -      0        -      1326        4   -16.54   -21.63
  22500.0   1617   100/100    6.93    1.83    ~0.11    ~0.58   1493   -20.87    124   -29.00      0        -      0        -      0        -      1292        4   -18.21   -21.50
  22600.0   1604   100/100    8.02    2.17    ~0.11    ~0.59   1482   -20.57    122   -28.50      0        -      0        -      0        -      1257        4   -16.38   -21.19
  22700.0   1608   100/100    7.60    2.14    ~0.12    ~0.62   1488   -20.50    120   -28.44      0        -      0        -      0        -      1297        3   -20.11   -21.09
  22800.0   1601   100/100    7.51    1.74    ~0.12    ~0.63   1482   -20.60    119   -27.75      0        -      0        -      0        -      1267        3   -20.44   -21.13
  22900.0   1589   100/100    7.58    2.06    ~0.12    ~0.61   1469   -20.54    120   -27.51      0        -      0        -      0        -      1237        6   -24.29   -21.05
  23000.0   1582   100/100    7.41    1.96    ~0.12    ~0.60   1468   -20.52    114   -26.96      0        -      0        -      0        -      1239        6   -23.17   -20.98
  23100.0   1591   100/100    7.03    2.44    ~0.11    ~0.60   1481   -20.53    110   -26.09      0        -      0        -      0        -      1259        6   -23.48   -20.91
  23200.0   1598   100/100    6.33    1.97    ~0.11    ~0.60   1493   -20.45    105   -24.85      0        -      0        -      0        -      1259        6   -22.69   -20.73
  23300.0   1613   100/100    6.15    1.86    ~0.12    ~0.59   1512   -20.54    101   -24.40      0        -      0        -      0        -      1277        6   -22.88   -20.78
  23400.0   1615   100/100    6.53    1.99    ~0.12    ~0.59   1516   -20.64     99   -24.78      0        -      0        -      0        -      1306        6   -21.56   -20.89
  23500.0   1609   100/100    7.65    1.79    ~0.11    ~0.59   1512   -20.70     96   -24.52      0        -      0        -      1   -31.09      1306        7   -21.50   -20.93
  23600.0   1608   100/100    7.88    1.85    ~0.11    ~0.61   1513   -20.81     94   -23.99      0        -      0        -      1   -29.10      1278        7   -19.64   -21.01
  23700.0   1600   100/100    8.33    2.16    ~0.11    ~0.58   1501   -20.46     98   -23.85      0        -      0        -      1   -25.06      1303        7   -18.70   -20.68
  23800.0   1610   100/100    7.93    1.83    ~0.11    ~0.59   1508   -20.52    101   -23.92      0        -      0        -      1   -24.47      1284        7   -18.81   -20.74
  23900.0   1617   100/100    8.30    1.97    ~0.11    ~0.61   1517   -20.70     99   -23.98      0        -      0        -      1   -25.06      1278        7   -20.56   -20.91
  24000.0   1614   100/100    7.29    1.89    ~0.11    ~0.59   1517   -21.11     96   -24.29      0        -      0        -      1   -20.91      1284        7   -22.94   -21.29
  24100.0   1599   100/100    6.93    2.53    ~0.11    ~0.59   1503   -21.45     95   -24.58      0        -      0        -      1   -22.02      1303        7   -25.95   -21.62
  24200.0   1587   100/100    7.29    1.94    ~0.12    ~0.58   1482   -20.99    104   -26.10      0        -      0        -      1   -24.39      1276        5   -22.50   -21.32
  24300.0   1565   100/100    7.67    2.09    ~0.12    ~0.58   1455   -20.61    109   -26.77      0        -      0        -      1   -29.95      1252        6   -23.65   -21.03
  24400.0   1580   100/100    9.10    2.04    ~0.11    ~0.61   1474   -20.75    105   -26.14      0        -      0        -      1   -32.34      1280        8   -24.13   -21.10
  24500.0   1591   100/100    7.11    1.84    ~0.11    ~0.59   1484   -21.01    106   -26.97      0        -      0        -      1   -38.54      1258        8   -24.39   -21.40
  24600.0   1602   100/100    6.79    2.58    ~0.12    ~0.63   1492   -21.00    110   -27.85      0        -      0        -      0        -      1269        7   -23.86   -21.46
  24700.0   1593   100/100    6.83    2.14    ~0.11    ~0.62   1488   -21.12    105   -27.36      0        -      0        -      0        -      1235        6   -20.19   -21.54
  24800.0   1565   100/100    6.77    1.89    ~0.11    ~0.62   1455   -21.01    110   -28.34      0        -      0        -      0        -      1245        4   -15.45   -21.54
  24900.0   1550   100/100    6.77    2.20    ~0.12    ~0.63   1440   -20.63    109   -28.22      0        -      0        -      1   -27.31      1212        4   -16.19   -21.18
  25000.0   1558   100/100    7.80    2.28    ~0.11    ~0.63   1450   -20.52    107   -27.97      0        -      0        -      1   -25.57      1212        4   -17.95   -21.04
  25100.0   1564   100/100    7.96    2.31    ~0.11    ~0.61   1462   -20.50    101   -26.93      0        -      0        -      1   -22.12      1234        4   -16.27   -20.92
  25200.0   1537   100/100    7.64    1.90    ~0.11    ~0.63   1428   -20.07    107   -27.66      0        -      0        -      2   -23.89      1196        4   -14.81   -20.62
  25300.0   1561   100/100    7.02    1.83    ~0.11    ~0.60   1453   -20.30    106   -27.54      0        -      0        -      2   -20.46      1241        4   -14.03   -20.80
  25400.0   1564   100/100    7.60    2.04    ~0.12    ~0.58   1456   -20.24    106   -26.68      0        -      0        -      2   -18.49      1240        4   -15.74   -20.69
  25500.0   1583   100/100    7.71    1.97    ~0.12    ~0.58   1478   -20.53    103   -25.80      0        -      0        -      2   -14.79      1257        5   -20.70   -20.86
  25600.0   1588   100/100    9.29    2.31    ~0.11    ~0.58   1489   -20.81     97   -25.07      0        -      0        -      2   -16.99      1242        4   -19.76   -21.07
  25700.0   1586   100/100    7.12    1.86    ~0.11    ~0.61   1485   -20.52    100   -24.54      0        -      0        -      1   -10.11      1251        3   -17.01   -20.77
  25800.0   1582   100/100    6.23    1.73    ~0.11    ~0.56   1483   -20.39     98   -23.80      0        -      0        -      1   -10.24      1282        3   -16.27   -20.60
  25900.0   1584   100/100    7.37    1.68    ~0.11    ~0.55   1485   -20.56     98   -24.07      0        -      0        -      1   -17.42      1277        3   -14.57   -20.79
  26000.0   1594   100/100    7.75    2.12    ~0.12    ~0.62   1490   -20.71    103   -24.67      0        -      0        -      1   -18.69      1249        3   -16.37   -20.97
  26100.0   1605   100/100    7.76    2.23    ~0.11    ~0.61   1500   -20.95    104   -25.24      0        -      0        -      1   -14.81      1293        3   -14.49   -21.23
  26200.0   1600   100/100    8.21    2.13    ~0.12    ~0.60   1493   -21.14    106   -25.29      0        -      0        -      1   -10.38      1251        3   -13.89   -21.43
  26300.0   1600   100/100    7.69    2.05    ~0.11    ~0.64   1497   -20.77    102   -24.43      0        -      0        -      1   -11.36      1295        3   -14.29   -21.01
  26400.0   1585   100/100    6.98    1.93    ~0.11    ~0.63   1481   -20.12    103   -23.16      0        -      0        -      1    -5.97      1260        3   -14.03   -20.32
  26500.0   1582   100/100    7.41    2.04    ~0.11    ~0.59   1479   -19.74    102   -22.61      0        -      0        -      1    -2.34      1248        3   -13.97   -19.93
  26600.0   1588   100/100    7.95    2.41    ~0.11    ~0.59   1485   -19.42    101   -22.51      0        -      0        -      2    -6.37      1308        3   -16.66   -19.60
  26700.0   1603   100/100    9.09    2.28    ~0.12    ~0.61   1500   -19.42    100   -22.53      0        -      0        -      3   -15.52      1297        3   -19.52   -19.61
  26800.0   1603   100/100    8.93    1.99    ~0.11    ~0.61   1500   -19.60    100   -22.71      0        -      0        -      3   -16.12      1305        3   -17.07   -19.79
  26900.0   1613   100/100    7.53    2.03    ~0.11    ~0.63   1509   -19.95    102   -22.88      0        -      0        -      2   -11.17      1304        3   -16.42   -20.13
  27000.0   1613   100/100    7.15    2.00    ~0.12    ~0.60   1508   -20.16    103   -23.51      0        -      0        -      2   -15.98      1303        3   -16.91   -20.37
  27100.0   1620   100/100    8.97    1.73    ~0.10    ~0.57   1512   -20.23    105   -23.93      0        -      0        -      3   -23.60      1354        3   -17.46   -20.48
  27200.0   1625   100/100    8.73    2.62    ~0.12    ~0.58   1521   -20.58    102   -23.33      0        -      0        -      2   -19.75      1335        8   -26.59   -20.72
  27300.0   1620   100/100    7.07    1.85    ~0.11    ~0.66   1519   -20.65     99   -22.94      0        -      0        -      2   -18.25      1286        7   -25.56   -20.77
  27400.0   1617   100/100    7.55    2.35    ~0.12    ~0.63   1513   -20.48    102   -23.28      0        -      0        -      2   -15.88      1280        6   -25.92   -20.63
  27500.0   1611   100/100    8.20    2.22    ~0.12    ~0.61   1503   -20.49    106   -24.19      0        -      0        -      2   -17.95      1322        4   -22.28   -20.73
  27600.0   1608   100/100    7.03    2.12    ~0.11    ~0.66   1503   -20.36    103   -24.74      0        -      0        -      2   -18.41      1263        4   -20.60   -20.64
  27700.0   1608   100/100    7.20    2.18    ~0.11    ~0.62   1501   -20.27    105   -25.13      0        -      0        -      2   -16.89      1293        4   -22.55   -20.58
  27800.0   1615   100/100    7.36    1.99    ~0.11    ~0.60   1514   -20.27     99   -24.89      0        -      0        -      2   -22.34      1319        4   -20.79   -20.56
  27900.0   1626   100/100    6.83    2.37    ~0.12    ~0.60   1525   -20.18     98   -24.72      0        -      0        -      3   -24.34      1324        4   -20.56   -20.46
  28000.0   1625   100/100    7.51    1.90    ~0.11    ~0.60   1527   -20.02     95   -23.82      0        -      0        -      3   -22.86      1317        4   -19.41   -20.25
  28100.0   1636   100/100    7.78    1.77    ~0.11    ~0.58   1537   -19.95     96   -22.79      0        -      0        -      3   -19.63      1307        4   -15.58   -20.13
  28200.0   1631   100/100    7.20    2.40    ~0.11    ~0.55   1531   -19.66     97   -23.83      0        -      0        -      3   -17.84      1340        7   -22.17   -19.89
  28300.0   1649   100/100    6.56    2.08    ~0.11    ~0.54   1550   -19.85     96   -24.41      0        -      0        -      3   -17.66      1365        7   -21.82   -20.10
  28400.0   1663   100/100    6.96    2.09    ~0.11    ~0.58   1566   -20.12     94   -24.99      0        -      0        -      3   -19.09      1375        6   -20.32   -20.39
  28500.0   1653   100/100    6.63    2.39    ~0.11    ~0.57   1552   -20.07     98   -26.12      0        -      0        -      3   -20.17      1367        7   -22.40   -20.42
  28600.0   1631   100/100    7.63    1.96    ~0.11    ~0.60   1533   -19.87     95   -24.85      0        -      0        -      3   -19.27      1348        6   -19.44   -20.17
  28700.0   1626   100/100    8.92    2.23    ~0.11    ~0.57   1528   -19.96     93   -24.63      0        -      0        -      5   -24.30      1326        6   -19.46   -20.25
  28800.0   1634   100/100    8.31    1.76    ~0.11    ~0.56   1539   -20.05     91   -24.50      0        -      0        -      4   -22.27      1333        6   -14.77   -20.32
  28900.0   1627   100/100    8.26    1.96    ~0.11    ~0.58   1537   -19.87     86   -24.50      0        -      0        -      4   -20.18      1300        6   -14.26   -20.14
  29000.0   1633   100/100    8.84    2.01    ~0.11    ~0.59   1540   -19.97     90   -25.81      0        -      0        -      3   -15.01      1322        7   -18.92   -20.29
  29100.0   1629   100/100    8.11    2.24    ~0.11    ~0.62   1536   -19.97     91   -26.84      0        -      0        -      2   -11.01      1289        6   -18.41   -20.35
  29200.0   1623   100/100    8.52    2.56    ~0.11    ~0.61   1529   -19.70     92   -26.51      0        -      0        -      2    -8.86      1296        8   -22.18   -20.07
  29300.0   1616   100/100    8.85    2.05    ~0.11    ~0.57   1519   -19.65     95   -27.07      0        -      0        -      2    -5.71      1332        6   -17.62   -20.08
  29400.0   1614   100/100    7.77    1.97    ~0.11    ~0.62   1515   -19.35     97   -27.52      0        -      0        -      2    -1.97      1288        5   -14.19   -19.84
  29500.0   1605   100/100    8.26    2.10    ~0.11    ~0.65   1512   -19.40     90   -27.61      0        -      0        -      3   -12.84      1297        5   -16.04   -19.86
  29600.0   1607   100/100    9.15    2.21    ~0.11    ~0.59   1518   -19.44     87   -26.74      0        -      0        -      2    -6.37      1305        4   -16.89   -19.83
  29700.0   1624   100/100   10.17    2.03    ~0.12    ~0.62   1536   -19.63     85   -25.90      0        -      0        -      3   -17.90      1305        6   -24.13   -19.94
  29800.0   1645   100/100    8.74    1.91    ~0.11    ~0.57   1560   -19.84     83   -26.11      0        -      0        -      2   -10.79      1362        6   -24.08   -20.13
  29900.0   1646   100/100    6.88    2.16    ~0.11    ~0.59   1558   -20.13     86   -27.12      0        -      0        -      2   -16.05      1333        5   -21.89   -20.48
  30000.0   1623   100/100    6.90    2.01    ~0.11    ~0.57   1538   -19.84     83   -27.37      0        -      0        -      2   -19.20      1323        5   -22.90   -20.21

300 of 300 samples printed
