== r37-s1  (**Ended:** budget reached.)
  t	alive	cols	x sd	p0	p1	p2	p3	jnt inh	mean m/s	diverged	wraps	crowded	audit	mat resid	depth m	depth sd	jointed	mat blk	food %	absorpt
  1000	176	61/100	3.71	7	16	40	113	81	0.062	0	0	1	0.0000%	0	-14.3	3.83	90	16150	1.03%	2
  2000	264	67/100	3.23	4	15	65	180	57	0.0468	0	0	0	0.0000%	0	-8.4	6.11	59	26579	7.95%	89
  3000	449	94/100	3.50	35	46	70	298	83	0.0679	0	0	0	0.0000%	0	-20	5.4	85	34295	8.94%	150
  4000	493	89/100	3.63	10	14	152	317	89	0.0438	0	0	0	0.0000%	0	-0.9	0.59	91	84574	10.79%	165
  5000	752	87/100	2.89	84	108	122	438	82	0.0904	0	0	0	0.0000%	0	-28.2	7.73	84	92140	11.18%	282
  6000	868	77/100	3.48	0	26	262	580	64	0.0492	0	0	0	0.0000%	0	-1	1.48	64	65835	12.91%	297
  7000	1033	75/100	2.51	5	48	214	766	54	0.0888	0	0	0	0.0000%	0	-10.8	5.67	54	141232	11.83%	289
  8000	938	91/100	3.12	33	165	222	518	32	0.0394	0	0	0	0.0000%	0	-55.3	7.68	32	76662	12.42%	266
  9000	436	77/100	3.10	21	23	41	351	0	0.0526	0	0	0	0.0000%	0	-36	23.42	0	8304	21.44%	196
  10000	702	85/100	3.33	28	68	87	519	0	0.0902	0	0	0	0.0000%	0	-39.3	15.75	0	6540	9.02%	112
  11000	648	75/100	3.77	7	21	28	592	0	0.0315	0	0	0	0.0000%	0	-13.9	21.39	0	57269	4.21%	68
  12000	941	69/100	3.75	5	21	159	756	0	0.0485	0	0	0	0.0000%	0	-6.3	3.45	0	100116	5.18%	115
  13000	1146	65/100	3.81	3	6	59	1078	0	0.0302	0	0	0	0.0000%	0	-4.1	6.8	0	201253	9.21%	162
  14000	1341	71/100	3.08	3	58	361	919	0	0.0848	0	0	0	0.0000%	0	-11	3.14	0	209541	9.63%	162
  15000	1518	63/100	3.82	6	4	51	1457	0	0.0254	0	0	0	0.0000%	0	-1.4	1.71	0	262621	8.96%	162
  16000	1663	84/100	3.10	40	143	461	1019	0	0.0351	0	0	0	0.0000%	0	-37.8	2.5	0	261651	8.63%	154
  17000	1618	92/100	3.52	17	52	255	1294	0	0.0551	0	0	0	0.0000%	0	-27.6	19.64	0	225531	9.19%	173
  18000	1568	96/100	3.28	126	250	519	673	0	0.0622	0	0	0	0.0000%	0	-38.6	4.42	0	183839	9.86%	201
  19000	1094	106/100	3.51	52	117	327	598	0	0.0258	0	0	0	0.0000%	0	-55.8	12.13	0	84756	12.59%	182
  20000	881	93/100	3.03	15	98	116	652	0	0.0531	0	0	0	0.0000%	0	-23.2	10.95	0	14191	5.05%	115
  21000	845	104/100	2.99	124	118	85	518	0	0.0506	0	0	0	0.0000%	0	-28.8	24.38	0	39802	5.96%	116
  22000	903	85/100	3.08	14	122	246	521	0	0.0567	0	0	0	0.0000%	0	-19.8	5.93	0	69600	10.03%	187
  23000	1015	83/100	3.75	9	7	261	738	0	0.0384	0	0	0	0.0000%	0	-1.1	3.87	0	152412	9.84%	163
  24000	1220	89/100	3.72	67	120	191	842	0	0.0633	0	0	0	0.0000%	0	-28.8	5.37	0	187191	9.46%	163
  25000	1335	88/100	3.46	6	47	576	706	0	0.0514	0	0	0	0.0000%	0	-0.7	1.69	0	181756	8.51%	143
  26000	1453	84/100	3.65	46	136	202	1069	0	0.1266	0	0	0	0.0000%	0	-21.9	8.33	0	235597	7.33%	132
  27000	1334	93/100	2.90	61	162	326	785	0	0.042	0	0	0	0.0000%	0	-55.2	5.7	0	178074	5.66%	87
  28000	971	97/100	3.06	43	145	165	618	0	0.0561	0	0	0	0.0000%	0	-48.3	10.65	0	59587	5.13%	92
  29000	506	94/100	3.10	32	120	113	241	0	0.0425	0	0	0	0.0000%	0	-44.7	21.51	0	0	4.31%	54
  30000	682	77/100	3.89	13	14	57	598	0	0.0391	0	0	0	0.0000%	0	-12.8	20.27	0	83169	2.02%	60
== r37-s2  (**Ended:** budget reached.)
  t	alive	cols	x sd	p0	p1	p2	p3	jnt inh	mean m/s	diverged	wraps	crowded	audit	mat resid	depth m	depth sd	jointed	mat blk	food %	absorpt
  1000	232	78/100	3.06	16	51	58	107	153	0.0703	0	0	6	0.0000%	0	-18.5	4.28	157	16858	0.61%	0
  2000	420	104/100	3.22	35	54	151	180	245	0.0658	0	0	0	0.0000%	0	-1.4	1.69	249	60667	0.65%	0
  3000	743	90/100	3.66	26	85	132	500	288	0.1047	0	0	0	0.0000%	0	-23	9.07	292	105875	1.25%	34
  4000	1104	93/100	3.64	15	50	298	741	253	0.0889	0	0	0	0.0000%	0	-5.8	6.39	255	111309	5.04%	247
  5000	1456	79/100	2.97	10	34	112	1300	246	0.0564	0	0	0	0.0000%	0	-5.8	5.59	247	250027	8.68%	285
  6000	1522	94/100	3.37	76	157	367	922	191	0.0556	0	0	0	0.0000%	0	-53	7.4	192	214575	12.72%	288
  7000	1258	104/100	3.10	33	55	89	1081	61	0.0293	0	0	0	0.0000%	0	-53.4	13.62	61	123378	22.34%	435
  8000	1286	111/100	2.70	104	292	307	583	19	0.0823	0	0	0	0.0000%	0	-49.1	7.92	19	67657	35.69%	803
  9000	570	95/100	3.75	20	33	85	432	21	0.0477	0	0	0	0.0000%	0	-40.3	21.45	21	2525	24.12%	313
  10000	1205	92/100	4.12	20	84	125	976	118	0.051	0	0	0	0.0000%	0	-8.8	5.55	118	80723	9.36%	318
  11000	1461	88/100	4.01	18	15	59	1369	155	0.0268	0	0	0	0.0000%	0	-2.2	4.73	156	254331	10.43%	395
  12000	1595	85/100	3.06	27	128	207	1233	141	0.0802	0	0	0	0.0000%	0	-15	3.68	142	264556	10.55%	411
  13000	1713	89/100	3.59	24	15	80	1594	138	0.0293	0	0	0	0.0000%	0	-1.3	3.35	139	312444	9.5%	412
  14000	1827	99/100	3.36	65	83	120	1559	133	0.0567	0	0	0	0.0000%	0	-35.7	3.36	134	317270	9.29%	411
  15000	1861	101/100	3.35	20	89	243	1509	125	0.057	0	0	0	0.0000%	0	-6	10.13	126	309887	9.04%	398
  16000	1861	96/100	3.18	101	156	330	1274	99	0.0884	0	0	0	0.0000%	0	-32.5	6.11	100	328690	8.41%	376
  17000	1737	102/100	3.34	83	580	597	477	66	0.0365	0	0	0	0.0000%	0	-56.7	6.95	66	295709	7.88%	317
  18000	1670	95/100	3.69	91	236	275	1068	30	0.0653	0	0	0	0.0000%	0	-31.2	8.4	30	238324	6.95%	238
  19000	1476	108/100	2.03	473	544	222	237	12	0.0621	0	0	0	0.0000%	0	-53.2	8.86	12	175371	5.69%	155
  20000	1408	97/100	3.25	83	220	190	915	8	0.0906	0	0	0	0.0000%	0	-32.3	10.06	8	61256	3.09%	94
  21000	1589	85/100	3.54	12	15	248	1314	22	0.0368	0	0	0	0.0000%	0	-1	4.3	22	171352	2.73%	93
  22000	1673	83/100	3.07	58	221	279	1115	22	0.0999	0	0	0	0.0000%	0	-21.7	7	22	237680	4.55%	101
  23000	1715	81/100	3.76	9	12	415	1279	20	0.043	0	0	0	0.0000%	0	-0.6	2.39	20	234965	5.39%	104
  24000	1795	68/100	2.17	6	36	412	1341	20	0.0882	0	0	0	0.0000%	0	-9.9	5.57	20	294768	5.62%	104
  25000	1732	93/100	3.17	130	225	245	1132	17	0.0555	0	0	0	0.0000%	0	-51.2	6.14	17	280291	6.49%	107
  26000	1626	97/100	2.68	56	112	292	1166	19	0.05	0	0	0	0.0000%	0	-51	9.95	19	241238	7.19%	177
  27000	1580	103/100	2.83	83	375	389	733	10	0.0729	0	0	0	0.0000%	0	-53	6.11	10	193998	8.16%	206
  28000	1428	102/100	3.52	65	139	281	943	6	0.063	0	0	0	0.0000%	0	-45.7	12.88	6	122238	8.91%	193
  29000	1543	89/100	3.54	16	63	389	1075	3	0.0439	0	0	0	0.0000%	0	-20.9	4.24	3	52962	10.5%	291
  30000	1557	88/100	3.25	29	173	238	1117	3	0.067	0	0	0	0.0000%	0	-16.7	12.07	3	114731	10.37%	307
== r37-s3  (**Ended:** budget reached.)
  t	alive	cols	x sd	p0	p1	p2	p3	jnt inh	mean m/s	diverged	wraps	crowded	audit	mat resid	depth m	depth sd	jointed	mat blk	food %	absorpt
  1000	202	62/100	3.47	5	7	35	155	89	0.0595	0	0	0	0.0000%	0	-6.9	4.7	105	28574	5.62%	59
  2000	403	82/100	3.66	9	32	97	265	123	0.0845	0	0	0	0.0000%	0	-18	4.56	137	20951	7.3%	171
  3000	408	66/100	3.68	0	0	90	318	119	0.0379	0	0	0	0.0000%	0	-1.4	0.99	133	79646	9.23%	182
  4000	510	99/100	3.13	48	44	76	342	102	0.0592	0	0	2	0.0000%	0	-38.2	4.58	115	58333	10.19%	268
  5000	376	87/100	3.66	25	32	50	269	63	0.0422	0	0	0	0.0000%	0	-40.7	19.99	67	10115	11.16%	289
  6000	501	99/100	3.40	40	63	70	328	110	0.0848	0	0	0	0.0000%	0	-30.9	8.48	116	5650	16.18%	253
  7000	292	84/100	3.28	10	43	68	171	50	0.0462	0	0	0	0.0000%	0	-33.6	25.02	52	10124	20.54%	194
  8000	399	77/100	3.52	14	31	45	309	113	0.056	0	0	0	0.0000%	0	-14.7	8.65	117	38621	10.7%	184
  9000	480	78/100	3.80	6	18	83	373	135	0.0396	0	0	0	0.0000%	0	-7.3	11.26	138	46546	8.53%	197
  10000	793	96/100	3.35	33	69	115	576	138	0.0546	0	0	0	0.0000%	0	-18.3	5.91	143	65249	9.35%	412
  11000	940	99/100	3.38	18	47	255	620	120	0.0436	0	0	0	0.0000%	0	-0.7	0.73	125	119214	9.11%	446
  12000	1167	90/100	3.64	74	246	230	617	112	0.0777	0	0	0	0.0000%	0	-28.5	6.6	117	171490	8.83%	473
  13000	1287	88/100	3.15	12	51	420	804	74	0.0489	0	0	0	0.0000%	0	-0.8	1.15	79	143086	9.54%	476
  14000	1414	80/100	4.06	6	113	311	984	59	0.1	0	0	0	0.0000%	0	-13.1	6.81	63	225834	9.14%	471
  15000	1406	104/100	3.18	67	365	337	637	35	0.047	0	0	0	0.0000%	0	-54.1	8.88	39	171778	9.63%	456
  16000	1118	101/100	3.55	65	135	176	742	17	0.0604	0	0	0	0.0000%	0	-45.8	13.6	18	80785	8%	342
  17000	1001	107/100	3.09	61	254	228	458	37	0.0721	0	0	0	0.0000%	0	-50	11.26	38	3697	4.94%	279
  18000	503	83/100	3.46	10	30	54	409	139	0.0478	0	0	0	0.0000%	0	-29	23.94	139	33170	5.11%	172
  19000	630	78/100	3.34	6	37	174	413	246	0.0566	0	0	0	0.0000%	0	-9.5	6.77	247	66697	4.64%	189
  20000	824	72/100	3.95	5	12	81	726	253	0.0354	0	0	0	0.0000%	0	-5.5	9.41	255	135844	7.67%	249
  21000	1039	80/100	3.13	6	53	233	747	239	0.082	0	0	0	0.0000%	0	-9.1	3.41	241	140486	8.08%	265
  22000	1276	82/100	3.62	7	11	182	1076	234	0.0297	0	0	0	0.0000%	0	-1.5	1.19	236	209056	7.59%	295
  23000	1471	90/100	3.31	33	269	402	767	201	0.0383	0	0	0	0.0000%	0	-36.1	4.21	203	215537	7.94%	356
  24000	1454	91/100	3.50	10	68	221	1155	145	0.0451	0	0	0	0.0000%	0	-15.6	18.26	147	209020	8.47%	373
  25000	1539	97/100	2.58	73	157	374	935	116	0.0697	0	0	0	0.0000%	0	-38.2	6.37	118	208584	8.81%	435
  26000	1403	107/100	3.28	44	121	497	741	102	0.0258	0	0	0	0.0000%	0	-55.5	11.06	105	164525	9.54%	469
  27000	1429	108/100	3.60	42	200	324	863	60	0.0477	0	0	0	0.0000%	0	-31.7	9.62	61	108972	11.13%	541
  28000	1203	117/100	2.75	367	292	202	342	37	0.0669	0	0	0	0.0000%	0	-50.8	10.55	37	36515	13.91%	576
  29000	730	88/100	3.52	18	79	201	432	117	0.0621	0	0	0	0.0000%	0	-22.2	8.45	117	3842	6.34%	258
  30000	925	85/100	3.53	7	15	239	664	148	0.038	0	0	0	0.0000%	0	-1.4	6.02	148	138153	7.89%	287
== r37-s4  (**Ended:** budget reached.)
  t	alive	cols	x sd	p0	p1	p2	p3	jnt inh	mean m/s	diverged	wraps	crowded	audit	mat resid	depth m	depth sd	jointed	mat blk	food %	absorpt
  1000	469	84/100	3.32	33	58	80	298	112	0.0901	0	0	0	0.0000%	0	-18.5	5.96	118	42410	2.57%	3
  2000	808	96/100	3.65	16	38	196	558	112	0.0527	0	0	0	0.0000%	0	-1.7	3.22	120	109974	2.78%	10
  3000	1119	79/100	2.82	7	37	155	920	130	0.0753	0	0	0	0.0000%	0	-9.4	7.89	137	184771	5.22%	46
  4000	1409	89/100	2.21	19	149	442	799	112	0.0592	0	0	0	0.0000%	0	-29.7	6.28	119	157043	6.93%	53
  5000	1719	78/100	3.85	9	13	72	1625	104	0.026	0	0	0	0.0000%	0	-2	4.28	110	278402	8.02%	104
  6000	1837	98/100	2.71	155	349	433	900	83	0.0756	0	0	0	0.0000%	0	-47.9	6.94	87	286668	9.69%	113
  7000	1680	96/100	3.99	20	42	138	1480	62	0.0291	0	0	0	0.0000%	0	-55	9.17	64	210729	11.82%	136
  8000	1772	93/100	3.42	142	211	250	1169	51	0.0773	0	0	0	0.0000%	0	-37	7.59	54	123502	16.26%	324
  9000	1358	113/100	2.80	130	261	401	566	84	0.0364	0	0	0	0.0000%	0	-53.2	10.62	84	46175	22.76%	479
  10000	981	107/100	3.30	32	135	177	637	188	0.0762	0	0	0	0.0000%	0	-15.8	7.47	188	3719	24.82%	440
  11000	1390	90/100	3.78	14	25	90	1261	183	0.031	0	0	0	0.0000%	0	-1.8	4.78	184	163896	11.91%	369
  12000	1564	101/100	3.51	84	202	236	1042	147	0.0645	0	0	0	0.0000%	0	-25.8	4.03	148	175988	9.12%	282
  13000	1698	96/100	3.55	19	32	233	1414	116	0.0391	0	0	0	0.0000%	0	-1.1	3.94	117	261437	7.14%	223
  14000	1795	94/100	2.99	36	698	400	661	68	0.0592	0	0	0	0.0000%	0	-36.2	4.99	69	281314	5.74%	171
  15000	1677	95/100	3.54	18	119	486	1054	32	0.0269	0	0	0	0.0000%	0	-56.2	8.74	33	239829	3.71%	100
  16000	1599	98/100	2.73	154	366	372	707	14	0.0632	0	0	0	0.0000%	0	-37.9	6.4	15	167505	1.21%	34
  17000	1302	108/100	2.48	369	356	237	340	4	0.0449	0	0	0	0.0000%	0	-55.9	8.64	5	73730	0.47%	16
  18000	1008	94/100	3.56	31	67	247	663	4	0.0752	0	0	0	0.0000%	0	-27.7	13.38	4	19468	0.99%	35
  19000	1288	96/100	3.70	37	137	160	954	12	0.0612	0	0	0	0.0000%	0	-19.3	16.15	14	63866	5.33%	131
  20000	1265	90/100	3.72	29	158	286	792	16	0.0617	0	0	0	0.0000%	0	-23.9	10.18	20	87731	5.25%	186
  21000	1482	96/100	3.41	15	20	420	1027	15	0.0442	0	0	0	0.0000%	0	-0.8	3.66	20	188794	7.59%	216
  22000	1644	80/100	3.34	18	160	290	1176	15	0.1136	0	0	0	0.0000%	0	-15.8	8.31	20	255390	8.29%	229
  23000	1766	82/100	3.30	6	217	515	1028	15	0.0968	0	0	0	0.0000%	0	-7.6	5.54	20	254853	8.63%	224
  24000	1861	61/100	3.86	2	4	19	1836	15	0.0267	0	0	0	0.0000%	0	-2.3	2.9	20	315319	7.72%	221
  25000	1869	75/100	2.61	38	231	517	1083	14	0.0513	0	0	0	0.0000%	0	-54	4.98	19	309745	7.21%	205
  26000	1731	79/100	3.99	12	70	110	1539	9	0.026	0	0	0	0.0000%	0	-56.4	6.45	14	275940	5.53%	157
  27000	1706	100/100	2.73	150	309	386	861	3	0.0905	0	0	0	0.0000%	0	-47.4	5.33	8	215174	4.47%	138
  28000	1507	105/100	3.24	50	104	313	1040	1	0.0432	0	0	0	0.0000%	0	-51.7	8.03	5	111311	2.91%	89
  29000	1480	85/100	3.32	20	104	119	1237	0	0.0673	0	0	0	0.0000%	0	-14.9	4.37	0	26692	1.23%	60
  30000	1660	70/100	3.93	3	11	19	1627	0	0.0214	0	0	0	0.0000%	0	-1.8	5.91	1	179704	2.17%	57
== r37-s5  (**Ended:** budget reached.)
  t	alive	cols	x sd	p0	p1	p2	p3	jnt inh	mean m/s	diverged	wraps	crowded	audit	mat resid	depth m	depth sd	jointed	mat blk	food %	absorpt
  1000	280	92/100	3.43	18	37	81	144	107	0.0632	0	0	0	0.0000%	0	-1.6	2.47	109	30791	0.04%	0
  2000	604	75/100	2.83	11	26	65	502	133	0.0598	0	0	0	0.0000%	0	-7.6	5.67	135	81838	0.08%	0
  3000	678	100/100	3.00	125	182	136	235	108	0.0508	0	0	0	0.0000%	0	-52	14.05	110	48258	0.11%	0
  4000	542	100/100	3.41	24	39	64	415	88	0.0526	0	0	2	0.0000%	0	-38.4	22.4	89	32240	13.47%	233
  5000	571	84/100	3.19	22	68	72	409	131	0.0627	0	0	33	0.0000%	0	-18.9	14.45	132	21169	23.87%	195
  6000	768	90/100	3.22	14	64	132	558	78	0.058	0	0	0	0.0000%	0	-14.6	11.78	80	65322	18.73%	156
  7000	1269	75/100	3.46	8	10	130	1121	44	0.0454	0	0	0	0.0000%	0	-1.9	2.94	45	113260	11.11%	119
  8000	1452	67/100	4.22	4	8	45	1395	41	0.0385	0	0	0	0.0000%	0	-3.7	2.66	42	260819	9.55%	115
  9000	1608	73/100	2.68	3	96	178	1331	32	0.0896	0	0	0	0.0000%	0	-24.2	3.69	32	255001	7.88%	98
  10000	1758	69/100	3.86	2	7	30	1719	24	0.0242	0	0	0	0.0000%	0	-0.9	0.51	24	315197	6.76%	92
  11000	1834	79/100	2.23	38	42	452	1302	13	0.0673	0	0	0	0.0000%	0	-46.5	4.43	13	318699	5.03%	75
  12000	1715	69/100	3.38	4	8	51	1652	11	0.0119	0	0	0	0.0000%	0	-58.4	6.24	11	285498	4.01%	58
  13000	1642	90/100	3.22	86	144	171	1241	9	0.0655	0	0	0	0.0000%	0	-37.5	5.98	9	216987	1.69%	29
  14000	1350	112/100	3.29	222	389	321	418	11	0.0414	0	0	0	0.0000%	0	-52.9	9.34	11	102810	1.09%	23
  15000	1020	92/100	3.79	21	71	82	846	0	0.0495	0	0	0	0.0000%	0	-15.1	8.97	0	302	1.81%	51
  16000	1521	77/100	3.51	13	11	17	1480	1	0.0241	0	0	0	0.0000%	0	-1.3	5.65	2	198907	5.72%	94
  17000	1688	76/100	3.75	81	163	152	1292	1	0.065	0	0	0	0.0000%	0	-24.1	4.22	3	235953	6.98%	110
  18000	1752	68/100	3.77	3	5	296	1448	1	0.0372	0	0	0	0.0000%	0	-0.5	0.57	3	279067	7.33%	112
  19000	1823	83/100	2.15	188	326	403	906	1	0.0714	0	0	0	0.0000%	0	-33.1	4.68	3	293110	7.29%	112
  20000	1764	94/100	2.71	36	268	328	1132	1	0.0469	0	0	0	0.0000%	0	-46.6	11	3	279906	8.17%	124
  21000	1771	89/100	3.75	169	206	235	1161	1	0.0687	0	0	0	0.0000%	0	-32.8	7.16	3	262146	8.54%	140
  22000	1624	112/100	2.88	310	546	328	440	1	0.0538	0	0	0	0.0000%	0	-55.4	6.5	3	235971	9.08%	185
  23000	1543	103/100	3.54	128	233	350	832	1	0.0846	0	0	0	0.0000%	0	-36.5	12.64	3	184410	8.34%	132
  24000	1520	105/100	3.16	255	209	241	815	0	0.1164	0	0	0	0.0000%	0	-48.3	7.22	3	140460	6.09%	141
  25000	1034	85/100	3.33	25	147	141	721	0	0.0568	0	0	0	0.0000%	0	-44	15.17	0	9983	3.01%	142
  26000	1303	97/100	3.29	14	30	87	1172	0	0.0362	0	0	0	0.0000%	0	-1.4	4.33	0	94656	3.01%	104
  27000	1638	67/100	3.34	4	45	188	1401	0	0.0647	0	0	0	0.0000%	0	-7	5.1	0	257776	6.09%	161
  28000	1704	71/100	2.82	2	151	348	1203	0	0.0981	0	0	0	0.0000%	0	-7.9	2.67	0	249665	7.27%	171
  29000	1787	59/100	4.02	2	1	4	1780	0	0.0212	0	0	0	0.0000%	0	-1.3	0.96	0	317520	7.11%	175
  30000	1831	88/100	2.61	84	384	342	1021	0	0.0655	0	0	0	0.0000%	0	-46.1	4.56	0	311888	7.39%	179
== r36-s1  (**Ended:** budget reached.)
  t	alive	cols	x sd	p0	p1	p2	p3	jnt inh	mean m/s	diverged	wraps	crowded	audit	mat resid	depth m	depth sd	jointed	mat blk	food %	absorpt
  1000	155	76/100	5.50	27	30	42	56	99	0.0729	0	148	0	0.0000%	0	-12.5	7.2	105	15498	4.25%	18
  2000	226	89/100	6.98	60	40	61	65	71	0.0784	0	282	0	0.0000%	0	-18.8	12.23	76	21669	12.59%	118
  3000	260	91/100	7.06	63	84	45	68	144	0.0796	0	365	0	0.0000%	0	-18.2	10.31	146	21683	12.63%	113
  4000	302	93/100	8.33	88	68	82	64	162	0.0802	2	411	1	0.0000%	0	-17.5	11.4	164	17874	12.42%	135
  5000	307	99/100	6.10	75	90	89	53	166	0.0786	3	386	0	0.0000%	0	-18.1	10.51	169	19854	11.28%	150
  6000	311	93/100	6.60	72	58	107	74	149	0.0751	4	382	0	0.0000%	0	-16.1	9.15	154	18176	10.71%	129
  7000	300	96/100	7.02	68	68	90	74	125	0.0765	4	332	0	0.0000%	0	-15.7	9.71	130	25199	11.49%	98
  8000	319	95/100	6.25	105	82	66	66	181	0.0763	7	413	0	0.0000%	0	-16	10.38	184	29268	9.8%	133
  9000	374	96/100	6.58	77	128	87	82	178	0.075	7	410	4	0.0000%	0	-16.4	9.57	180	25972	10.91%	149
  10000	387	99/100	7.00	94	93	109	91	139	0.0788	9	465	0	0.0000%	0	-15.2	9.28	139	27434	10.56%	115
  11000	403	98/100	6.50	107	72	109	115	137	0.0779	12	465	0	0.0000%	0	-16.4	10.21	137	32394	11.24%	130
  12000	434	98/100	7.99	93	135	84	122	163	0.0808	13	447	0	0.0000%	0	-15.6	10.08	163	37023	9.87%	114
  13000	476	99/100	7.62	112	107	120	137	160	0.075	16	551	0	0.0000%	0	-16.2	9.55	160	38855	10.21%	140
  14000	505	98/100	7.26	122	150	93	140	137	0.0762	17	507	0	0.0000%	0	-17.3	10.69	140	37216	10.25%	155
  15000	576	98/100	6.73	176	132	186	82	140	0.0828	18	674	0	0.0000%	0	-18	10.27	141	37671	10.86%	187
  16000	582	98/100	7.23	112	184	108	178	133	0.0788	21	652	0	0.0000%	0	-17.4	9.95	136	39848	9.39%	157
  17000	619	100/100	7.24	176	108	194	141	140	0.0758	22	639	0	0.0000%	0	-16	9.93	142	43296	8.62%	158
  18000	679	99/100	8.05	173	170	151	185	141	0.0797	24	749	0	0.0000%	0	-17.9	10.42	143	51023	8.46%	162
  19000	685	99/100	6.93	197	181	180	127	134	0.0797	24	740	0	0.0000%	0	-16.3	10.48	137	50384	8.98%	180
  20000	757	100/100	8.09	199	160	194	204	128	0.0831	29	809	0	0.0000%	0	-17.8	10.85	130	59355	8.62%	157
  21000	846	100/100	7.25	194	199	203	250	116	0.0807	30	982	0	0.0000%	0	-17.5	10.09	119	59998	8.83%	167
  22000	857	100/100	8.70	239	207	220	191	107	0.0797	30	858	0	0.0000%	0	-18.5	10.43	111	57715	8.73%	157
  23000	866	99/100	7.20	194	280	168	224	88	0.0791	31	868	0	0.0000%	0	-16.3	10.36	89	66950	9.98%	142
  24000	904	100/100	8.90	237	206	261	200	106	0.0817	31	990	0	0.0000%	0	-17.6	10.95	107	74045	8.57%	152
  25000	959	100/100	6.92	155	325	213	266	86	0.0778	31	868	0	0.0000%	0	-18.3	10.38	87	76343	7.91%	135
  26000	978	100/100	7.17	236	226	300	216	82	0.0778	32	1005	0	0.0000%	0	-16.4	10.95	83	77681	7.06%	128
  27000	1022	100/100	7.44	244	305	223	250	93	0.0832	32	997	0	0.0000%	0	-16.9	11.32	94	88649	7.73%	144
  28000	1057	100/100	8.72	313	225	303	216	89	0.0812	32	1176	0	0.0000%	0	-16.7	11	89	88980	7.97%	143
  29000	1096	100/100	6.99	220	319	284	273	77	0.0794	33	1219	0	0.0000%	0	-16.9	11.56	80	93483	7.31%	130
  30000	1154	100/100	7.28	314	227	324	289	73	0.0811	33	1143	0	0.0000%	0	-17.3	11.4	75	96759	7.29%	128
== r36-s2  (**Ended:** budget reached.)
  t	alive	cols	x sd	p0	p1	p2	p3	jnt inh	mean m/s	diverged	wraps	crowded	audit	mat resid	depth m	depth sd	jointed	mat blk	food %	absorpt
  1000	237	88/100	6.56	55	76	55	51	113	0.0872	3	421	0	0.0000%	0	-11.4	6.51	119	21484	2.13%	4
  2000	464	100/100	6.90	112	96	134	122	154	0.0873	14	712	0	0.0000%	0	-13.5	8.62	163	43319	5.98%	20
  3000	724	100/100	8.48	183	194	172	175	134	0.082	21	1013	0	0.0000%	0	-15.4	10.02	148	69587	9.04%	24
  4000	928	100/100	7.88	263	227	262	176	116	0.082	28	1236	0	0.0000%	0	-17.2	11.07	124	89704	11.5%	64
  5000	1100	100/100	7.49	211	283	280	326	92	0.0884	31	1523	1	0.0000%	0	-17.4	11.94	101	99241	11.62%	52
  6000	1198	100/100	7.41	311	263	293	331	77	0.0872	37	1474	0	0.0000%	0	-17	11.25	81	121503	10.56%	38
  7000	1322	100/100	7.43	266	356	261	439	51	0.08	42	1449	0	0.0000%	0	-18.5	11.03	57	129588	8.99%	75
  8000	1408	100/100	6.67	429	260	336	383	42	0.086	45	1612	0	0.0000%	0	-18.3	12.29	50	140198	6.9%	93
  9000	1446	100/100	7.01	312	505	230	399	32	0.0826	47	1666	0	0.0000%	0	-19.3	13.03	42	143416	6.61%	128
  10000	1457	100/100	6.32	243	351	427	436	38	0.0803	49	1449	0	0.0000%	0	-20.2	12.94	45	138785	7.5%	134
  11000	1488	100/100	7.17	373	336	338	441	25	0.0864	49	1925	0	0.0000%	0	-18.3	12.15	29	135429	6.85%	135
  12000	1534	100/100	7.71	431	386	367	350	23	0.0822	49	1827	0	0.0000%	0	-18.6	12.1	28	140646	7.19%	125
  13000	1503	100/100	7.85	427	363	365	348	15	0.0828	52	1616	0	0.0000%	0	-18.4	13.61	17	155509	7.07%	133
  14000	1531	100/100	8.28	397	354	454	326	10	0.0838	52	1602	0	0.0000%	0	-18.3	11.9	13	145909	6.81%	112
  15000	1535	100/100	7.38	449	383	375	328	8	0.0823	53	1506	0	0.0000%	0	-18.6	12.09	9	158599	5.98%	88
  16000	1582	100/100	7.85	368	398	328	488	9	0.0807	53	1634	0	0.0000%	0	-19.9	12.23	10	152054	4.82%	70
  17000	1570	100/100	9.09	414	377	416	363	7	0.0868	54	1604	0	0.0000%	0	-19.8	13.65	7	145211	3.67%	55
  18000	1633	100/100	8.20	335	503	330	465	5	0.0819	54	1603	0	0.0000%	0	-20.3	12.41	7	149112	4.63%	76
  19000	1602	100/100	7.87	445	408	399	350	5	0.0824	54	1818	0	0.0000%	0	-20.5	14.26	6	147249	4.92%	81
  20000	1609	100/100	8.48	316	465	349	479	4	0.0909	54	1778	0	0.0000%	0	-19.5	12.51	5	142580	5.13%	79
  21000	1638	100/100	8.29	436	359	404	439	1	0.0863	54	1694	0	0.0000%	0	-21.1	13.05	4	147814	5.4%	94
  22000	1621	100/100	9.46	367	440	378	436	0	0.081	54	1802	0	0.0000%	0	-21.8	12.12	4	146041	5.6%	116
  23000	1582	100/100	7.41	440	365	492	285	3	0.0829	55	1591	0	0.0000%	0	-21	13.25	6	136352	6.26%	114
  24000	1614	100/100	7.29	357	398	475	384	3	0.0884	55	1743	0	0.0000%	0	-21.3	13.34	7	131150	5.93%	96
  25000	1558	100/100	7.80	378	390	450	340	3	0.0796	55	1636	0	0.0000%	0	-21	14.29	4	124752	5.7%	107
  26000	1594	100/100	7.75	394	350	455	395	2	0.0857	55	1481	0	0.0000%	0	-21	13.49	3	131213	5.72%	103
  27000	1614	100/100	7.15	420	446	319	429	2	0.0849	55	1686	0	0.0000%	0	-20.4	12.69	3	134560	6.29%	103
  28000	1625	100/100	7.51	372	424	446	383	4	0.0851	55	1712	0	0.0000%	0	-20.2	13.47	4	143824	6%	95
  29000	1634	100/100	8.84	337	462	354	481	5	0.0857	55	1693	0	0.0000%	0	-20.3	13.85	7	156299	5.6%	90
  30000	1624	100/100	6.90	411	468	426	319	4	0.0852	55	1870	0	0.0000%	0	-20.2	13.45	5	160657	4.38%	83
== r36-s3  (**Ended:** budget reached.)
  t	alive	cols	x sd	p0	p1	p2	p3	jnt inh	mean m/s	diverged	wraps	crowded	audit	mat resid	depth m	depth sd	jointed	mat blk	food %	absorpt
  1000	193	81/100	8.19	45	45	47	56	133	0.0838	2	361	0	0.0000%	0	-11.6	6.91	143	21812	3.7%	11
  2000	314	97/100	7.90	72	88	54	100	145	0.0825	4	399	0	0.0000%	0	-15.6	10.26	159	34882	8.86%	56
  3000	492	100/100	6.67	136	129	142	85	146	0.0804	4	595	0	0.0000%	0	-17.3	10.91	163	50114	10.75%	60
  4000	628	100/100	8.39	166	156	147	159	111	0.0824	7	815	0	0.0000%	0	-17.2	11.19	128	60351	10.73%	59
  5000	787	100/100	10.24	214	183	225	165	113	0.0795	8	905	0	0.0000%	0	-16.9	11.09	130	71001	12%	80
  6000	861	100/100	7.53	168	225	205	263	81	0.0825	8	798	0	0.0000%	0	-18.3	11.16	95	79336	11.21%	60
  7000	931	100/100	7.43	279	227	232	193	62	0.0837	10	1087	0	0.0000%	0	-17.8	11.45	74	90801	11.62%	76
  8000	1019	100/100	6.45	227	335	248	209	42	0.0794	11	1464	0	0.0000%	0	-19.4	11.67	52	92382	7.7%	42
  9000	1057	99/100	9.44	244	271	266	276	34	0.0806	13	1139	0	0.0000%	0	-19.8	11.15	41	89658	7.39%	59
  10000	1082	100/100	6.98	213	280	241	348	24	0.0804	13	1250	0	0.0000%	0	-20	11.58	29	92433	7.28%	59
  11000	1097	100/100	7.88	223	340	250	284	20	0.0818	14	1357	0	0.0000%	0	-19.3	11.59	27	91714	6.54%	79
  12000	1132	100/100	7.93	309	266	265	292	16	0.0791	14	1306	0	0.0000%	0	-18.1	11.65	21	101256	6.31%	86
  13000	1174	100/100	9.02	273	319	251	331	12	0.076	14	1274	0	0.0000%	0	-19.6	11.63	18	105840	6.85%	122
  14000	1210	100/100	7.78	376	231	354	249	3	0.0829	14	1468	0	0.0000%	0	-17.6	12.22	8	107073	5.72%	89
  15000	1209	100/100	9.81	278	318	312	301	10	0.0855	15	1307	0	0.0000%	0	-17.9	12.35	13	106820	5.71%	121
  16000	1237	100/100	7.57	405	258	327	247	4	0.0807	16	1148	0	0.0000%	0	-19.1	12	7	113543	6.15%	118
  17000	1216	100/100	7.25	336	322	251	307	3	0.0823	16	1495	0	0.0000%	0	-19	12.36	8	113839	6.99%	135
  18000	1284	100/100	7.59	376	307	348	253	3	0.082	17	1331	0	0.0000%	0	-18.4	12.07	6	117196	7.36%	142
  19000	1271	100/100	8.62	260	366	293	352	2	0.0803	17	1106	0	0.0000%	0	-19.2	12.62	6	118863	6.82%	131
  20000	1284	100/100	7.44	324	285	332	343	2	0.0858	17	1369	0	0.0000%	0	-19.4	11.82	9	109464	6.96%	141
  21000	1307	100/100	6.27	262	345	200	500	1	0.0777	18	1785	0	0.0000%	0	-20	11.41	6	107493	6.5%	132
  22000	1292	100/100	7.95	323	349	307	313	2	0.0786	18	1309	0	0.0000%	0	-18.4	12.13	5	107678	6.51%	129
  23000	1282	100/100	9.93	301	353	295	333	1	0.0832	18	1573	0	0.0000%	0	-18.6	12.67	4	116162	6.06%	122
  24000	1316	100/100	7.22	315	298	376	327	1	0.0862	19	1453	0	0.0000%	0	-19.2	12.48	3	118674	6.08%	119
  25000	1306	100/100	7.52	379	225	419	283	2	0.0775	19	1388	0	0.0000%	0	-19	11.94	4	117737	5.68%	120
  26000	1316	100/100	9.08	334	312	350	320	2	0.0873	19	1428	0	0.0000%	0	-19.2	12.84	3	114086	5.89%	126
  27000	1316	100/100	7.07	293	345	386	292	1	0.0853	19	1256	0	0.0000%	0	-19.7	13.07	1	111025	5.82%	136
  28000	1351	100/100	6.99	354	417	263	317	0	0.0753	20	1768	0	0.0000%	0	-19.5	11.81	5	108911	5.5%	138
  29000	1337	100/100	7.83	387	252	393	305	0	0.0836	20	1564	0	0.0000%	0	-19.3	12.55	2	117077	5.43%	118
  30000	1342	100/100	7.28	278	318	315	431	0	0.0838	20	1260	0	0.0000%	0	-19.8	12.57	2	121071	5.88%	131
== r36-s4  (**Ended:** budget reached.)
  t	alive	cols	x sd	p0	p1	p2	p3	jnt inh	mean m/s	diverged	wraps	crowded	audit	mat resid	depth m	depth sd	jointed	mat blk	food %	absorpt
  1000	364	96/100	9.10	65	102	83	114	97	0.0802	0	507	0	0.0000%	0	-11.2	7.01	102	36305	1.12%	2
  2000	549	100/100	7.18	126	141	158	124	90	0.0845	1	627	0	0.0000%	0	-14.8	9.91	95	61707	1.42%	3
  3000	756	100/100	7.33	177	212	192	175	67	0.0828	2	871	0	0.0000%	0	-18	12.14	71	81210	4.04%	199
  4000	1165	100/100	8.22	282	289	314	280	57	0.0874	2	1296	0	0.0000%	0	-22.6	15.95	61	129452	11.1%	566
  5000	1352	100/100	8.21	347	338	309	358	47	0.0852	3	1856	0	0.0000%	0	-22.4	15.71	51	137253	13.48%	700
  6000	1343	100/100	7.74	348	315	301	379	32	0.0835	5	1502	0	0.0000%	0	-22.1	14.97	35	129464	14%	653
  7000	1419	100/100	7.34	410	344	332	333	20	0.0865	5	1754	0	0.0000%	0	-21.9	14.81	21	121339	13.84%	697
  8000	1357	100/100	7.34	303	323	408	323	16	0.0857	5	1361	0	0.0000%	0	-22	13.22	17	105963	13.15%	525
  9000	1331	100/100	7.83	424	243	369	295	10	0.0798	5	1457	0	0.0000%	0	-21.5	13.94	11	98974	12.26%	468
  10000	1305	100/100	7.77	305	399	278	323	5	0.0862	5	1498	0	0.0000%	0	-21.5	12.92	5	95944	11.88%	439
  11000	1299	100/100	7.93	361	319	315	304	1	0.0869	6	1290	0	0.0000%	0	-20.3	13.38	1	105938	10.64%	328
  12000	1327	100/100	7.81	352	315	311	349	0	0.0789	6	1552	1	0.0000%	0	-19.9	12.93	0	110011	10.25%	361
  13000	1353	100/100	6.35	416	362	320	255	0	0.0863	6	1427	0	0.0000%	0	-20.4	13.07	0	127586	8.87%	308
  14000	1387	100/100	8.10	268	398	305	416	0	0.0862	6	1541	0	0.0000%	0	-21.6	12.82	0	126557	7.86%	301
  15000	1389	100/100	9.35	375	327	381	306	0	0.077	6	2058	0	0.0000%	0	-22.3	13.38	0	128943	7.2%	259
  16000	1356	100/100	7.01	359	335	280	382	0	0.0829	6	1504	0	0.0000%	0	-21.2	13.71	0	126917	6.03%	246
  17000	1365	100/100	7.22	343	378	372	272	0	0.084	6	1388	0	0.0000%	0	-21.7	13.18	0	119849	6.06%	218
  18000	1349	100/100	6.80	304	340	413	292	0	0.0806	6	1415	0	0.0000%	0	-21.8	13.55	0	116405	6.03%	223
  19000	1356	100/100	7.92	346	298	419	293	0	0.0796	6	1450	0	0.0000%	0	-21.2	14.48	0	121361	6.05%	219
  20000	1358	100/100	7.93	355	297	384	322	0	0.0827	6	1578	0	0.0000%	0	-20.3	12.74	0	127035	6.11%	229
  21000	1354	100/100	11.18	320	355	328	351	0	0.0823	6	1350	0	0.0000%	0	-20.8	13.4	0	123269	6.37%	251
  22000	1373	100/100	7.91	352	339	373	309	0	0.0871	6	1501	0	0.0000%	0	-21.4	13.73	0	128757	6.03%	251
  23000	1345	100/100	7.50	267	360	293	425	0	0.0846	6	1535	0	0.0000%	0	-21.3	13.47	0	121727	6.72%	234
  24000	1359	100/100	6.92	393	265	369	332	0	0.0798	6	1296	0	0.0000%	0	-22	12.6	0	118570	6.79%	221
  25000	1354	100/100	8.82	263	377	286	428	0	0.0822	6	1282	0	0.0000%	0	-23.2	13.23	0	114610	7.3%	245
  26000	1334	100/100	9.42	344	342	333	315	0	0.086	6	1486	0	0.0000%	0	-21.3	12.69	0	110807	7.08%	215
  27000	1337	100/100	9.27	276	384	290	387	0	0.0781	6	1399	0	0.0000%	0	-21.9	13.26	0	110648	7.1%	195
  28000	1318	100/100	7.52	396	315	323	284	0	0.0801	6	1342	0	0.0000%	0	-21.9	12.63	0	109916	7.16%	206
  29000	1317	100/100	7.93	330	308	358	321	0	0.0872	6	1441	0	0.0000%	0	-20.9	13.04	0	115627	6.94%	234
  30000	1329	100/100	7.28	321	283	377	348	0	0.0838	6	1496	0	0.0000%	0	-21.1	13.27	0	120579	6.41%	196
== r36-s5  (**Ended:** budget reached.)
  t	alive	cols	x sd	p0	p1	p2	p3	jnt inh	mean m/s	diverged	wraps	crowded	audit	mat resid	depth m	depth sd	jointed	mat blk	food %	absorpt
  1000	181	90/100	7.11	49	28	61	43	118	0.0755	6	340	0	0.0000%	0	-13.1	6.76	122	15835	0%	0
  2000	227	88/100	7.38	55	46	55	71	128	0.0801	9	442	0	0.0000%	0	-15.1	8.46	133	23481	0.2%	4
  3000	227	89/100	8.22	75	47	62	43	92	0.0819	10	344	0	0.0000%	0	-16.2	11.68	94	27525	6.9%	44
  4000	323	96/100	5.81	95	99	69	60	104	0.08	10	403	0	0.0000%	0	-14.7	11.69	105	35182	9.94%	47
  5000	577	98/100	6.78	113	185	135	144	78	0.0868	11	667	0	0.0000%	0	-17.9	12.9	79	43018	13.19%	139
  6000	623	100/100	10.43	144	173	149	157	44	0.0825	11	730	0	0.0000%	0	-15.6	10.33	45	56422	13.59%	101
  7000	732	100/100	6.35	216	208	122	186	23	0.0799	11	794	0	0.0000%	0	-17.6	11.71	23	60975	15.36%	123
  8000	817	100/100	7.13	258	176	198	185	22	0.0821	11	1193	0	0.0000%	0	-19.4	10.86	23	59058	15.03%	99
  9000	942	100/100	8.70	223	238	225	256	16	0.0857	12	1082	0	0.0000%	0	-19.8	12.05	16	53405	13.29%	129
  10000	1056	99/100	6.99	297	272	285	202	11	0.078	12	1051	0	0.0000%	0	-19.6	12.13	11	64016	10.66%	102
  11000	1064	100/100	7.44	242	250	297	275	21	0.087	13	1247	0	0.0000%	0	-18.2	11.71	21	82136	8.26%	76
  12000	1180	100/100	7.10	341	188	375	276	29	0.0861	13	1224	0	0.0000%	0	-19.1	12.11	29	85355	7.9%	46
  13000	1246	100/100	8.04	342	340	272	292	11	0.0815	16	1279	0	0.0000%	0	-18	12.32	11	92198	6.77%	77
  14000	1297	100/100	6.98	411	262	312	312	12	0.0821	16	1331	0	0.0000%	0	-18	13.3	14	116131	5.98%	59
  15000	1388	100/100	6.93	293	400	366	329	11	0.0838	16	1509	0	0.0000%	0	-18.2	12.57	12	116428	5.45%	61
  16000	1461	100/100	7.98	331	388	381	361	10	0.0852	16	1541	0	0.0000%	0	-19.3	12.73	11	124050	5.15%	75
  17000	1541	100/100	8.13	376	410	333	422	5	0.0807	16	1666	0	0.0000%	0	-19.7	14.1	6	130605	5.08%	65
  18000	1604	100/100	6.47	427	392	283	502	13	0.0856	16	1656	0	0.0000%	0	-19	13.44	14	134695	5.25%	62
  19000	1644	100/100	7.14	511	327	404	402	6	0.0825	16	1864	0	0.0000%	0	-19.3	14	6	147829	4.55%	54
  20000	1607	100/100	8.32	443	365	460	339	4	0.0894	17	2006	0	0.0000%	0	-20.5	13.06	4	141341	4.81%	54
  21000	1666	100/100	8.61	458	372	442	394	3	0.0846	17	1658	0	0.0000%	0	-20.5	13.21	4	133986	5.23%	67
  22000	1657	100/100	7.89	470	393	400	394	3	0.0841	17	2017	0	0.0000%	0	-20.8	13.79	4	135523	4.96%	74
  23000	1670	100/100	7.68	425	366	407	472	1	0.0877	17	1825	0	0.0000%	0	-21	13.47	1	127840	5.49%	75
  24000	1659	100/100	6.90	350	423	340	546	1	0.0854	17	1768	0	0.0000%	0	-21.8	14.01	1	121318	5.5%	83
  25000	1669	100/100	7.92	453	349	495	372	1	0.0812	17	1758	0	0.0000%	0	-21.5	14.07	1	124454	5.39%	83
  26000	1656	100/100	8.68	389	451	352	464	1	0.0845	17	1899	0	0.0000%	0	-20.8	13.58	2	126052	4.88%	73
  27000	1695	100/100	9.13	394	442	398	461	0	0.0886	17	1752	0	0.0000%	0	-20.1	14.08	0	126206	5.44%	86
  28000	1636	100/100	8.63	356	463	369	448	0	0.0868	17	1842	0	0.0000%	0	-20	14.02	0	140978	5.47%	93
  29000	1669	100/100	7.38	376	476	428	389	0	0.0835	17	1859	0	0.0000%	0	-21.2	14.31	0	139018	5.75%	83
  30000	1650	100/100	8.72	475	372	450	353	0	0.0853	17	1669	0	0.0000%	0	-21.9	14.13	0	131818	5.49%	80
