arm r37b-s5 | run 2026-09-13-011711-2430e660 | tank r=5.64 m (100 m2), 60 m deep, 4 ring(s)
columns of 1 m: 100 | lineage.jsonl: 11573 births, 63 clades

        t      n      cols    x sd    z sd     nn h    nn 3d   leaf   leaf y   stom   stom y   mixo   mixo y    jnt    jnt y  plain  plain y  clade 1m  jointed  joint y  rigid y
    100.0     41    33/100    2.56    2.24     0.74     2.13     33   -15.93      5   -21.85      0        -      3   -20.11      0        -         2       27   -17.48   -15.97
    200.0     56    41/100    2.58    2.23     0.55     1.58     53    -9.01      2   -20.95      0        -      1    -0.62      0        -         0       36    -9.17    -9.48
    300.0     73    50/100    2.56    2.44     0.49     1.60     72    -8.60      0        -      0        -      1    -0.94      0        -         4       47    -8.56    -8.38
    400.0     87    56/100    2.62    2.68     0.52     1.40     86    -8.04      0        -      0        -      1    -1.91      0        -         9       52    -7.79    -8.24
    500.0    111    60/100    2.36    2.41     0.40     1.34    110    -9.33      0        -      0        -      1    -2.10      0        -        12       58    -9.05    -9.49
    600.0    144    73/100    2.71    2.81     0.35     1.55    143   -12.87      0        -      0        -      1    -1.55      0        -        11       77   -12.26   -13.40
    700.0    143    66/100    2.73    3.14     0.32     1.27    142   -13.41      0        -      0        -      1    -2.27      0        -        16       83   -13.22   -13.48
    800.0    143    65/100    2.62    2.78     0.31     1.38    142   -14.27      0        -      0        -      1    -4.79      0        -        24       85   -13.55   -15.16
    900.0    161    75/100    2.78    2.70     0.33     1.24    160   -13.26      0        -      0        -      1    -3.59      0        -        26       86   -11.90   -14.69
   1000.0    172    72/100    2.94    2.54     0.31     1.25    171   -13.97      0        -      0        -      1    -3.48      0        -        13       95   -12.79   -15.29
   1100.0    178    73/100    2.92    2.67     0.29     1.19    177   -14.76      0        -      0        -      1    -4.73      0        -        28       99   -14.08   -15.48
   1200.0    180    76/100    2.61    2.48     0.31     1.23    179   -14.83      0        -      0        -      1    -5.38      0        -        31      104   -14.40   -15.30
   1300.0    189    75/100    2.40    2.75     0.30     1.16    188   -14.33      0        -      0        -      1    -4.43      0        -        30      111   -13.89   -14.83
   1400.0    192    77/100    2.54    2.78     0.29     1.28    190   -14.20      1   -23.61      0        -      1    -5.97      0        -        35      110   -13.53   -15.13
   1500.0    200    80/100    2.49    2.58     0.29     1.21    198   -13.95      1   -26.53      0        -      1    -7.15      0        -        38      115   -13.28   -14.93
   1600.0    207    81/100    2.67    2.35     0.31     1.19    205   -14.07      1   -28.01      0        -      1   -10.73      0        -        44      107   -13.03   -15.29
   1700.0    223    84/100    2.45    2.60     0.31     1.14    219   -14.52      3   -25.68      0        -      1    -9.92      0        -        50      100   -12.51   -16.40
   1800.0    231    86/100    2.59    2.66     0.29     1.18    227   -14.38      3   -32.26      0        -      1    -5.30      0        -        61       95   -12.20   -16.22
   1900.0    242    84/100    2.71    2.54     0.27     1.16    236   -14.65      5   -34.45      0        -      1    -8.72      0        -        71       95   -12.12   -16.91
   2000.0    245    81/100    2.63    2.62     0.28     1.09    238   -14.79      7   -31.61      0        -      0        -      0        -        74      107   -13.87   -16.35
   2100.0    243    83/100    2.74    2.65     0.27     1.14    230   -14.44     13   -30.54      0        -      0        -      0        -        74       96   -12.76   -16.96
   2200.0    236    81/100    2.88    2.54     0.27     1.28    212   -12.99     24   -30.12      0        -      0        -      0        -        57       89   -11.09   -16.93
   2300.0    248    85/100    3.02    2.52     0.27     1.13    217   -12.63     31   -29.75      0        -      0        -      0        -        73       90   -10.49   -17.21
   2400.0    253    85/100    2.91    2.73     0.25     1.13    221   -11.63     32   -29.31      0        -      0        -      0        -        73       96    -9.71   -16.41
   2500.0    257    89/100    3.05    2.50     0.26     1.19    221   -11.44     36   -26.67      0        -      0        -      0        -        72      100   -11.02   -15.20
   2600.0    272    83/100    2.84    2.65     0.25     1.09    230   -11.29     42   -27.08      0        -      0        -      0        -        83      103   -10.15   -15.92
   2700.0    280    84/100    2.53    2.63     0.25     1.08    238   -11.03     42   -29.58      0        -      0        -      0        -        91      105    -9.74   -16.26
   2800.0    301    84/100    2.58    2.56     0.22     1.11    257   -11.01     44   -28.37      0        -      0        -      0        -        79      114    -9.77   -15.85
   2900.0    303    92/100    2.69    2.70     0.25     1.17    255   -11.14     48   -27.41      0        -      0        -      0        -        72      113   -10.06   -15.89
   3000.0    305    93/100    2.73    2.65     0.22     1.15    253   -10.70     52   -27.28      0        -      0        -      0        -        80      113   -10.26   -15.45
   3100.0    311    87/100    2.51    2.83     0.25     1.14    257    -9.41     54   -25.91      0        -      0        -      0        -        93      119   -10.23   -13.54
   3200.0    336    87/100    2.67    2.78     0.24     1.07    272    -9.09     63   -26.12      0        -      0        -      1    -0.61       109      123    -9.94   -13.60
   3300.0    356    93/100    2.94    2.62     0.24     1.07    290    -8.62     66   -24.81      0        -      0        -      0        -        99      128    -9.40   -12.87
   3400.0    372    99/100    3.06    2.53     0.23     1.05    300    -7.92     72   -23.30      0        -      0        -      0        -       120      131    -9.28   -11.78
   3500.0    404    97/100    2.97    2.62     0.21     1.01    332    -7.86     72   -22.51      0        -      0        -      0        -       150      139    -8.97   -11.26
   3600.0    440    98/100    2.96    2.57     0.19     0.97    375    -8.80     64   -22.16      0        -      0        -      1   -16.95       181      157   -10.24   -11.05
   3700.0    456    99/100    2.90    2.69     0.21     0.93    396    -8.48     59   -20.41      0        -      0        -      1   -14.26       207      165   -10.02   -10.04
   3800.0    482    94/100    2.82    2.64     0.18     0.91    414    -8.50     67   -19.73      0        -      0        -      1   -15.53       210      177   -10.71    -9.71
   3900.0    507    97/100    2.75    2.49     0.19     0.88    431    -8.18     75   -18.32      0        -      0        -      1   -15.24       244      177   -10.28    -9.39
   4000.0    532    99/100    2.85    2.46     0.20     0.85    450    -7.97     81   -17.17      0        -      0        -      1   -14.37       263      183   -10.01    -9.05
   4100.0    546    99/100    2.67    2.49     0.20     0.86    466    -8.19     79   -16.96      0        -      0        -      1   -13.45       285      189   -10.25    -9.06
   4200.0    589    96/100    2.74    2.54     0.18     0.81    512    -8.69     75   -16.57      0        -      0        -      2   -15.12       317      201   -10.72    -9.19
   4300.0    601    96/100    2.82    2.48     0.18     0.82    519    -8.89     80   -15.86      0        -      0        -      2   -15.33       313      201   -10.88    -9.32
   4400.0    612    98/100    2.86    2.51     0.18     0.84    541    -9.09     70   -16.83      0        -      0        -      1   -12.47       322      217   -11.91    -8.92
   4500.0    630   100/100    2.98    2.65     0.18     0.82    574    -9.33     55   -15.33      0        -      0        -      1   -13.31       340      234   -12.24    -8.45
   4600.0    685   100/100    2.85    2.80     0.17     0.80    631    -9.92     53   -14.83      0        -      0        -      1   -12.08       368      252   -12.95    -8.77
   4700.0    701    99/100    2.90    2.67     0.17     0.83    640   -10.27     60   -14.71      0        -      0        -      1   -15.86       381      254   -13.08    -9.29
   4800.0    713    99/100    2.80    2.74     0.18     0.80    648   -10.16     64   -14.83      0        -      0        -      1   -12.42       394      248   -12.53    -9.54
   4900.0    734   100/100    3.06    2.71     0.17     0.80    669   -10.72     64   -15.21      0        -      0        -      1   -10.14       391      254   -13.13   -10.04
   5000.0    771    99/100    2.85    2.77     0.17     0.78    711   -11.65     59   -15.04      0        -      0        -      1   -12.26       420      260   -14.01   -10.84
   5100.0    820    99/100    2.82    2.86     0.16     0.78    763   -11.88     56   -15.22      0        -      0        -      1   -11.46       456      280   -14.40   -10.93
   5200.0    876   100/100    2.75    2.84     0.15     0.80    822   -12.47     53   -15.37      0        -      0        -      1   -18.12       522      297   -14.83   -11.53
   5300.0    927   100/100    2.84    2.83     0.15     0.78    873   -12.71     54   -15.67      0        -      0        -      0        -       541      310   -15.08   -11.78
   5400.0    964   100/100    2.78    2.83     0.15     0.77    909   -13.40     55   -16.24      0        -      0        -      0        -       607      316   -15.31   -12.72
   5500.0   1005   100/100    2.73    2.77     0.15     0.79    951   -13.07     54   -14.89      0        -      0        -      0        -       611      320   -15.05   -12.29
   5600.0   1039   100/100    2.99    2.70     0.14     0.78    987   -13.15     52   -13.29      0        -      0        -      0        -       651      318   -14.70   -12.47
   5700.0   1075   100/100    2.98    2.83     0.13     0.77   1024   -14.20     51   -16.29      0        -      0        -      0        -       685      320   -16.12   -13.53
   5800.0   1111   100/100    2.91    2.67     0.13     0.76   1065   -14.84     46   -16.54      0        -      0        -      0        -       771      329   -16.95   -14.05
   5900.0   1147   100/100    2.84    2.61     0.13     0.76   1106   -14.36     41   -13.56      0        -      0        -      0        -       761      349   -16.26   -13.48
   6000.0   1190   100/100    2.80    2.78     0.14     0.76   1147   -14.35     42   -13.75      1   -20.80      0        -      0        -       814      360   -16.18   -13.53
   6100.0   1217   100/100    2.78    2.71    ~0.13    ~0.74   1174   -14.68     42   -15.36      1   -12.36      0        -      0        -       827      355   -16.65   -13.90
   6200.0   1242    99/100    2.65    2.57    ~0.13    ~0.73   1195   -14.58     46   -16.93      1   -13.15      0        -      0        -       871      347   -16.38   -14.00
   6300.0   1268   100/100    2.60    2.84    ~0.13    ~0.72   1220   -14.90     47   -18.00      1   -14.53      0        -      0        -       922      347   -16.54   -14.45
   6400.0   1289   100/100    2.75    2.60    ~0.13    ~0.72   1240   -14.71     48   -18.70      1   -10.02      0        -      0        -       898      345   -16.64   -14.20
   6500.0   1312   100/100    2.69    2.63    ~0.12    ~0.76   1266   -14.42     45   -19.46      1    -8.50      0        -      0        -       944      343   -16.53   -13.90
   6600.0   1328   100/100    2.71    2.61    ~0.12    ~0.72   1281   -14.40     46   -20.23      1    -9.53      0        -      0        -       971      340   -16.61   -13.91
   6700.0   1351   100/100    2.82    2.69    ~0.13    ~0.71   1305   -14.61     45   -20.22      1   -13.31      0        -      0        -       979      342   -16.74   -14.14
   6800.0   1368    99/100    2.84    2.70    ~0.13    ~0.74   1328   -14.66     39   -20.24      1    -3.94      0        -      0        -      1007      350   -16.76   -14.15
   6900.0   1392    99/100    2.62    2.66    ~0.12    ~0.71   1356   -14.89     35   -21.02      1    -5.11      0        -      0        -      1053      364   -16.89   -14.39
   7000.0   1417   100/100    2.79    2.59    ~0.13    ~0.70   1386   -15.26     30   -20.45      1    -4.26      0        -      0        -      1068      365   -16.80   -14.86
   7100.0   1427   100/100    2.92    2.76    ~0.13    ~0.74   1398   -15.38     28   -19.86      1    -3.98      0        -      0        -      1066      352   -16.32   -15.18
   7200.0   1451   100/100    2.85    2.89    ~0.12    ~0.74   1426   -16.37     24   -21.22      1    -4.89      0        -      0        -      1089      355   -17.22   -16.19
   7300.0   1471   100/100    2.80    2.69    ~0.12    ~0.72   1451   -16.69     19   -22.70      1    -5.04      0        -      0        -      1137      349   -17.57   -16.51
   7400.0   1508   100/100    2.77    2.76    ~0.12    ~0.76   1490   -16.95     17   -25.33      1    -4.01      0        -      0        -      1130      346   -17.18   -16.99
   7500.0   1526   100/100    2.82    2.86    ~0.12    ~0.73   1509   -17.10     16   -24.09      1    -5.14      0        -      0        -      1149      348   -17.56   -17.05
   7600.0   1538   100/100    2.81    2.83    ~0.11    ~0.74   1521   -17.54     16   -25.89      1    -5.88      0        -      0        -      1145      344   -18.37   -17.40
   7700.0   1546   100/100    2.70    2.80    ~0.12    ~0.72   1530   -17.58     15   -24.82      1   -10.86      0        -      0        -      1169      336   -18.37   -17.44
   7800.0   1568   100/100    2.78    2.87    ~0.12    ~0.75   1550   -17.76     16   -25.16      1   -15.88      0        -      1   -33.36      1170      329   -18.16   -17.77
   7900.0   1586   100/100    2.70    2.92    ~0.12    ~0.75   1569   -17.77     16   -25.44      1   -17.52      0        -      0        -      1202      326   -18.21   -17.75
   8000.0   1602   100/100    2.67    2.85    ~0.11    ~0.73   1585   -17.73     16   -24.28      1   -25.65      0        -      0        -      1245      324   -18.47   -17.63
   8100.0   1610   100/100    2.64    2.75    ~0.11    ~0.74   1594   -17.79     15   -26.41      1   -25.44      0        -      0        -      1263      320   -18.40   -17.75
   8200.0   1631   100/100    2.72    2.85    ~0.11    ~0.71   1610   -17.82     15   -26.39      6   -34.00      0        -      0        -      1283      316   -18.59   -17.80
   8300.0   1631    99/100    2.75    2.76    ~0.11    ~0.73   1610   -17.80     15   -27.81      6   -32.34      0        -      0        -      1259      313   -18.86   -17.73
   8400.0   1648   100/100    2.81    2.82    ~0.11    ~0.71   1628   -17.90     14   -28.99      6   -32.36      0        -      0        -      1335      313   -19.18   -17.79
   8500.0   1653   100/100    2.77    2.76    ~0.11    ~0.72   1635   -17.80     12   -28.78      6   -29.98      0        -      0        -      1320      300   -18.12   -17.87
   8600.0   1666   100/100    2.75    2.77    ~0.11    ~0.71   1649   -18.07     11   -27.39      6   -27.52      0        -      0        -      1271      294   -17.56   -18.30
   8700.0   1672   100/100    2.77    2.95    ~0.11    ~0.71   1656   -18.41     10   -28.33      6   -26.04      0        -      0        -      1310      298   -18.70   -18.45
   8800.0   1677   100/100    2.78    2.84    ~0.11    ~0.73   1660   -18.74     11   -29.52      6   -28.64      0        -      0        -      1321      299   -19.63   -18.68
   8900.0   1678   100/100    2.79    2.85    ~0.12    ~0.75   1661   -18.41     11   -29.26      6   -25.48      0        -      0        -      1249      293   -18.93   -18.41
   9000.0   1679   100/100    2.80    2.76    ~0.12    ~0.76   1662   -18.22     11   -26.67      6   -24.21      0        -      0        -      1316      281   -18.34   -18.29
   9100.0   1686   100/100    2.84    2.78    ~0.11    ~0.72   1669   -18.41     11   -28.31      6   -21.38      0        -      0        -      1315      282   -19.10   -18.37
   9200.0   1701   100/100    2.85    2.78    ~0.11    ~0.74   1679   -18.46     14   -30.91      8   -23.73      0        -      0        -      1320      294   -19.97   -18.30
   9300.0   1706   100/100    2.65    2.77    ~0.11    ~0.71   1685   -18.98     13   -29.08      8   -20.50      0        -      0        -      1333      284   -19.51   -18.98
   9400.0   1700   100/100    2.77    2.85    ~0.11    ~0.74   1679   -18.81     13   -28.97      8   -21.35      0        -      0        -      1313      277   -19.13   -18.86
   9500.0   1710   100/100    2.87    2.78    ~0.11    ~0.76   1686   -19.26     16   -31.56      8   -23.51      0        -      0        -      1322      268   -19.49   -19.37
   9600.0   1709   100/100    2.79    2.75    ~0.11    ~0.76   1685   -19.07     16   -33.24      8   -23.27      0        -      0        -      1326      266   -19.44   -19.18
   9700.0   1707   100/100    2.79    2.76    ~0.11    ~0.77   1679   -18.85     19   -35.06      9   -23.50      0        -      0        -      1319      260   -19.08   -19.05
   9800.0   1708   100/100    2.94    2.72    ~0.11    ~0.72   1678   -19.04     21   -34.93      9   -23.94      0        -      0        -      1334      261   -19.79   -19.16
   9900.0   1715   100/100    2.85    2.75    ~0.11    ~0.72   1681   -19.42     25   -34.70      9   -24.58      0        -      0        -      1333      260   -20.36   -19.55
  10000.0   1723   100/100    2.78    2.80    ~0.11    ~0.74   1683   -19.27     31   -36.31      9   -24.91      0        -      0        -      1384      261   -20.47   -19.45
  10100.0   1731   100/100    2.77    2.80    ~0.11    ~0.72   1685   -19.15     36   -37.64     10   -25.49      0        -      0        -      1358      253   -20.16   -19.47
  10200.0   1733   100/100    2.75    2.84    ~0.11    ~0.74   1681   -19.23     42   -38.23     10   -25.13      0        -      0        -      1405      251   -20.28   -19.63
  10300.0   1748   100/100    2.69    2.84    ~0.11    ~0.72   1693   -19.42     45   -38.72     10   -26.57      0        -      0        -      1400      253   -20.71   -19.84
  10400.0   1742   100/100    2.71    2.78    ~0.11    ~0.71   1681   -19.32     51   -38.81     10   -25.87      0        -      0        -      1411      249   -20.12   -19.90
  10500.0   1741   100/100    2.78    2.81    ~0.11    ~0.74   1671   -19.28     59   -42.19     10   -25.16      1   -48.41      0        -      1341      254   -20.65   -20.02
  10600.0   1741   100/100    2.92    2.81    ~0.10    ~0.76   1664   -19.78     67   -42.75     10   -26.76      0        -      0        -      1334      250   -21.35   -20.59
  10700.0   1730   100/100    2.80    2.69    ~0.11    ~0.71   1640   -19.51     79   -42.63     11   -29.38      0        -      0        -      1342      259   -22.21   -20.35
  10800.0   1738   100/100    2.75    2.84    ~0.11    ~0.77   1635   -19.13     91   -42.80     12   -29.89      0        -      0        -      1341      264   -22.31   -20.11
  10900.0   1739   100/100    2.76    2.84    ~0.11    ~0.77   1628   -18.98     98   -42.86     13   -30.39      0        -      0        -      1305      269   -22.84   -19.97
  11000.0   1747   100/100    2.80    2.89    ~0.11    ~0.74   1619   -19.58    115   -42.00     13   -31.31      0        -      0        -      1316      277   -23.78   -20.64
  11100.0   1739   100/100    2.72    2.73    ~0.11    ~0.73   1601   -19.62    125   -42.25     13   -32.22      0        -      0        -      1348      282   -24.37   -20.75
  11200.0   1740   100/100    2.72    2.70    ~0.11    ~0.77   1584   -19.51    141   -42.30     15   -34.36      0        -      0        -      1288      279   -24.38   -20.93
  11300.0   1738   100/100    2.75    2.73    ~0.11    ~0.77   1572   -19.30    147   -42.50     19   -34.48      0        -      0        -      1305      280   -24.49   -20.84
  11400.0   1721   100/100    2.74    2.74    ~0.11    ~0.77   1545   -19.04    157   -42.31     19   -34.80      0        -      0        -      1284      271   -24.45   -20.76
  11500.0   1727   100/100    2.74    2.70    ~0.11    ~0.74   1538   -18.92    170   -42.59     19   -34.69      0        -      0        -      1325      276   -25.09   -20.73
  11600.0   1728   100/100    2.75    2.67    ~0.11    ~0.76   1532   -19.54    177   -41.37     19   -33.06      0        -      0        -      1294      272   -25.40   -21.28
  11700.0   1725   100/100    2.86    2.83    ~0.11    ~0.77   1524   -19.59    182   -41.60     19   -32.34      0        -      0        -      1287      264   -25.50   -21.43
  11800.0   1731   100/100    2.72    2.72    ~0.11    ~0.75   1521   -20.38    190   -41.82     20   -35.76      0        -      0        -      1260      260   -25.46   -22.46
  11900.0   1722   100/100    2.68    2.75    ~0.11    ~0.77   1505   -20.44    196   -40.86     21   -35.00      0        -      0        -      1264      261   -25.21   -22.54
  12000.0   1716   100/100    2.69    2.82    ~0.11    ~0.78   1500   -20.66    196   -39.43     20   -32.15      0        -      0        -      1263      256   -24.36   -22.69
  12100.0   1715   100/100    2.82    2.88    ~0.11    ~0.78   1500   -20.97    196   -39.54     19   -31.70      0        -      0        -      1254      251   -24.76   -22.94
  12200.0   1699   100/100    2.77    2.69    ~0.11    ~0.80   1482   -21.07    198   -40.23     19   -30.92      0        -      0        -      1222      253   -25.60   -23.03
  12300.0   1695   100/100    2.75    2.74    ~0.11    ~0.76   1480   -21.12    196   -39.32     19   -30.41      0        -      0        -      1218      250   -25.24   -23.00
  12400.0   1683   100/100    2.79    2.75    ~0.11    ~0.82   1469   -20.83    196   -38.45     18   -28.47      0        -      0        -      1209      243   -24.53   -22.70
  12500.0   1679   100/100    2.81    2.81    ~0.11    ~0.81   1453   -20.70    207   -38.58     18   -27.88      1   -34.75      0        -      1211      252   -25.55   -22.54
  12600.0   1670   100/100    2.81    2.73    ~0.11    ~0.79   1440   -20.46    212   -38.33     18   -26.83      0        -      0        -      1199      241   -24.96   -22.44
  12700.0   1655   100/100    2.77    2.69    ~0.11    ~0.78   1419   -20.36    218   -37.79     18   -27.15      0        -      0        -      1192      241   -24.76   -22.39
  12800.0   1649   100/100    2.79    2.71    ~0.12    ~0.80   1409   -20.28    223   -37.45     17   -26.45      0        -      0        -      1203      243   -24.78   -22.30
  12900.0   1648   100/100    2.82    2.80    ~0.11    ~0.79   1401   -20.63    231   -36.66     16   -25.27      0        -      0        -      1177      256   -25.51   -22.45
  13000.0   1628   100/100    2.80    2.74    ~0.12    ~0.77   1387   -20.29    225   -36.48     16   -24.85      0        -      0        -      1188      259   -25.22   -22.07
  13100.0   1623   100/100    2.88    2.66    ~0.12    ~0.76   1379   -19.99    228   -35.48     16   -24.34      0        -      0        -      1195      257   -24.88   -21.71
  13200.0   1610   100/100    2.95    2.64    ~0.11    ~0.81   1383   -19.77    212   -34.48     15   -24.32      0        -      0        -      1148      256   -23.68   -21.38
  13300.0   1594   100/100    2.89    2.70    ~0.12    ~0.80   1365   -19.75    213   -34.46     15   -26.58      0        -      1   -19.62      1146      250   -23.52   -21.46
  13400.0   1579   100/100    2.78    2.70    ~0.12    ~0.79   1360   -19.24    204   -34.10     15   -25.66      0        -      0        -      1140      245   -22.26   -21.03
  13500.0   1599   100/100    2.80    2.74    ~0.11    ~0.77   1382   -19.33    202   -33.51     15   -24.81      0        -      0        -      1156      238   -21.70   -21.08
  13600.0   1605   100/100    2.88    2.84    ~0.11    ~0.78   1396   -19.43    192   -32.95     16   -24.52      0        -      1   -24.79      1190      221   -20.97   -21.12
  13700.0   1607   100/100    2.81    2.74    ~0.11    ~0.78   1402   -19.53    186   -33.06     19   -23.20      0        -      0        -      1192      219   -20.69   -21.21
  13800.0   1605   100/100    2.88    2.64    ~0.12    ~0.77   1405   -19.39    181   -31.75     18   -22.46      0        -      1   -21.91      1180      228   -19.97   -20.96
  13900.0   1600   100/100    2.84    2.72    ~0.12    ~0.76   1411   -18.96    170   -30.38     18   -22.41      0        -      1   -20.45      1201      227   -19.07   -20.40
  14000.0   1590   100/100    2.81    2.80    ~0.12    ~0.76   1414   -18.73    158   -29.78     17   -21.49      0        -      1   -19.24      1215      226   -18.72   -20.05
  14100.0   1610   100/100    2.72    2.81    ~0.11    ~0.77   1439   -18.70    152   -28.16     18   -19.16      0        -      1   -12.07      1182      222   -17.99   -19.85
  14200.0   1623   100/100    2.76    2.79    ~0.11    ~0.77   1457   -19.08    147   -27.03     18   -19.26      0        -      1   -12.07      1206      228   -18.23   -20.05
  14300.0   1643   100/100    2.79    2.84    ~0.12    ~0.78   1482   -19.18    142   -26.48     18   -18.25      0        -      1    -7.78      1221      233   -18.36   -20.03
  14400.0   1646   100/100    2.77    2.91    ~0.12    ~0.76   1496   -19.49    131   -25.46     18   -18.36      0        -      1    -8.79      1250      225   -18.08   -20.24
  14500.0   1642   100/100    2.69    2.83    ~0.11    ~0.74   1495   -19.06    128   -24.25     18   -17.78      0        -      1   -10.03      1269      211   -17.03   -19.80
  14600.0   1661   100/100    2.85    2.77    ~0.12    ~0.76   1508   -18.95    134   -24.07     18   -18.10      0        -      1   -13.19      1266      221   -17.23   -19.67
  14700.0   1670   100/100    2.77    2.81    ~0.11    ~0.73   1520   -18.71    131   -23.48     18   -17.48      0        -      1   -11.66      1282      218   -16.50   -19.45
  14800.0   1687   100/100    2.85    2.78    ~0.11    ~0.74   1536   -18.88    131   -23.62     18   -17.93      0        -      2   -22.60      1342      211   -16.79   -19.59
  14900.0   1709   100/100    2.84    2.68    ~0.11    ~0.73   1558   -19.01    131   -23.61     18   -18.92      0        -      2   -23.62      1335      213   -17.26   -19.67
  15000.0   1714   100/100    2.90    2.68    ~0.11    ~0.75   1570   -18.90    126   -22.86     16   -16.92      0        -      2   -20.95      1342      213   -16.56   -19.55
  15100.0   1718   100/100    2.83    2.81    ~0.11    ~0.73   1577   -18.85    123   -22.09     16   -15.93      0        -      2   -20.02      1334      212   -16.40   -19.43
  15200.0   1721   100/100    2.81    2.78    ~0.11    ~0.72   1581   -19.34    123   -22.05     16   -18.40      0        -      1   -14.90      1349      217   -17.68   -19.79
  15300.0   1721   100/100    2.77    2.72    ~0.11    ~0.71   1579   -19.34    125   -21.80     16   -18.27      0        -      1   -17.18      1349      219   -17.77   -19.76
  15400.0   1720   100/100    2.88    2.64    ~0.11    ~0.74   1580   -19.30    123   -21.34     16   -17.78      0        -      1   -12.39      1368      218   -17.49   -19.71
  15500.0   1713   100/100    2.81    2.75    ~0.11    ~0.73   1576   -19.18    120   -21.17     16   -18.91      0        -      1   -16.31      1357      214   -17.29   -19.61
  15600.0   1714   100/100    2.80    2.72    ~0.11    ~0.72   1578   -19.02    119   -21.08     16   -18.32      0        -      1   -14.28      1352      213   -17.25   -19.42
  15700.0   1709   100/100    2.81    2.73    ~0.11    ~0.71   1569   -18.84    120   -20.80     19   -19.94      0        -      1   -13.10      1333      219   -17.55   -19.19
  15800.0   1701   100/100    2.72    2.84    ~0.11    ~0.74   1553   -18.49    126   -20.94     21   -21.20      0        -      1   -16.42      1346      221   -17.56   -18.88
  15900.0   1711   100/100    2.79    2.70    ~0.12    ~0.74   1554   -18.40    135   -21.99     21   -21.18      0        -      1   -19.55      1337      229   -17.97   -18.83
  16000.0   1704   100/100    2.65    2.75    ~0.11    ~0.70   1547   -18.05    135   -21.98     21   -21.44      0        -      1   -22.83      1354      225   -17.70   -18.51
  16100.0   1712   100/100    2.69    2.76    ~0.11    ~0.70   1554   -18.40    135   -22.08     21   -22.03      0        -      2   -24.18      1397      228   -17.98   -18.86
  16200.0   1713   100/100    2.76    2.93    ~0.11    ~0.71   1556   -18.42    136   -21.97     20   -22.74      0        -      1   -27.73      1387      232   -18.16   -18.85
  16300.0   1728   100/100    2.68    2.77    ~0.11    ~0.70   1567   -18.27    138   -22.11     21   -22.28      0        -      2   -26.69      1392      238   -18.91   -18.60
  16400.0   1734   100/100    2.78    2.76    ~0.11    ~0.70   1570   -17.97    142   -22.41     20   -20.31      0        -      2   -25.50      1404      234   -18.86   -18.30
  16500.0   1741   100/100    2.85    2.73    ~0.11    ~0.71   1575   -18.07    142   -21.54     22   -22.37      0        -      2   -19.27      1442      229   -17.89   -18.49
  16600.0   1753   100/100    2.94    2.87    ~0.11    ~0.71   1592   -18.17    137   -20.43     22   -22.41      0        -      2   -16.72      1403      228   -18.06   -18.45
  16700.0   1748   100/100    2.87    2.87    ~0.11    ~0.71   1591   -19.32    132   -20.74     23   -24.49      0        -      2   -16.81      1402      220   -18.62   -19.62
  16800.0   1746   100/100    2.70    2.82    ~0.11    ~0.73   1586   -19.31    130   -20.47     28   -27.05      0        -      2   -16.15      1396      215   -18.69   -19.64
  16900.0   1743   100/100    2.81    2.89    ~0.11    ~0.71   1586   -19.36    127   -19.99     28   -27.02      0        -      2   -14.10      1394      206   -17.31   -19.82
  17000.0   1746   100/100    2.76    2.82    ~0.11    ~0.73   1595   -19.35    122   -19.26     27   -26.76      0        -      2   -15.48      1369      212   -17.63   -19.71
  17100.0   1746   100/100    2.79    2.87    ~0.11    ~0.71   1598   -19.27    119   -18.52     27   -26.65      0        -      2   -15.90      1411      205   -17.30   -19.60
  17200.0   1745   100/100    2.65    2.73    ~0.11    ~0.71   1599   -19.51    118   -18.92     26   -26.72      0        -      2   -13.98      1390      199   -17.68   -19.81
  17300.0   1746   100/100    2.69    2.81    ~0.11    ~0.70   1604   -19.58    116   -19.25     24   -24.19      0        -      2   -15.63      1412      196   -17.63   -19.87
  17400.0   1754   100/100    2.75    2.91    ~0.11    ~0.71   1616   -19.76    113   -19.72     23   -23.62      0        -      2   -16.23      1440      197   -18.36   -19.98
  17500.0   1745   100/100    2.73    2.74    ~0.11    ~0.71   1612   -19.70    108   -19.40     23   -23.31      0        -      2   -18.75      1412      187   -17.79   -19.96
  17600.0   1760   100/100    2.70    2.85    ~0.11    ~0.74   1626   -19.47    109   -19.75     23   -22.44      0        -      2   -17.77      1412      186   -17.60   -19.75
  17700.0   1769   100/100    2.67    2.82    ~0.11    ~0.74   1636   -19.36    108   -19.44     23   -21.92      0        -      2   -15.69      1431      184   -16.94   -19.68
  17800.0   1772   100/100    2.81    2.90    ~0.11    ~0.72   1641   -20.20    105   -19.60     24   -23.35      0        -      2   -18.77      1410      181   -17.36   -20.54
  17900.0   1763   100/100    2.84    2.71    ~0.11    ~0.74   1634   -20.62    106   -20.60     21   -21.91      0        -      2   -21.74      1399      181   -18.41   -20.89
  18000.0   1772   100/100    2.74    2.72    ~0.11    ~0.72   1645   -20.98    104   -20.15     21   -20.58      0        -      2   -21.55      1425      174   -17.82   -21.26
  18100.0   1776   100/100    2.79    2.78    ~0.11    ~0.75   1652   -20.85    102   -20.35     20   -20.18      0        -      2   -21.46      1396      172   -17.45   -21.18
  18200.0   1776   100/100    2.82    2.79    ~0.11    ~0.76   1653   -20.92    101   -20.67     20   -20.23      0        -      2   -23.62      1375      171   -18.35   -21.18
  18300.0   1759   100/100    2.73    2.81    ~0.11    ~0.73   1639   -20.77     99   -20.23     19   -18.62      0        -      2   -24.41      1387      163   -17.63   -21.03
  18400.0   1758   100/100    2.77    2.87    ~0.11    ~0.73   1644   -20.35     94   -18.64     18   -18.66      0        -      2   -34.53      1389      160   -16.97   -20.58
  18500.0   1766   100/100    2.74    2.84    ~0.11    ~0.77   1654   -20.28     93   -18.12     18   -18.85      0        -      1   -31.93      1357      154   -15.96   -20.56
  18600.0   1767   100/100    2.77    2.82    ~0.11    ~0.76   1656   -20.37     93   -18.80     18   -19.89      0        -      0        -      1412      152   -15.88   -20.69
  18700.0   1759   100/100    2.78    2.71    ~0.11    ~0.74   1650   -20.23     91   -18.61     18   -19.25      0        -      0        -      1363      152   -15.86   -20.54
  18800.0   1748   100/100    2.80    2.69    ~0.11    ~0.75   1632   -20.10     90   -18.87     26   -23.90      0        -      0        -      1394      151   -15.88   -20.49
  18900.0   1746   100/100    2.86    2.78    ~0.11    ~0.75   1622   -19.84     93   -19.07     31   -25.38      0        -      0        -      1348      157   -16.41   -20.24
  19000.0   1731   100/100    2.86    2.82    ~0.11    ~0.75   1612   -19.72     90   -19.19     29   -24.07      0        -      0        -      1345      152   -16.02   -20.12
  19100.0   1747   100/100    2.72    2.70    ~0.11    ~0.74   1629   -19.87     89   -20.44     29   -23.96      0        -      0        -      1407      151   -16.09   -20.33
  19200.0   1759   100/100    2.69    2.78    ~0.11    ~0.72   1644   -20.47     87   -20.91     28   -24.96      0        -      0        -      1390      147   -15.96   -20.98
  19300.0   1755   100/100    2.75    2.73    ~0.11    ~0.74   1640   -20.27     87   -21.77     28   -24.94      0        -      0        -      1409      146   -17.02   -20.73
  19400.0   1743   100/100    2.75    2.81    ~0.11    ~0.72   1630   -20.06     84   -21.57     29   -25.42      0        -      0        -      1374      140   -16.75   -20.53
  19500.0   1751   100/100    2.76    2.76    ~0.12    ~0.75   1640   -19.99     81   -20.70     29   -25.07      0        -      1   -32.32      1391      147   -17.34   -20.36
  19600.0   1755   100/100    2.76    2.83    ~0.11    ~0.71   1645   -20.02     80   -20.93     29   -24.71      0        -      1   -35.49      1396      143   -16.81   -20.45
  19700.0   1755   100/100    2.92    2.82    ~0.11    ~0.72   1646   -20.93     80   -22.39     29   -25.31      0        -      0        -      1390      140   -18.16   -21.32
  19800.0   1750   100/100    2.95    2.70    ~0.11    ~0.75   1643   -21.25     78   -22.47     29   -25.20      0        -      0        -      1361      149   -19.34   -21.56
  19900.0   1745   100/100    2.73    2.84    ~0.11    ~0.71   1642   -21.14     76   -22.60     27   -25.08      0        -      0        -      1341      150   -18.79   -21.49
  20000.0   1723   100/100    2.71    2.92    ~0.11    ~0.76   1626   -21.11     71   -23.15     26   -25.41      0        -      0        -      1325      142   -18.48   -21.51
  20100.0   1718   100/100    2.82    2.75    ~0.11    ~0.73   1624   -21.05     69   -22.86     25   -25.52      0        -      0        -      1329      149   -19.10   -21.38
  20200.0   1714   100/100    2.75    2.84    ~0.11    ~0.76   1622   -20.83     67   -23.65     25   -25.28      0        -      0        -      1315      160   -19.99   -21.11
  20300.0   1722   100/100    2.79    2.75    ~0.11    ~0.76   1631   -20.92     66   -22.47     25   -23.49      0        -      0        -      1326      167   -19.83   -21.14
  20400.0   1708   100/100    2.77    2.78    ~0.11    ~0.76   1618   -20.70     65   -22.13     25   -22.78      0        -      0        -      1303      156   -18.66   -21.00
  20500.0   1704   100/100    2.79    2.76    ~0.11    ~0.77   1612   -20.80     67   -22.36     25   -22.98      0        -      0        -      1323      149   -19.06   -21.07
  20600.0   1713   100/100    2.84    2.77    ~0.11    ~0.75   1622   -20.65     67   -21.99     24   -21.97      0        -      0        -      1320      153   -19.20   -20.87
  20700.0   1714   100/100    2.79    2.79    ~0.10    ~0.74   1625   -20.38     65   -22.40     24   -21.12      0        -      0        -      1324      155   -19.11   -20.60
  20800.0   1712   100/100    2.82    2.82    ~0.11    ~0.74   1625   -20.39     63   -21.96     24   -20.57      0        -      0        -      1331      158   -18.92   -20.61
  20900.0   1715   100/100    2.75    2.87    ~0.11    ~0.73   1630   -20.75     61   -22.13     24   -21.92      0        -      0        -      1342      156   -19.07   -20.99
  21000.0   1706   100/100    2.70    2.83    ~0.11    ~0.73   1624   -20.50     59   -21.71     23   -20.98      0        -      0        -      1324      164   -19.27   -20.68
  21100.0   1715   100/100    2.83    2.76    ~0.11    ~0.74   1630   -20.54     62   -21.66     23   -21.57      0        -      0        -      1359      157   -18.61   -20.79
  21200.0   1720   100/100    2.89    2.83    ~0.11    ~0.73   1636   -20.59     61   -22.52     23   -21.85      0        -      0        -      1336      157   -19.18   -20.83
  21300.0   1717   100/100    2.87    2.79    ~0.12    ~0.74   1636   -20.40     58   -22.26     23   -22.51      0        -      0        -      1353      165   -19.51   -20.60
  21400.0   1735   100/100    2.78    2.62    ~0.11    ~0.73   1655   -20.52     57   -22.44     23   -21.86      0        -      0        -      1368      171   -19.95   -20.67
  21500.0   1735   100/100    2.82    2.62    ~0.10    ~0.72   1651   -20.89     61   -24.08     23   -20.59      0        -      0        -      1366      171   -20.44   -21.06
  21600.0   1733   100/100    2.86    2.78    ~0.11    ~0.73   1643   -21.06     67   -26.17     23   -21.65      0        -      0        -      1323      171   -21.17   -21.27
  21700.0   1719   100/100    2.77    2.66    ~0.11    ~0.74   1632   -21.05     64   -26.85     23   -21.93      0        -      0        -      1308      163   -21.07   -21.30
  21800.0   1717   100/100    2.67    2.67    ~0.11    ~0.74   1631   -20.91     63   -26.29     23   -21.67      0        -      0        -      1310      164   -20.70   -21.16
  21900.0   1701   100/100    2.80    2.67    ~0.11    ~0.72   1617   -20.60     60   -25.96     24   -21.95      0        -      0        -      1290      164   -20.11   -20.88
  22000.0   1698   100/100    2.82    2.67    ~0.11    ~0.75   1616   -20.62     59   -27.29     23   -22.14      0        -      0        -      1266      160   -19.51   -21.01
  22100.0   1696   100/100    2.73    2.71    ~0.11    ~0.76   1613   -20.27     60   -27.10     23   -21.54      0        -      0        -      1273      167   -19.41   -20.65
  22200.0   1685   100/100    2.86    2.66    ~0.11    ~0.74   1602   -20.03     61   -26.82     22   -20.69      0        -      0        -      1289      173   -19.82   -20.34
  22300.0   1685   100/100    2.90    2.67    ~0.11    ~0.72   1605   -19.79     59   -26.98     21   -19.43      0        -      0        -      1303      168   -19.14   -20.13
  22400.0   1687   100/100    2.79    2.66    ~0.11    ~0.73   1608   -19.64     57   -27.57     21   -19.98      1   -21.54      0        -      1293      181   -19.61   -19.94
  22500.0   1674   100/100    2.80    2.74    ~0.11    ~0.73   1599   -19.24     55   -27.79     20   -18.56      0        -      0        -      1313      183   -19.54   -19.51
  22600.0   1683   100/100    2.86    2.75    ~0.11    ~0.73   1607   -19.07     56   -27.43     20   -19.13      0        -      0        -      1272      185   -19.01   -19.39
  22700.0   1693   100/100    2.81    2.81    ~0.11    ~0.75   1617   -19.23     56   -27.34     20   -19.14      0        -      0        -      1297      194   -19.78   -19.46
  22800.0   1682   100/100    2.83    2.71    ~0.11    ~0.72   1607   -19.58     55   -28.00     20   -20.72      0        -      0        -      1270      198   -20.84   -19.73
  22900.0   1680   100/100    2.82    2.53    ~0.11    ~0.73   1604   -19.07     57   -26.37     19   -19.22      0        -      0        -      1311      204   -19.68   -19.27
  23000.0   1676   100/100    2.78    2.67    ~0.11    ~0.71   1601   -18.72     57   -26.18     18   -19.38      0        -      0        -      1301      211   -19.01   -18.98
  23100.0   1678   100/100    2.77    2.85    ~0.11    ~0.71   1602   -18.55     58   -25.29     17   -19.32      1   -18.03      0        -      1306      208   -19.02   -18.76
  23200.0   1691   100/100    2.77    2.79    ~0.11    ~0.73   1615   -18.51     58   -25.13     17   -19.48      1   -17.42      0        -      1304      211   -19.34   -18.66
  23300.0   1698   100/100    2.63    2.82    ~0.11    ~0.73   1621   -18.90     61   -25.84     15   -19.31      1   -18.00      0        -      1338      213   -19.56   -19.09
  23400.0   1692   100/100    2.63    2.86    ~0.11    ~0.72   1614   -18.63     62   -26.23     15   -21.29      1   -16.87      0        -      1319      204   -18.74   -18.96
  23500.0   1697   100/100    2.72    2.84    ~0.11    ~0.74   1618   -18.76     63   -26.70     15   -20.35      1   -17.93      0        -      1304      201   -18.99   -19.08
  23600.0   1702   100/100    2.69    2.79    ~0.11    ~0.73   1622   -18.66     66   -26.10     13   -19.40      1   -16.10      0        -      1298      202   -19.39   -18.90
  23700.0   1712   100/100    2.75    2.91    ~0.11    ~0.71   1633   -18.49     66   -26.18     12   -18.44      1   -13.83      0        -      1313      202   -19.55   -18.68
  23800.0   1718   100/100    2.74    2.90    ~0.11    ~0.70   1641   -18.25     64   -25.53     12   -19.21      1    -9.41      0        -      1332      204   -19.28   -18.42
  23900.0   1714   100/100    2.74    2.90    ~0.11    ~0.70   1633   -18.44     64   -24.65     16   -22.02      1    -8.71      0        -      1335      202   -18.95   -18.66
  24000.0   1725   100/100    2.64    2.77    ~0.11    ~0.72   1637   -18.48     66   -25.25     21   -22.80      1    -9.81      0        -      1372      198   -18.96   -18.76
  24100.0   1721   100/100    2.91    2.71    ~0.11    ~0.74   1633   -18.46     66   -24.63     21   -25.57      1    -5.68      0        -      1325      196   -18.24   -18.85
  24200.0   1718   100/100    2.87    2.73    ~0.11    ~0.72   1631   -18.35     65   -24.45     21   -26.38      1    -4.95      0        -      1324      199   -18.28   -18.72
  24300.0   1717   100/100    2.92    2.65    ~0.11    ~0.72   1630   -18.19     65   -24.19     21   -27.08      1    -3.73      0        -      1347      203   -17.99   -18.59
  24400.0   1714   100/100    2.86    2.58    ~0.11    ~0.71   1631   -17.87     62   -22.81     20   -27.28      1    -1.83      0        -      1323      195   -16.98   -18.30
  24500.0   1722   100/100    2.81    2.62    ~0.11    ~0.73   1636   -17.79     65   -23.06     20   -26.65      1    -0.20      0        -      1324      203   -17.08   -18.22
  24600.0   1722   100/100    2.81    2.73    ~0.11    ~0.74   1634   -17.72     68   -24.24     19   -26.15      1    -2.14      0        -      1321      201   -16.81   -18.22
  24700.0   1716   100/100    2.83    2.77    ~0.11    ~0.73   1627   -17.91     68   -24.01     20   -23.80      1    -5.71      0        -      1352      194   -16.43   -18.44
  24800.0   1725   100/100    2.83    2.77    ~0.11    ~0.71   1635   -17.91     70   -23.47     19   -23.74      1    -4.79      0        -      1355      199   -16.45   -18.42
  24900.0   1724   100/100    2.91    2.70    ~0.11    ~0.70   1635   -17.44     70   -22.96     18   -21.84      1    -4.41      0        -      1377      198   -15.54   -17.99
  25000.0   1734   100/100    2.87    2.76    ~0.11    ~0.70   1645   -17.67     70   -23.03     18   -21.75      1    -7.41      0        -      1375      196   -15.91   -18.18
  25100.0   1741   100/100    2.88    2.69    ~0.11    ~0.72   1647   -17.84     75   -23.88     18   -23.38      1    -9.99      0        -      1382      191   -15.82   -18.45
  25200.0   1749   100/100    2.92    2.66    ~0.11    ~0.72   1653   -18.01     76   -24.09     19   -22.11      1    -5.34      0        -      1389      193   -16.05   -18.59
  25300.0   1756   100/100    2.78    2.77    ~0.11    ~0.72   1661   -17.96     75   -23.33     19   -21.48      1   -18.86      0        -      1380      191   -16.77   -18.41
  25400.0   1767   100/100    2.74    2.76    ~0.11    ~0.71   1673   -17.81     74   -23.20     19   -21.60      1   -21.38      0        -      1418      188   -17.44   -18.16
  25500.0   1766   100/100    2.80    2.80    ~0.11    ~0.74   1670   -17.61     76   -23.04     19   -21.69      1   -23.08      0        -      1396      184   -17.47   -17.94
  25600.0   1766   100/100    2.68    2.81    ~0.11    ~0.69   1667   -17.71     78   -23.80     20   -22.11      1   -21.07      0        -      1437      181   -17.52   -18.09
  25700.0   1764   100/100    2.78    2.91    ~0.11    ~0.71   1667   -17.75     77   -23.89     19   -20.38      1   -18.86      0        -      1407      185   -18.13   -18.04
  25800.0   1763   100/100    2.80    2.87    ~0.11    ~0.71   1665   -18.42     79   -24.11     18   -19.14      1   -26.00      0        -      1401      180   -18.77   -18.68
  25900.0   1776   100/100    2.70    2.85    ~0.11    ~0.75   1681   -18.61     76   -24.28     18   -18.98      1   -29.79      0        -      1413      176   -18.81   -18.87
  26000.0   1791   100/100    2.76    2.82    ~0.11    ~0.74   1696   -18.91     76   -23.21     18   -19.29      1   -33.65      0        -      1440      174   -17.84   -19.24
  26100.0   1799   100/100    2.83    2.91    ~0.11    ~0.74   1704   -19.01     76   -23.30     18   -20.35      1   -33.38      0        -      1410      172   -17.83   -19.36
  26200.0   1787   100/100    2.79    2.86    ~0.11    ~0.71   1693   -19.08     76   -23.75     17   -19.01      1   -31.86      0        -      1416      169   -18.02   -19.41
  26300.0   1786   100/100    2.74    2.79    ~0.11    ~0.73   1692   -19.16     76   -24.49     17   -18.89      1   -30.03      0        -      1432      167   -18.15   -19.52
  26400.0   1793   100/100    2.80    2.75    ~0.11    ~0.73   1700   -19.34     76   -24.18     16   -17.62      1   -23.05      0        -      1422      165   -18.37   -19.65
  26500.0   1791   100/100    2.68    2.90    ~0.11    ~0.73   1701   -19.27     73   -23.73     16   -19.30      1   -24.06      0        -      1425      161   -18.11   -19.59
  26600.0   1795   100/100    2.70    2.85    ~0.11    ~0.74   1707   -19.10     71   -24.12     16   -16.86      1   -21.56      0        -      1431      162   -18.04   -19.40
  26700.0   1787   100/100    2.70    2.70    ~0.11    ~0.74   1699   -18.92     71   -23.82     16   -17.05      1   -18.42      0        -      1447      163   -17.93   -19.21
  26800.0   1782   100/100    2.74    2.78    ~0.11    ~0.70   1694   -19.11     71   -24.06     16   -17.04      1   -16.71      0        -      1443      157   -17.42   -19.47
  26900.0   1785   100/100    2.76    2.79    ~0.11    ~0.71   1698   -19.23     70   -23.35     16   -17.63      1   -20.20      0        -      1465      152   -16.94   -19.60
  27000.0   1790   100/100    2.79    2.68    ~0.11    ~0.72   1705   -19.15     68   -21.98     16   -16.06      1   -22.90      0        -      1471      153   -17.47   -19.40
  27100.0   1796   100/100    2.79    2.73    ~0.10    ~0.73   1710   -19.09     69   -22.42     16   -15.32      1   -19.90      0        -      1489      149   -16.76   -19.40
  27200.0   1796   100/100    2.82    2.80    ~0.11    ~0.71   1709   -18.99     70   -22.62     16   -16.22      1   -21.85      0        -      1489      147   -16.80   -19.32
  27300.0   1803   100/100    2.95    2.86    ~0.10    ~0.71   1717   -19.79     69   -23.77     16   -18.34      1   -26.27      0        -      1464      147   -18.01   -20.10
  27400.0   1794   100/100    2.77    2.79    ~0.11    ~0.70   1708   -19.84     69   -23.95     16   -18.68      1   -28.06      0        -      1484      145   -18.08   -20.16
  27500.0   1807   100/100    2.78    2.82    ~0.11    ~0.73   1722   -19.75     70   -23.17     14   -19.16      1   -24.59      0        -      1438      142   -16.12   -20.20
  27600.0   1803   100/100    2.82    2.83    ~0.11    ~0.72   1720   -19.68     68   -23.55     14   -19.54      1   -17.45      0        -      1427      139   -15.92   -20.15
  27700.0   1811   100/100    2.79    2.85    ~0.11    ~0.73   1727   -20.20     69   -22.15     14   -21.75      1   -18.10      0        -      1460      136   -17.53   -20.51
  27800.0   1811   100/100    2.83    2.76    ~0.11    ~0.73   1728   -20.08     68   -22.11     14   -22.66      1   -21.48      0        -      1448      135   -17.93   -20.36
  27900.0   1807   100/100    2.79    2.81    ~0.11    ~0.76   1727   -19.87     65   -22.71     14   -20.68      1   -32.42      0        -      1423      130   -17.60   -20.17
  28000.0   1810   100/100    2.78    2.82    ~0.10    ~0.77   1731   -19.97     64   -22.26     14   -20.95      1   -32.06      0        -      1451      129   -17.86   -20.24
  28100.0   1804   100/100    2.77    2.82    ~0.11    ~0.73   1726   -19.99     63   -22.89     14   -19.14      1   -28.86      0        -      1415      127   -18.34   -20.22
  28200.0   1811   100/100    2.83    2.62    ~0.11    ~0.71   1733   -20.11     61   -22.04     16   -23.19      1   -22.60      0        -      1445      124   -18.32   -20.34
  28300.0   1808   100/100    2.86    2.78    ~0.11    ~0.75   1730   -20.10     61   -22.81     16   -22.91      1   -15.18      0        -      1452      126   -20.02   -20.22
  28400.0   1807   100/100    2.82    2.79    ~0.10    ~0.73   1731   -20.30     60   -22.48     15   -25.09      1   -17.44      0        -      1435      119   -19.92   -20.44
  28500.0   1802   100/100    2.87    2.69    ~0.11    ~0.76   1724   -20.25     62   -23.52     15   -24.74      1   -17.83      0        -      1444      118   -20.84   -20.37
  28600.0   1802   100/100    2.71    2.81    ~0.11    ~0.73   1723   -20.47     62   -23.59     16   -25.66      1   -12.09      0        -      1459      114   -20.33   -20.64
  28700.0   1789   100/100    2.80    2.75    ~0.10    ~0.72   1712   -20.42     61   -22.94     15   -23.90      1    -7.14      0        -      1419      111   -19.68   -20.58
  28800.0   1783   100/100    2.77    2.88    ~0.11    ~0.74   1704   -20.64     63   -24.84     15   -25.04      1    -7.99      0        -      1431      108   -20.40   -20.84
  28900.0   1785   100/100    2.85    2.84    ~0.11    ~0.74   1704   -20.80     65   -26.17     15   -25.08      1    -6.59      0        -      1415      112   -22.25   -20.94
  29000.0   1780   100/100    2.75    2.83    ~0.11    ~0.74   1698   -20.43     66   -26.43     15   -23.60      1    -3.80      0        -      1372      105   -20.34   -20.69
  29100.0   1770   100/100    2.86    2.77    ~0.11    ~0.74   1689   -20.40     65   -26.38     15   -24.47      1    -1.20      0        -      1377      106   -20.83   -20.63
  29200.0   1764   100/100    2.86    2.79    ~0.11    ~0.72   1683   -20.59     66   -27.48     14   -25.79      1    -0.59      0        -      1371      106   -21.04   -20.86

292 of 292 samples printed
