arm r37b-s4 | run 2026-09-13-001528-2430e660 | tank r=5.64 m (100 m2), 60 m deep, 4 ring(s)
columns of 1 m: 100 | lineage.jsonl: 12513 births, 88 clades

        t      n      cols    x sd    z sd     nn h    nn 3d   leaf   leaf y   stom   stom y   mixo   mixo y    jnt    jnt y  plain  plain y  clade 1m  jointed  joint y  rigid y
    100.0     41    36/100    2.46    2.59     0.67     2.10     34   -14.94      4   -22.48      0        -      2    -4.42      1   -15.95         0       20   -12.61   -17.65
    200.0     62    46/100    2.41    2.64     0.48     1.38     60    -7.04      1    -4.83      0        -      1    -3.23      0        -         4       33    -4.88    -9.29
    300.0     99    58/100    2.89    2.55     0.47     1.25     96    -6.11      2    -6.82      0        -      1    -4.86      0        -        11       50    -5.21    -7.04
    400.0    139    72/100    3.02    2.50     0.34     1.17    137    -6.04      2    -6.94      0        -      0        -      0        -        17       65    -4.64    -7.29
    500.0    175    75/100    3.08    2.50     0.33     1.04    173    -6.04      2    -5.62      0        -      0        -      0        -        43       75    -4.43    -7.23
    600.0    207    80/100    2.85    2.68     0.28     1.06    204    -6.00      3    -5.03      0        -      0        -      0        -        38       86    -4.57    -6.99
    700.0    231    87/100    3.01    2.81     0.26     1.04    228    -6.34      3    -5.36      0        -      0        -      0        -        38       94    -4.93    -7.28
    800.0    258    92/100    2.86    2.60     0.27     0.99    254    -6.72      3    -4.87      0        -      0        -      1    -6.34        57      101    -5.13    -7.71
    900.0    292    89/100    2.78    2.55     0.24     0.99    288    -7.61      3    -3.60      0        -      0        -      1    -7.53        62      114    -5.72    -8.75
   1000.0    310    92/100    2.71    2.92     0.25     0.97    306    -7.94      3    -4.35      0        -      0        -      1    -7.64        80      116    -6.09    -8.98
   1100.0    329    93/100    2.92    2.89     0.23     0.99    325    -8.30      3    -4.88      0        -      0        -      1    -8.43        65      120    -6.38    -9.36
   1200.0    340    93/100    3.11    2.74     0.25     0.96    336    -8.27      3    -5.28      0        -      0        -      1    -9.16        75      131    -6.97    -9.05
   1300.0    350    91/100    2.80    2.53     0.21     0.91    346    -8.49      3    -7.15      0        -      0        -      1    -8.15        79      130    -7.13    -9.27
   1400.0    371    88/100    3.06    2.52     0.24     0.95    367    -9.02      3    -7.57      0        -      0        -      1    -6.98        79      140    -8.08    -9.56
   1500.0    376    92/100    2.74    2.37     0.23     0.92    372    -9.30      3    -6.40      0        -      0        -      1    -7.13       105      138    -8.41    -9.76
   1600.0    392    89/100    2.64    2.66     0.21     0.98    388    -9.40      3    -6.53      0        -      0        -      1    -8.17        95      140    -8.23   -10.01
   1700.0    403    94/100    2.68    2.59     0.22     0.97    399    -9.44      3    -6.30      0        -      0        -      1    -6.78        87      135    -8.26    -9.98
   1800.0    410    97/100    2.77    2.42     0.23     0.91    406    -9.11      3    -6.91      0        -      0        -      1    -7.07       120      137    -7.59    -9.84
   1900.0    422    96/100    2.89    2.42     0.22     0.90    418    -8.98      3    -6.82      0        -      0        -      1    -6.28       123      144    -8.08    -9.41
   2000.0    442    95/100    2.50    2.54     0.22     0.92    438    -9.29      3    -7.65      0        -      0        -      1    -6.68       111      147    -8.81    -9.51
   2100.0    465    96/100    2.63    2.75     0.21     0.93    461    -9.50      3    -7.28      0        -      0        -      1    -7.07       107      153    -9.48    -9.48
   2200.0    489    98/100    2.69    2.75     0.20     0.87    484    -9.68      3    -6.59      0        -      0        -      2    -8.04       140      161   -10.15    -9.41
   2300.0    497    96/100    2.71    2.85     0.19     0.90    492    -9.55      3    -7.49      0        -      0        -      2   -10.88       141      160    -9.85    -9.40
   2400.0    526    99/100    2.74    2.80     0.18     0.88    521    -9.44      3    -5.75      0        -      0        -      2   -11.54       151      168    -9.86    -9.23
   2500.0    540    99/100    2.60    2.93     0.19     0.84    535    -8.96      3    -4.02      0        -      0        -      2    -9.63       146      162    -8.98    -8.91
   2600.0    559    99/100    2.70    2.93     0.18     0.90    554    -9.38      3    -3.71      0        -      0        -      2   -11.36       166      162    -9.45    -9.32
   2700.0    587    96/100    2.63    2.88     0.17     0.84    582    -9.79      3    -3.75      0        -      0        -      2   -12.28       197      160    -9.55    -9.85
   2800.0    602    99/100    2.50    2.75     0.19     0.85    597   -10.25      3    -6.64      0        -      0        -      2   -10.67       184      154    -9.52   -10.48
   2900.0    602    99/100    2.74    2.94     0.18     0.86    597   -10.20      3    -7.71      0        -      0        -      2   -12.20       169      159   -10.29   -10.16
   3000.0    620    98/100    2.63    3.04     0.17     0.85    615   -11.31      3   -11.02      0        -      0        -      2   -15.62       185      166   -11.91   -11.10
   3100.0    648    99/100    2.61    2.96     0.19     0.89    643   -11.43      3   -10.65      0        -      0        -      2   -18.80       167      164   -11.67   -11.38
   3200.0    672    99/100    2.78    2.74     0.17     0.89    667   -11.67      3   -12.73      0        -      0        -      2   -17.07       204      164   -12.17   -11.54
   3300.0    685    99/100    2.96    2.71     0.17     0.88    680   -12.56      3   -15.32      0        -      0        -      2   -15.63       191      158   -12.35   -12.64
   3400.0    704   100/100    2.93    2.58     0.16     0.89    699   -14.13      3   -15.93      0        -      0        -      2   -17.87       215      155   -13.81   -14.24
   3500.0    733   100/100    2.73    2.55     0.17     0.88    728   -14.11      3   -18.40      0        -      0        -      2   -17.69       213      156   -14.18   -14.12
   3600.0    761    99/100    2.79    2.54     0.17     0.90    756   -14.76      3   -16.79      0        -      0        -      2   -16.18       224      152   -14.20   -14.92
   3700.0    790    99/100    2.80    2.68     0.16     0.88    785   -14.84      3   -19.49      0        -      0        -      2   -15.30       225      147   -13.28   -15.22
   3800.0    790   100/100    2.79    2.61     0.17     0.87    785   -14.63      3   -11.62      0        -      0        -      2   -17.13       269      144   -12.86   -15.01
   3900.0    792    99/100    2.82    2.56     0.16     0.83    787   -14.44      3   -12.51      0        -      0        -      2   -17.50       265      154   -13.64   -14.64
   4000.0    790    99/100    2.80    2.67     0.16     0.86    785   -14.18      3   -14.98      0        -      0        -      2   -17.76       241      156   -13.88   -14.27
   4100.0    817    99/100    2.76    2.79     0.16     0.88    812   -14.20      3    -7.60      0        -      0        -      2   -18.52       256      148   -12.08   -14.65
   4200.0    846   100/100    2.64    2.79     0.16     0.82    841   -14.06      3    -8.29      0        -      0        -      2   -21.18       273      149   -12.05   -14.49
   4300.0    876   100/100    2.68    2.86     0.16     0.87    871   -14.05      3    -9.50      0        -      0        -      2   -20.53       281      158   -13.20   -14.23
   4400.0    917   100/100    2.80    2.78     0.14     0.82    912   -14.18      3    -8.15      0        -      0        -      2   -17.75       338      154   -12.80   -14.44
   4500.0    925    99/100    2.81    2.89     0.15     0.86    920   -15.42      3    -9.69      0        -      0        -      2   -19.14       308      147   -13.16   -15.83
   4600.0    933   100/100    2.68    2.81     0.15     0.82    927   -15.11      4   -12.20      0        -      0        -      2   -18.48       339      162   -14.42   -15.25
   4700.0    965   100/100    2.77    2.71     0.15     0.81    957   -15.05      5   -14.35      0        -      1   -35.07      2   -13.31       360      152   -12.91   -15.47
   4800.0    981   100/100    2.75    2.87     0.14     0.82    966   -15.76     12   -24.65      0        -      1   -35.41      2   -16.00       335      153   -14.11   -16.22
   4900.0    984    99/100    2.84    2.85     0.15     0.84    954   -16.15     27   -28.44      0        -      1   -36.54      2   -19.52       341      159   -15.48   -16.71
   5000.0   1005   100/100    2.80    2.71     0.15     0.85    947   -15.44     55   -30.09      0        -      1   -36.29      2   -16.21       314      164   -16.35   -16.25
   5100.0   1065   100/100    2.79    2.73     0.14     0.84    977   -15.39     86   -31.01      0        -      1   -44.95      1    -8.15       358      171   -17.05   -16.59
   5200.0   1117   100/100    2.74    2.84     0.14     0.81   1004   -16.23    112   -30.57      0        -      0        -      1    -1.32       434      171   -17.64   -17.66
   5300.0   1162   100/100    2.77    2.70     0.14     0.82   1023   -16.80    138   -29.99      0        -      0        -      1    -1.68       435      167   -17.95   -18.42
   5400.0   1210    99/100    2.69    2.72    ~0.13    ~0.81   1041   -16.91    168   -29.16      0        -      0        -      1    -5.70       509      166   -17.83   -18.72
   5500.0   1248   100/100    2.65    2.89    ~0.13    ~0.80   1055   -16.67    192   -29.80      0        -      0        -      1    -8.47       505      166   -18.28   -18.74
   5600.0   1286   100/100    2.79    2.79    ~0.14    ~0.82   1067   -16.92    218   -30.09      0        -      0        -      1   -11.16       521      164   -18.76   -19.20
   5700.0   1320   100/100    2.68    2.80    ~0.13    ~0.83   1073   -16.88    246   -30.12      0        -      0        -      1    -9.28       569      161   -19.17   -19.37
   5800.0   1359    99/100    2.65    2.78    ~0.13    ~0.79   1086   -17.18    272   -28.69      0        -      0        -      1    -7.09       533      160   -19.23   -19.51
   5900.0   1385   100/100    2.78    2.83    ~0.12    ~0.82   1092   -17.15    292   -28.62      0        -      0        -      1    -9.69       564      158   -18.81   -19.66
   6000.0   1413    99/100    2.75    2.91    ~0.12    ~0.80   1101   -17.47    311   -29.98      0        -      0        -      1   -12.64       602      158   -19.95   -20.26
   6100.0   1437   100/100    2.70    2.75    ~0.12    ~0.80   1106   -17.38    331   -30.33      0        -      0        -      0        -       638      158   -20.26   -20.38
   6200.0   1463   100/100    2.65    2.79    ~0.12    ~0.79   1110   -17.17    353   -30.00      0        -      0        -      0        -       659      155   -20.05   -20.29
   6300.0   1485   100/100    2.73    2.86    ~0.12    ~0.78   1109   -17.38    376   -29.57      0        -      0        -      0        -       657      154   -20.74   -20.43
   6400.0   1502   100/100    2.76    2.79    ~0.12    ~0.77   1101   -17.80    401   -30.73      0        -      0        -      0        -       715      152   -21.78   -21.19
   6500.0   1523   100/100    2.87    2.70    ~0.11    ~0.77   1098   -17.76    425   -30.85      0        -      0        -      0        -       722      150   -22.30   -21.31
   6600.0   1540   100/100    2.92    2.69    ~0.11    ~0.79   1095   -17.42    445   -30.59      0        -      0        -      0        -       716      145   -21.76   -21.17
   6700.0   1549   100/100    2.93    2.64    ~0.11    ~0.77   1083   -17.09    466   -30.62      0        -      0        -      0        -       751      143   -21.98   -21.07
   6800.0   1574   100/100    2.80    2.60    ~0.11    ~0.76   1084   -17.30    490   -30.97      0        -      0        -      0        -       750      143   -22.30   -21.48
   6900.0   1597   100/100    2.77    2.64    ~0.11    ~0.78   1078   -17.35    519   -31.13      0        -      0        -      0        -       784      143   -22.63   -21.75
   7000.0   1615   100/100    2.80    2.61    ~0.12    ~0.79   1077   -17.55    538   -31.57      0        -      0        -      0        -       808      142   -23.30   -22.11
   7100.0   1629   100/100    2.83    2.66    ~0.11    ~0.76   1075   -17.56    554   -31.86      0        -      0        -      0        -       807      140   -23.70   -22.30
   7200.0   1644   100/100    2.80    2.68    ~0.11    ~0.79   1070   -17.35    574   -32.29      0        -      0        -      0        -       788      136   -23.56   -22.47
   7300.0   1657   100/100    2.88    2.72    ~0.11    ~0.77   1064   -17.16    593   -32.33      0        -      0        -      0        -       805      133   -23.61   -22.50
   7400.0   1661   100/100    2.81    2.68    ~0.11    ~0.78   1052   -16.98    609   -32.33      0        -      0        -      0        -       841      129   -23.85   -22.50
   7500.0   1672   100/100    2.84    2.77    ~0.11    ~0.78   1051   -17.36    621   -32.85      0        -      0        -      0        -       856      129   -24.52   -23.00
   7600.0   1678   100/100    2.75    2.69    ~0.11    ~0.75   1049   -17.19    629   -33.20      0        -      0        -      0        -       850      129   -24.42   -23.09
   7700.0   1695   100/100    2.63    2.82    ~0.11    ~0.79   1051   -17.33    644   -32.89      0        -      0        -      0        -       823      129   -23.30   -23.24
   7800.0   1688   100/100    2.80    2.77    ~0.11    ~0.78   1057   -17.36    631   -32.88      0        -      0        -      0        -       830      126   -23.22   -23.16
   7900.0   1672   100/100    2.68    2.83    ~0.12    ~0.80   1055   -17.52    617   -33.00      0        -      0        -      0        -       824      122   -23.63   -23.20
   8000.0   1663   100/100    2.72    2.79    ~0.11    ~0.78   1062   -17.42    601   -32.93      0        -      0        -      0        -       821      122   -23.39   -23.00
   8100.0   1656   100/100    2.75    2.76    ~0.11    ~0.80   1064   -17.18    592   -32.88      0        -      0        -      0        -       767      122   -23.16   -22.76
   8200.0   1642   100/100    2.77    2.69    ~0.11    ~0.81   1072   -17.21    570   -32.45      0        -      0        -      0        -       804      121   -23.24   -22.44
   8300.0   1631   100/100    2.81    2.66    ~0.11    ~0.83   1072   -17.17    559   -32.67      0        -      0        -      0        -       746      116   -22.48   -22.48
   8400.0   1622   100/100    2.72    2.76    ~0.12    ~0.82   1074   -17.28    548   -32.65      0        -      0        -      0        -       733      116   -22.33   -22.49
   8500.0   1599   100/100    2.76    2.87    ~0.11    ~0.79   1075   -16.99    524   -32.16      0        -      0        -      0        -       753      118   -22.66   -21.91
   8600.0   1578   100/100    2.82    2.72    ~0.12    ~0.82   1083   -16.86    495   -31.92      0        -      0        -      0        -       674      123   -23.61   -21.41
   8700.0   1565   100/100    2.70    2.72    ~0.12    ~0.79   1092   -16.92    473   -31.54      0        -      0        -      0        -       705      116   -23.33   -21.18
   8800.0   1527   100/100    2.63    2.70    ~0.12    ~0.82   1090   -17.10    437   -30.42      0        -      0        -      0        -       698      119   -23.66   -20.68
   8900.0   1490   100/100    2.72    2.73    ~0.13    ~0.80   1074   -16.89    415   -29.22      0        -      1   -35.19      0        -       658      118   -22.82   -20.12
   9000.0   1466   100/100    2.81    2.75    ~0.12    ~0.79   1079   -17.10    387   -27.86      0        -      0        -      0        -       673      114   -19.71   -19.96
   9100.0   1439   100/100    2.80    2.67    ~0.13    ~0.80   1064   -16.73    375   -26.86      0        -      0        -      0        -       672      115   -18.57   -19.44
   9200.0   1430   100/100    2.74    2.66    ~0.11    ~0.80   1064   -16.32    366   -25.56      0        -      0        -      0        -       647      120   -18.06   -18.74
   9300.0   1418   100/100    2.74    2.79    ~0.12    ~0.76   1071   -16.31    347   -23.74      0        -      0        -      0        -       695      110   -14.87   -18.41
   9400.0   1434   100/100    2.84    2.72    ~0.12    ~0.76   1069   -16.58    365   -23.83      0        -      0        -      0        -       707      143   -17.35   -18.55
   9500.0   1433   100/100    2.85    2.77    ~0.12    ~0.78   1098   -16.82    334   -23.21      0        -      1   -23.15      0        -       688      169   -19.01   -18.22
   9600.0   1415   100/100    2.79    2.77    ~0.12    ~0.77   1104   -16.11    309   -21.89      0        -      2   -25.79      0        -       674      166   -17.15   -17.42
   9700.0   1441   100/100    2.87    2.80    ~0.12    ~0.76   1141   -16.31    299   -21.40      0        -      1   -24.29      0        -       701      180   -17.97   -17.29
   9800.0   1433   100/100    2.88    2.70    ~0.12    ~0.77   1138   -16.26    294   -21.05      0        -      1   -24.95      0        -       688      167   -17.28   -17.25
   9900.0   1424   100/100    2.78    2.69    ~0.12    ~0.71   1130   -15.86    294   -20.24      0        -      0        -      0        -       720      157   -15.63   -16.90
  10000.0   1434    99/100    2.82    2.44    ~0.12    ~0.72   1130   -15.86    304   -19.74      0        -      0        -      0        -       748      154   -14.57   -16.94
  10100.0   1457   100/100    2.87    2.67    ~0.13    ~0.74   1147   -16.15    310   -20.02      0        -      0        -      0        -       704      144   -13.87   -17.31
  10200.0   1474   100/100    2.96    2.69    ~0.12    ~0.73   1174   -16.75    299   -19.77      0        -      0        -      1   -25.29       777      134   -13.37   -17.77
  10300.0   1482   100/100    2.69    2.77    ~0.13    ~0.74   1177   -16.68    305   -19.92      0        -      0        -      0        -       801      129   -13.44   -17.72
  10400.0   1500   100/100    2.93    2.79    ~0.11    ~0.76   1183   -16.60    317   -20.08      0        -      0        -      0        -       788      121   -12.69   -17.74
  10500.0   1512   100/100    2.87    2.83    ~0.12    ~0.74   1195   -16.64    317   -20.24      0        -      0        -      0        -       803      119   -13.03   -17.77
  10600.0   1539   100/100    2.88    2.75    ~0.11    ~0.75   1208   -17.00    331   -20.97      0        -      0        -      0        -       839      132   -14.96   -18.13
  10700.0   1555   100/100    2.77    2.82    ~0.11    ~0.73   1210   -17.14    345   -20.47      0        -      0        -      0        -       834      141   -15.21   -18.15
  10800.0   1579   100/100    2.91    2.81    ~0.12    ~0.73   1236   -17.23    343   -20.32      0        -      0        -      0        -       877      137   -14.93   -18.18
  10900.0   1590   100/100    2.78    2.80    ~0.12    ~0.72   1247   -17.43    343   -21.30      0        -      0        -      0        -       840      135   -16.16   -18.46
  11000.0   1603   100/100    2.62    2.73    ~0.12    ~0.72   1265   -17.68    338   -21.38      0        -      0        -      0        -       862      129   -15.92   -18.69
  11100.0   1608   100/100    2.60    2.77    ~0.11    ~0.72   1281   -17.97    327   -21.21      0        -      0        -      0        -       874      117   -14.64   -18.94
  11200.0   1615   100/100    2.72    2.82    ~0.12    ~0.72   1284   -17.90    331   -21.70      0        -      0        -      0        -       870      117   -15.33   -18.94
  11300.0   1601   100/100    2.67    2.81    ~0.11    ~0.75   1285   -18.36    315   -21.78      0        -      0        -      1   -11.07       888      113   -15.86   -19.27
  11400.0   1603   100/100    2.63    2.66    ~0.11    ~0.71   1298   -18.37    305   -21.50      0        -      0        -      0        -       869      120   -16.70   -19.15
  11500.0   1610   100/100    2.74    2.70    ~0.11    ~0.73   1311   -18.96    299   -21.74      0        -      0        -      0        -       865      102   -14.43   -19.82
  11600.0   1620   100/100    2.73    2.76    ~0.11    ~0.77   1310   -18.74    310   -21.91      0        -      0        -      0        -       839      110   -15.73   -19.61
  11700.0   1618   100/100    2.72    2.69    ~0.11    ~0.72   1315   -18.86    303   -21.51      0        -      0        -      0        -       875       94   -12.56   -19.78
  11800.0   1622   100/100    2.75    2.71    ~0.11    ~0.73   1332   -19.00    290   -20.68      0        -      0        -      0        -       829       91   -12.19   -19.72
  11900.0   1645   100/100    2.74    2.90    ~0.12    ~0.76   1352   -18.90    293   -21.01      0        -      0        -      0        -       876       88   -11.82   -19.70
  12000.0   1655   100/100    2.78    2.96    ~0.11    ~0.73   1360   -19.01    295   -21.19      0        -      0        -      0        -       893       86   -11.97   -19.81
  12100.0   1662   100/100    2.70    2.84    ~0.11    ~0.73   1372   -19.51    290   -21.65      0        -      0        -      0        -       891       89   -13.22   -20.26
  12200.0   1649   100/100    2.72    2.85    ~0.11    ~0.76   1378   -19.48    271   -20.59      0        -      0        -      0        -       901       93   -13.23   -20.05
  12300.0   1670   100/100    2.79    2.86    ~0.12    ~0.76   1419   -19.47    251   -19.20      0        -      0        -      0        -       899       95   -13.30   -19.80
  12400.0   1683   100/100    2.90    2.79    ~0.12    ~0.75   1442   -19.88    241   -19.31      0        -      0        -      0        -       905       87   -12.57   -20.19
  12500.0   1700   100/100    2.79    2.76    ~0.11    ~0.73   1448   -20.22    252   -20.93      0        -      0        -      0        -       950       94   -15.57   -20.61
  12600.0   1715   100/100    2.87    2.73    ~0.11    ~0.75   1474   -20.36    241   -20.36      0        -      0        -      0        -       964       95   -15.74   -20.63
  12700.0   1734   100/100    2.84    2.80    ~0.11    ~0.76   1508   -20.42    225   -19.47      0        -      0        -      1   -40.61       935       88   -14.33   -20.63
  12800.0   1747   100/100    2.80    2.76    ~0.11    ~0.75   1533   -20.65    214   -19.07      0        -      0        -      0        -       989       86   -13.98   -20.79
  12900.0   1744   100/100    2.78    2.82    ~0.11    ~0.75   1542   -20.51    202   -18.56      0        -      0        -      0        -      1001       81   -13.36   -20.62
  13000.0   1746   100/100    2.81    2.77    ~0.11    ~0.75   1552   -20.54    194   -18.04      0        -      0        -      0        -       980       79   -13.21   -20.60
  13100.0   1756   100/100    2.80    2.87    ~0.11    ~0.74   1561   -20.47    195   -18.51      0        -      0        -      0        -      1001       78   -14.30   -20.53
  13200.0   1766   100/100    2.83    2.93    ~0.11    ~0.76   1565   -20.62    201   -19.55      0        -      0        -      0        -      1000       80   -15.56   -20.73
  13300.0   1759   100/100    2.78    2.81    ~0.11    ~0.76   1566   -20.54    193   -19.40      0        -      0        -      0        -      1013       74   -13.98   -20.69
  13400.0   1770   100/100    2.83    2.75    ~0.11    ~0.75   1577   -20.22    193   -19.46      0        -      0        -      0        -      1038       71   -12.32   -20.46
  13500.0   1781   100/100    2.76    2.78    ~0.11    ~0.75   1587   -20.21    194   -19.88      0        -      0        -      0        -      1045       71   -12.50   -20.49
  13600.0   1790   100/100    2.74    2.78    ~0.11    ~0.74   1603   -20.41    187   -20.01      0        -      0        -      0        -      1068       70   -13.13   -20.66
  13700.0   1801   100/100    2.72    2.72    ~0.11    ~0.73   1623   -20.52    178   -19.90      0        -      0        -      0        -      1068       71   -14.14   -20.72
  13800.0   1801   100/100    2.77    2.74    ~0.11    ~0.71   1623   -20.69    178   -20.08      0        -      0        -      0        -      1086       70   -13.95   -20.90
  13900.0   1804   100/100    2.81    2.77    ~0.11    ~0.72   1622   -20.67    182   -21.51      0        -      0        -      0        -      1061       68   -14.25   -21.01
  14000.0   1812   100/100    2.81    2.81    ~0.11    ~0.75   1631   -20.69    181   -22.21      0        -      0        -      0        -      1038       68   -15.02   -21.07
  14100.0   1811   100/100    2.68    2.85    ~0.11    ~0.73   1641   -20.55    170   -21.10      0        -      0        -      0        -      1056       65   -13.96   -20.85
  14200.0   1812   100/100    2.69    2.89    ~0.11    ~0.75   1646   -20.56    166   -21.51      0        -      0        -      0        -      1050       67   -15.03   -20.86
  14300.0   1810   100/100    2.72    2.94    ~0.11    ~0.73   1650   -21.07    160   -21.37      0        -      0        -      0        -      1038       65   -15.49   -21.31
  14400.0   1813   100/100    2.71    2.88    ~0.11    ~0.73   1651   -21.39    162   -22.45      0        -      0        -      0        -      1073       61   -15.12   -21.71
  14500.0   1815   100/100    2.69    2.81    ~0.11    ~0.75   1652   -21.04    163   -22.77      0        -      0        -      0        -      1053       62   -14.83   -21.42
  14600.0   1820   100/100    2.77    2.81    ~0.11    ~0.75   1646   -20.84    174   -24.39      0        -      0        -      0        -      1078       62   -15.41   -21.38
  14700.0   1815   100/100    2.75    2.77    ~0.11    ~0.73   1645   -20.91    170   -24.77      0        -      0        -      0        -      1108       63   -17.76   -21.39
  14800.0   1814   100/100    2.79    2.74    ~0.11    ~0.76   1647   -20.83    167   -24.49      0        -      0        -      0        -      1071       66   -19.11   -21.24
  14900.0   1812   100/100    2.77    2.82    ~0.11    ~0.75   1642   -20.97    170   -25.17      0        -      0        -      0        -      1075       67   -19.51   -21.43
  15000.0   1818   100/100    2.75    2.79    ~0.11    ~0.71   1645   -20.98    173   -25.80      0        -      0        -      0        -      1094       71   -21.08   -21.45
  15100.0   1820   100/100    2.80    2.77    ~0.11    ~0.73   1646   -21.19    174   -26.79      0        -      0        -      0        -      1068       72   -22.35   -21.70
  15200.0   1816   100/100    2.74    2.82    ~0.11    ~0.74   1648   -20.94    168   -25.92      0        -      0        -      0        -      1095       68   -21.28   -21.41
  15300.0   1811   100/100    2.81    2.77    ~0.11    ~0.73   1648   -20.82    163   -25.14      0        -      0        -      0        -      1071       65   -20.44   -21.24
  15400.0   1805   100/100    2.85    2.90    ~0.11    ~0.75   1648   -21.09    157   -26.10      0        -      0        -      0        -      1096       60   -21.46   -21.53
  15500.0   1820   100/100    2.82    2.89    ~0.11    ~0.74   1660   -21.92    159   -27.11      0        -      0        -      1   -15.21      1088       62   -23.93   -22.32
  15600.0   1819   100/100    2.77    2.71    ~0.11    ~0.74   1662   -21.73    156   -26.25      0        -      0        -      1   -11.80      1069       58   -21.36   -22.14
  15700.0   1820   100/100    2.79    2.73    ~0.11    ~0.77   1670   -22.12    149   -24.78      0        -      0        -      1   -11.57      1094       54   -19.15   -22.43
  15800.0   1815   100/100    2.80    2.73    ~0.11    ~0.74   1675   -22.46    139   -23.75      0        -      0        -      1   -16.34      1105       51   -18.69   -22.67
  15900.0   1819   100/100    2.74    2.75    ~0.10    ~0.74   1674   -22.61    144   -25.01      0        -      0        -      1   -16.13      1077       48   -19.35   -22.89
  16000.0   1807   100/100    2.78    2.80    ~0.11    ~0.73   1668   -22.38    138   -24.28      0        -      0        -      1   -23.33      1156       48   -19.92   -22.60
  16100.0   1812   100/100    2.74    2.73    ~0.11    ~0.73   1681   -22.21    130   -23.25      0        -      0        -      1   -23.31      1098       47   -18.47   -22.39
  16200.0   1809   100/100    2.84    2.77    ~0.11    ~0.72   1676   -22.11    132   -24.47      0        -      0        -      1   -21.76      1102       49   -20.94   -22.32
  16300.0   1804   100/100    2.74    2.77    ~0.11    ~0.75   1673   -22.49    130   -24.57      0        -      0        -      1   -19.42      1080       47   -20.19   -22.70
  16400.0   1806   100/100    2.75    2.62    ~0.11    ~0.75   1679   -22.66    126   -24.44      0        -      0        -      1   -29.98      1105       47   -20.66   -22.85
  16500.0   1812   100/100    2.78    2.71    ~0.10    ~0.73   1689   -22.78    122   -23.84      0        -      0        -      1   -30.77      1096       42   -18.31   -22.96
  16600.0   1799   100/100    2.80    2.77    ~0.10    ~0.73   1684   -22.72    114   -22.86      0        -      0        -      1   -29.11      1136       40   -18.21   -22.83
  16700.0   1803   100/100    2.68    2.74    ~0.11    ~0.72   1692   -22.83    109   -22.84      1   -45.19      0        -      1   -29.88      1132       40   -17.99   -22.95
  16800.0   1805   100/100    2.66    2.84    ~0.11    ~0.76   1686   -22.62    117   -23.95      1   -43.77      0        -      1   -29.71      1116       39   -17.91   -22.83
  16900.0   1796   100/100    2.84    2.79    ~0.11    ~0.75   1682   -22.54    112   -23.84      1   -40.85      0        -      1   -29.97      1054       34   -16.27   -22.76
  17000.0   1798   100/100    2.89    2.79    ~0.11    ~0.75   1692   -22.85    104   -22.85      1   -42.74      0        -      1   -32.20      1108       28   -11.79   -23.04
  17100.0   1792   100/100    2.78    2.80    ~0.11    ~0.74   1690   -22.54    100   -22.24      1   -45.39      0        -      1   -29.14      1165       26    -8.67   -22.74
  17200.0   1794   100/100    2.78    2.82    ~0.11    ~0.74   1693   -22.26     99   -21.84      1   -40.77      0        -      1   -27.28      1099       26    -8.55   -22.45
  17300.0   1786   100/100    2.71    2.88    ~0.11    ~0.74   1688   -22.37     96   -22.04      1   -37.05      0        -      1   -30.45      1140       25    -9.33   -22.55
  17400.0   1802   100/100    2.63    2.84    ~0.11    ~0.73   1707   -22.94     93   -22.80      1   -35.54      0        -      1   -27.79      1170       23   -10.47   -23.10
  17500.0   1809   100/100    2.69    2.76    ~0.11    ~0.72   1718   -23.11     89   -22.77      1   -40.10      0        -      1   -23.49      1176       23   -12.06   -23.24
  17600.0   1813   100/100    2.65    2.80    ~0.11    ~0.71   1721   -23.23     90   -23.85      1   -38.87      0        -      1   -29.52      1160       24   -13.84   -23.40
  17700.0   1808   100/100    2.67    2.77    ~0.11    ~0.72   1717   -23.02     89   -24.37      1   -37.36      0        -      1   -27.61      1167       24   -14.19   -23.22
  17800.0   1797   100/100    2.67    2.68    ~0.11    ~0.75   1703   -22.64     92   -25.32      1   -37.62      0        -      1   -28.63      1093       26   -16.22   -22.89
  17900.0   1800   100/100    2.66    2.67    ~0.10    ~0.74   1707   -22.88     91   -25.24      1   -35.60      0        -      1   -33.08      1150       26   -16.44   -23.11
  18000.0   1790   100/100    2.77    2.64    ~0.11    ~0.74   1703   -22.86     85   -25.18      1   -38.84      0        -      1   -30.41      1178       23   -13.00   -23.12
  18100.0   1786   100/100    2.82    2.68    ~0.11    ~0.72   1704   -23.23     80   -24.38      1   -41.31      0        -      1   -23.78      1147       21   -10.76   -23.44
  18200.0   1790   100/100    2.84    2.69    ~0.10    ~0.75   1710   -23.64     78   -23.95      1   -41.98      0        -      1   -23.55      1159       21   -10.58   -23.82
  18300.0   1801   100/100    2.72    2.66    ~0.11    ~0.75   1722   -23.82     77   -23.37      1   -37.58      0        -      1   -24.91      1153       20    -8.80   -23.98
  18400.0   1783   100/100    2.83    2.75    ~0.11    ~0.75   1706   -23.61     75   -23.22      1   -36.36      0        -      1   -24.43      1146       18    -6.84   -23.77
  18500.0   1788   100/100    2.82    2.66    ~0.10    ~0.75   1711   -23.99     75   -23.97      1   -41.26      0        -      1   -22.93      1150       18    -8.14   -24.16
  18600.0   1771   100/100    2.89    2.64    ~0.11    ~0.76   1691   -23.56     78   -23.88      1   -42.95      0        -      1   -22.24      1153       21   -11.23   -23.73
  18700.0   1777   100/100    2.80    2.64    ~0.10    ~0.73   1696   -23.44     79   -23.18      1   -35.26      0        -      1   -21.01      1167       21   -11.74   -23.58
  18800.0   1765   100/100    2.84    2.66    ~0.11    ~0.74   1684   -23.08     79   -23.64      1   -36.58      0        -      1   -20.38      1130       23   -13.14   -23.24
  18900.0   1748   100/100    2.75    2.80    ~0.11    ~0.79   1668   -22.67     79   -24.73      0        -      0        -      1   -20.52      1109       28   -16.74   -22.86
  19000.0   1744   100/100    2.73    2.69    ~0.11    ~0.80   1663   -22.35     80   -24.77      0        -      0        -      1   -21.30      1050       39   -18.20   -22.56
  19100.0   1737   100/100    2.73    2.63    ~0.11    ~0.76   1659   -22.18     77   -23.92      0        -      0        -      1   -20.61      1119       39   -17.04   -22.38
  19200.0   1734   100/100    2.81    2.76    ~0.11    ~0.76   1658   -21.96     75   -24.08      0        -      0        -      1   -20.07      1103       37   -16.85   -22.16
  19300.0   1751   100/100    2.70    2.71    ~0.11    ~0.74   1669   -21.82     81   -24.75      0        -      0        -      1   -12.05      1093       42   -17.79   -22.06
  19400.0   1746   100/100    2.89    2.73    ~0.11    ~0.75   1671   -21.54     74   -24.71      0        -      0        -      1   -11.79      1084       38   -16.86   -21.77
  19500.0   1754   100/100    2.83    2.67    ~0.11    ~0.74   1681   -21.29     72   -24.19      0        -      0        -      1   -15.09      1116       36   -15.48   -21.53
  19600.0   1757   100/100    2.76    2.76    ~0.10    ~0.75   1687   -21.07     69   -23.75      0        -      0        -      1   -14.87      1144       36   -15.78   -21.29
  19700.0   1764   100/100    2.82    2.80    ~0.11    ~0.75   1693   -20.80     70   -23.78      0        -      0        -      1   -11.48      1178       37   -16.54   -21.01
  19800.0   1781   100/100    2.62    2.79    ~0.11    ~0.76   1710   -21.04     70   -23.37      0        -      0        -      1   -13.03      1216       37   -16.08   -21.24
  19900.0   1796   100/100    2.83    2.86    ~0.11    ~0.71   1726   -21.04     69   -23.11      0        -      0        -      1   -11.43      1208       37   -15.75   -21.23
  20000.0   1807   100/100    2.76    2.78    ~0.11    ~0.72   1737   -21.71     68   -23.94      0        -      0        -      2   -23.62      1204       35   -16.23   -21.90
  20100.0   1813   100/100    2.74    2.72    ~0.10    ~0.71   1744   -21.89     68   -24.21      0        -      0        -      1   -13.35      1245       34   -17.32   -22.06
  20200.0   1817   100/100    2.75    2.74    ~0.11    ~0.72   1748   -21.86     68   -23.79      0        -      0        -      1   -12.51      1203       34   -16.88   -22.02
  20300.0   1814   100/100    2.75    2.81    ~0.11    ~0.73   1745   -21.69     68   -23.63      0        -      0        -      1   -12.59      1217       34   -16.95   -21.85
  20400.0   1812   100/100    2.83    2.78    ~0.11    ~0.71   1746   -22.12     65   -24.78      0        -      0        -      1   -15.64      1216       35   -19.33   -22.27
  20500.0   1814   100/100    2.63    2.77    ~0.10    ~0.73   1750   -22.31     63   -25.08      0        -      0        -      1   -15.89      1215       36   -19.10   -22.47
  20600.0   1818   100/100    2.72    2.70    ~0.11    ~0.73   1753   -22.85     64   -26.63      0        -      0        -      1   -15.83      1236       40   -23.44   -22.96
  20700.0   1822   100/100    2.70    2.86    ~0.11    ~0.72   1755   -22.90     66   -27.16      0        -      0        -      1   -17.89      1233       43   -24.41   -23.02
  20800.0   1811   100/100    2.62    2.82    ~0.11    ~0.72   1743   -22.90     67   -27.48      0        -      0        -      1   -20.94      1231       45   -24.92   -23.02
  20900.0   1815   100/100    2.60    2.75    ~0.11    ~0.72   1744   -22.94     70   -28.05      0        -      0        -      1   -21.81      1215       47   -25.33   -23.08
  21000.0   1814   100/100    2.70    2.85    ~0.11    ~0.76   1745   -23.13     68   -27.27      0        -      0        -      1   -25.61      1229       45   -24.40   -23.26
  21100.0   1812   100/100    2.70    2.81    ~0.11    ~0.76   1743   -23.30     68   -28.83      0        -      0        -      1   -21.77      1228       46   -25.92   -23.45
  21200.0   1810   100/100    2.70    2.79    ~0.11    ~0.76   1743   -22.99     66   -29.55      0        -      0        -      1   -19.45      1188       44   -26.27   -23.15
  21300.0   1812   100/100    2.67    2.74    ~0.11    ~0.75   1746   -23.23     65   -29.84      0        -      0        -      1   -18.69      1195       43   -25.81   -23.41
  21400.0   1803   100/100    2.81    2.79    ~0.11    ~0.76   1739   -23.05     63   -29.42      0        -      0        -      1   -25.60      1163       42   -25.23   -23.23
  21500.0   1809   100/100    2.73    2.84    ~0.11    ~0.76   1748   -23.13     60   -29.20      0        -      0        -      1   -21.50      1192       40   -24.91   -23.29
  21600.0   1813   100/100    2.79    2.81    ~0.11    ~0.76   1753   -23.12     59   -28.64      0        -      0        -      1   -25.09      1226       40   -24.50   -23.27
  21700.0   1825   100/100    2.86    2.83    ~0.11    ~0.76   1766   -22.71     58   -27.63      0        -      0        -      1   -20.48      1231       40   -22.86   -22.86
  21800.0   1841   100/100    2.89    2.81    ~0.11    ~0.75   1785   -22.53     55   -28.14      0        -      0        -      1   -15.07      1198       40   -22.48   -22.70
  21900.0   1834   100/100    2.90    2.81    ~0.11    ~0.76   1779   -23.09     54   -28.83      0        -      0        -      1   -18.22      1221       39   -24.07   -23.24
  22000.0   1819   100/100    2.91    2.77    ~0.11    ~0.75   1761   -23.03     57   -30.38      0        -      0        -      1   -20.75      1223       39   -24.83   -23.22
  22100.0   1821   100/100    2.93    2.66    ~0.11    ~0.74   1766   -22.69     54   -30.19      0        -      0        -      1   -17.73      1194       39   -25.79   -22.85
  22200.0   1822   100/100    2.83    2.74    ~0.11    ~0.77   1768   -22.55     52   -30.37      0        -      0        -      2   -27.41      1229       39   -26.85   -22.68
  22300.0   1814   100/100    2.87    2.65    ~0.11    ~0.74   1754   -22.34     58   -30.92      0        -      0        -      2   -20.58      1237       45   -26.91   -22.50
  22400.0   1809   100/100    2.80    2.73    ~0.10    ~0.75   1749   -21.98     58   -29.76      0        -      0        -      2   -21.00      1242       45   -26.11   -22.13
  22500.0   1817   100/100    2.77    2.74    ~0.11    ~0.74   1758   -21.47     58   -28.73      0        -      0        -      1    -5.68      1227       49   -25.84   -21.58
  22600.0   1818   100/100    2.76    2.81    ~0.11    ~0.73   1759   -21.33     58   -27.93      0        -      0        -      1    -4.06      1209       47   -25.07   -21.44
  22700.0   1821   100/100    2.79    2.76    ~0.11    ~0.73   1760   -21.23     60   -28.98      0        -      0        -      1    -5.04      1271       50   -26.37   -21.34
  22800.0   1826   100/100    2.78    2.69    ~0.11    ~0.73   1766   -21.33     59   -28.56      0        -      0        -      1    -5.24      1240       57   -25.68   -21.42
  22900.0   1829   100/100    2.78    2.74    ~0.11    ~0.75   1771   -21.37     57   -26.09      0        -      0        -      1   -19.89      1263       54   -23.26   -21.47
  23000.0   1832   100/100    2.83    2.79    ~0.11    ~0.74   1775   -21.62     56   -25.89      0        -      0        -      1   -21.87      1258       53   -23.19   -21.71
  23100.0   1834   100/100    2.74    2.71    ~0.11    ~0.73   1776   -21.60     57   -25.86      0        -      0        -      1   -26.20      1274       49   -21.81   -21.73
  23200.0   1834   100/100    2.72    2.79    ~0.11    ~0.73   1777   -21.65     56   -24.76      0        -      0        -      1   -23.50      1289       49   -20.96   -21.77
  23300.0   1845   100/100    2.70    2.81    ~0.11    ~0.72   1790   -21.75     54   -23.96      0        -      0        -      1   -22.55      1295       46   -20.19   -21.86
  23400.0   1846   100/100    2.74    2.75    ~0.11    ~0.74   1792   -21.58     53   -25.19      0        -      0        -      1   -25.56      1322       43   -19.79   -21.73
  23500.0   1845   100/100    2.86    2.69    ~0.10    ~0.72   1792   -21.46     52   -24.30      0        -      0        -      1   -26.11      1334       41   -18.43   -21.61
  23600.0   1852   100/100    2.77    2.73    ~0.11    ~0.75   1800   -21.32     51   -24.20      0        -      0        -      1   -31.78      1313       41   -18.60   -21.47
  23700.0   1857   100/100    2.76    2.81    ~0.11    ~0.74   1806   -21.31     50   -24.55      0        -      0        -      1   -36.21      1286       41   -19.20   -21.46
  23800.0   1847   100/100    2.79    2.81    ~0.11    ~0.74   1796   -21.36     50   -24.58      0        -      0        -      1   -37.52      1284       41   -19.74   -21.49
  23900.0   1848   100/100    2.75    2.77    ~0.11    ~0.73   1797   -21.30     50   -24.70      0        -      0        -      1   -36.77      1271       41   -20.05   -21.43
  24000.0   1852   100/100    2.76    2.78    ~0.11    ~0.75   1797   -21.18     54   -26.41      0        -      0        -      1   -34.93      1302       43   -21.80   -21.33
  24100.0   1850   100/100    2.80    2.68    ~0.11    ~0.74   1796   -21.13     53   -26.04      0        -      0        -      1   -33.85      1325       41   -21.34   -21.27
  24200.0   1851   100/100    2.84    2.79    ~0.11    ~0.73   1792   -21.77     58   -27.35      0        -      0        -      1   -30.65      1298       45   -23.44   -21.91
  24300.0   1851   100/100    2.79    2.76    ~0.11    ~0.75   1791   -21.69     59   -27.30      0        -      0        -      1   -31.54      1315       46   -23.31   -21.84
  24400.0   1849   100/100    2.86    2.71    ~0.11    ~0.73   1789   -21.29     59   -27.47      0        -      0        -      1   -30.11      1338       43   -22.45   -21.47
  24500.0   1840   100/100    2.81    2.79    ~0.11    ~0.75   1779   -21.23     60   -28.53      0        -      0        -      1   -30.30      1307       44   -24.03   -21.41
  24600.0   1850   100/100    2.83    2.76    ~0.11    ~0.72   1789   -21.40     60   -29.05      0        -      0        -      1   -32.92      1342       43   -24.31   -21.59
  24700.0   1837   100/100    2.76    2.71    ~0.11    ~0.72   1778   -21.03     58   -28.72      0        -      0        -      1   -32.20      1345       41   -22.35   -21.26
  24800.0   1847   100/100    2.80    2.74    ~0.10    ~0.74   1789   -20.67     58   -28.08      0        -      0        -      0        -      1323       41   -22.04   -20.88
  24900.0   1854   100/100    2.97    2.80    ~0.10    ~0.70   1797   -21.55     57   -28.18      0        -      0        -      0        -      1332       41   -22.60   -21.74
  25000.0   1854   100/100    3.00    2.72    ~0.10    ~0.72   1797   -22.11     57   -29.26      0        -      0        -      0        -      1315       41   -23.54   -22.30
  25100.0   1851   100/100    2.92    2.60    ~0.11    ~0.74   1789   -21.54     61   -29.61      0        -      0        -      1   -40.43      1319       45   -24.73   -21.75
  25200.0   1856   100/100    2.78    2.66    ~0.10    ~0.72   1795   -21.54     61   -29.31      0        -      0        -      0        -      1385       45   -24.38   -21.73
  25300.0   1857   100/100    2.85    2.60    ~0.10    ~0.71   1797   -21.62     60   -29.05      0        -      0        -      0        -      1353       44   -23.84   -21.81
  25400.0   1848   100/100    2.75    2.61    ~0.11    ~0.73   1788   -21.94     60   -29.39      0        -      0        -      0        -      1345       44   -23.57   -22.15
  25500.0   1852   100/100    2.68    2.58    ~0.10    ~0.74   1792   -22.76     60   -27.99      0        -      0        -      0        -      1339       44   -22.33   -22.95
  25600.0   1858   100/100    2.76    2.61    ~0.10    ~0.72   1798   -22.82     60   -26.90      0        -      0        -      0        -      1341       44   -21.11   -22.99
  25700.0   1854   100/100    2.73    2.59    ~0.11    ~0.71   1794   -22.60     60   -27.35      0        -      0        -      0        -      1329       44   -21.33   -22.78
  25800.0   1849   100/100    2.73    2.75    ~0.10    ~0.70   1789   -22.70     60   -27.91      0        -      0        -      0        -      1334       44   -21.92   -22.89
  25900.0   1842   100/100    2.60    2.69    ~0.10    ~0.71   1784   -23.16     58   -28.76      0        -      0        -      0        -      1331       43   -21.30   -23.39
  26000.0   1843   100/100    2.83    2.72    ~0.10    ~0.73   1785   -23.27     58   -28.48      0        -      0        -      0        -      1314       43   -20.84   -23.50
  26100.0   1839   100/100    2.77    2.82    ~0.10    ~0.71   1784   -23.85     55   -27.21      0        -      0        -      0        -      1334       42   -21.77   -24.00
  26200.0   1828   100/100    2.81    2.68    ~0.10    ~0.72   1770   -23.60     58   -28.36      0        -      0        -      0        -      1306       43   -23.09   -23.77
  26300.0   1831   100/100    2.82    2.72    ~0.11    ~0.76   1773   -23.09     58   -30.32      0        -      0        -      0        -      1316       44   -24.26   -23.30
  26400.0   1839   100/100    2.74    2.86    ~0.11    ~0.75   1780   -23.30     59   -30.75      0        -      0        -      0        -      1294       44   -24.29   -23.52
  26500.0   1841   100/100    2.71    2.86    ~0.11    ~0.75   1782   -23.51     59   -31.57      0        -      0        -      0        -      1308       45   -26.24   -23.70
  26600.0   1838   100/100    2.71    2.78    ~0.11    ~0.74   1779   -23.18     59   -33.05      0        -      0        -      0        -      1339       45   -26.17   -23.43
  26700.0   1836   100/100    2.73    2.83    ~0.11    ~0.75   1777   -23.10     59   -32.89      0        -      0        -      0        -      1329       44   -25.68   -23.36
  26800.0   1838   100/100    2.75    2.77    ~0.10    ~0.72   1775   -23.19     63   -33.58      0        -      0        -      0        -      1318       46   -26.49   -23.47
  26900.0   1830   100/100    2.73    2.76    ~0.11    ~0.75   1765   -23.01     65   -34.86      0        -      0        -      0        -      1338       45   -27.34   -23.33
  27000.0   1824   100/100    2.78    2.72    ~0.11    ~0.75   1757   -22.86     67   -34.23      0        -      0        -      0        -      1295       44   -25.71   -23.22
  27100.0   1824   100/100    2.70    2.74    ~0.10    ~0.75   1753   -22.77     71   -34.62      0        -      0        -      0        -      1304       44   -26.01   -23.16
  27200.0   1826   100/100    2.76    2.78    ~0.11    ~0.74   1755   -23.26     71   -34.91      0        -      0        -      0        -      1282       44   -26.40   -23.65
  27300.0   1824   100/100    2.75    2.75    ~0.11    ~0.77   1755   -23.25     69   -34.86      0        -      0        -      0        -      1299       42   -25.48   -23.65
  27400.0   1823   100/100    2.81    2.72    ~0.10    ~0.74   1753   -23.15     70   -34.44      0        -      0        -      0        -      1298       44   -25.88   -23.53
  27500.0   1820   100/100    2.81    2.73    ~0.11    ~0.75   1748   -22.97     72   -34.97      0        -      0        -      0        -      1317       45   -26.45   -23.37
  27600.0   1827   100/100    2.88    2.67    ~0.10    ~0.74   1753   -23.15     74   -36.17      0        -      0        -      0        -      1285       44   -27.79   -23.58
  27700.0   1813   100/100    2.90    2.59    ~0.11    ~0.75   1734   -23.09     79   -37.09      0        -      0        -      0        -      1286       46   -28.99   -23.56
  27800.0   1822   100/100    2.83    2.69    ~0.11    ~0.77   1742   -23.46     80   -36.14      0        -      0        -      0        -      1276       46   -27.86   -23.92
  27900.0   1820   100/100    2.83    2.78    ~0.10    ~0.77   1739   -23.81     80   -36.06      0        -      0        -      1   -53.11      1274       46   -28.39   -24.26
  28000.0   1813   100/100    2.76    2.72    ~0.11    ~0.76   1733   -24.29     80   -35.57      0        -      0        -      0        -      1276       46   -29.06   -24.68
  28100.0   1811    99/100    2.77    2.67    ~0.11    ~0.77   1734   -24.12     77   -34.76      0        -      0        -      0        -      1262       43   -28.15   -24.48
  28200.0   1797   100/100    2.82    2.67    ~0.11    ~0.75   1721   -23.93     76   -35.06      0        -      0        -      0        -      1225       42   -27.99   -24.32
  28300.0   1799   100/100    2.78    2.75    ~0.10    ~0.75   1711   -23.84     88   -37.20      0        -      0        -      0        -      1214       51   -31.83   -24.28
  28400.0   1790   100/100    2.75    2.60    ~0.11    ~0.74   1698   -23.94     92   -38.25      0        -      0        -      0        -      1221       54   -33.52   -24.40
  28500.0   1791   100/100    2.74    2.57    ~0.11    ~0.76   1696   -24.16     95   -37.41      0        -      0        -      0        -      1216       56   -32.02   -24.63
  28600.0   1778   100/100    2.76    2.56    ~0.11    ~0.75   1686   -24.30     92   -36.89      0        -      0        -      0        -      1246       55   -31.91   -24.73
  28700.0   1777   100/100    2.70    2.64    ~0.11    ~0.74   1682   -24.00     95   -36.61      0        -      0        -      0        -      1240       55   -31.87   -24.45
  28800.0   1765   100/100    2.69    2.75    ~0.11    ~0.76   1671   -23.60     94   -36.74      0        -      0        -      0        -      1208       54   -31.74   -24.07
  28900.0   1758   100/100    2.65    2.77    ~0.10    ~0.75   1659   -23.47     99   -36.97      0        -      0        -      0        -      1190       55   -32.43   -23.97
  29000.0   1750   100/100    2.67    2.76    ~0.11    ~0.78   1652   -23.06     98   -36.75      0        -      0        -      0        -      1176       55   -32.11   -23.55
  29100.0   1761   100/100    2.64    2.79    ~0.11    ~0.75   1662   -23.05     99   -36.08      0        -      0        -      0        -      1200       55   -30.78   -23.56
  29200.0   1770   100/100    2.72    2.75    ~0.11    ~0.76   1673   -22.91     97   -35.23      0        -      0        -      0        -      1229       52   -29.84   -23.40
  29300.0   1776   100/100    2.69    2.84    ~0.11    ~0.73   1684   -22.93     92   -34.46      0        -      0        -      0        -      1229       49   -28.95   -23.37
  29400.0   1778   100/100    2.70    2.96    ~0.11    ~0.74   1689   -22.67     89   -34.77      0        -      0        -      0        -      1245       48   -29.24   -23.11
  29500.0   1781   100/100    2.74    2.99    ~0.11    ~0.73   1692   -22.98     89   -34.68      0        -      0        -      0        -      1264       48   -29.39   -23.40
  29600.0   1780   100/100    2.79    2.81    ~0.11    ~0.76   1692   -23.00     88   -34.16      0        -      0        -      0        -      1226       48   -28.58   -23.41
  29700.0   1785   100/100    2.66    2.86    ~0.11    ~0.74   1698   -23.00     87   -32.17      0        -      0        -      0        -      1250       49   -27.61   -23.33
  29800.0   1795   100/100    2.81    2.93    ~0.11    ~0.76   1713   -23.24     82   -31.17      0        -      0        -      0        -      1246       45   -25.77   -23.55
  29900.0   1789   100/100    2.67    2.80    ~0.11    ~0.77   1710   -23.40     79   -31.00      0        -      0        -      0        -      1241       41   -24.55   -23.71
  30000.0   1782   100/100    2.74    2.78    ~0.11    ~0.74   1706   -23.08     76   -29.25      0        -      0        -      0        -      1233       38   -21.31   -23.39

300 of 300 samples printed
