arm r37b-s2 | run 2026-09-13-001415-2430e660 | tank r=5.64 m (100 m2), 60 m deep, 4 ring(s)
columns of 1 m: 100 | lineage.jsonl: 13009 births, 82 clades

        t      n      cols    x sd    z sd     nn h    nn 3d   leaf   leaf y   stom   stom y   mixo   mixo y    jnt    jnt y  plain  plain y  clade 1m  jointed  joint y  rigid y
    100.0     40    34/100    2.65    2.16     0.74     2.25     27   -15.08      7   -31.51      0        -      3    -2.38      3   -31.53         0       18   -19.44   -17.24
    200.0     45    35/100    2.64    2.36     0.49     1.94     41    -7.72      1   -43.13      0        -      3    -2.42      0        -         2       18    -9.93    -6.97
    300.0     59    39/100    2.74    2.47     0.56     1.74     54    -8.36      2   -21.89      0        -      3    -1.51      0        -         8       22   -10.79    -7.09
    400.0     68    42/100    2.79    2.73     0.47     1.54     64    -7.24      1    -5.68      0        -      3    -1.35      0        -         5       23    -9.97    -5.42
    500.0     80    56/100    2.73    2.49     0.49     1.47     75    -7.28      1    -5.80      0        -      4    -1.25      0        -        16       27    -9.81    -5.51
    600.0     93    54/100    2.76    2.76     0.40     1.28     85    -7.75      1    -7.17      0        -      7    -0.98      0        -        14       31    -9.53    -6.08
    700.0    102    54/100    3.03    2.70     0.39     1.23     93    -8.09      1    -8.38      0        -      8    -1.13      0        -        13       38    -9.50    -6.39
    800.0    116    63/100    2.81    2.69     0.42     1.29    103    -7.85      1    -6.74      0        -     12    -1.16      0        -        14       45    -8.22    -6.48
    900.0    132    62/100    2.66    2.96     0.36     1.22    115    -8.84      1    -7.35      0        -     16    -1.44      0        -        10       55    -8.65    -7.42
   1000.0    147    68/100    2.74    3.15     0.34     1.25    129    -9.53      1    -8.40      0        -     17    -1.71      0        -        15       64    -8.96    -8.34
   1100.0    166    72/100    2.59    2.88     0.30     1.11    144    -9.12      1   -21.80      0        -     21    -1.99      0        -        16       76    -7.99    -8.55
   1200.0    185    86/100    2.85    2.70     0.36     1.19    160    -8.98      0        -      0        -     24    -3.22      1    -0.72         9       83    -7.44    -8.80
   1300.0    206    80/100    2.76    2.91     0.33     1.13    175    -9.29      0        -      0        -     30    -3.79      1    -0.76        21       97    -8.21    -8.67
   1400.0    221    87/100    2.54    2.54     0.29     1.07    186    -9.53      0        -      0        -     33    -4.86      2    -5.59        23      105    -8.76    -8.83
   1500.0    240    88/100    2.65    2.81     0.30     1.07    204   -11.05      0        -      0        -     34    -4.97      2    -5.13        20      109    -9.37   -10.77
   1600.0    248    90/100    2.94    2.64     0.28     1.11    212   -10.96      0        -      0        -     34    -4.96      2    -3.26        33      111    -9.60   -10.46
   1700.0    272    84/100    2.82    2.31     0.24     1.06    236   -11.33      0        -      0        -     35    -4.80      1    -6.92        41      113    -9.46   -11.19
   1800.0    290    87/100    2.96    2.32     0.25     0.99    253   -10.63      0        -      0        -     36    -5.03      1    -8.43        52      117    -8.97   -10.57
   1900.0    326    93/100    2.83    2.45     0.24     0.99    284   -10.36      0        -      0        -     41    -7.25      1    -8.57        52      124    -9.32   -10.36
   2000.0    362    93/100    2.79    2.54     0.23     0.94    315   -10.34      0        -      0        -     45    -8.67      2   -11.94        70      133   -10.29   -10.06
   2100.0    396    95/100    2.78    2.68     0.21     0.96    343   -10.77      0        -      0        -     51    -8.54      2   -12.04        74      140   -10.55   -10.45
   2200.0    428    93/100    2.63    2.72     0.22     0.95    380   -11.10      0        -      0        -     48    -8.67      0        -        79      143   -11.09   -10.70
   2300.0    471    98/100    2.89    2.73     0.20     0.95    425   -10.87      0        -      0        -     46    -8.59      0        -       109      148   -11.57   -10.23
   2400.0    506    99/100    3.01    2.65     0.19     0.95    457   -11.60      0        -      0        -     47   -10.89      2   -16.52       132      143   -12.39   -11.23
   2500.0    547    99/100    2.83    2.72     0.19     0.87    503   -11.93      0        -      0        -     42   -10.42      2   -17.62       167      137   -12.21   -11.71
   2600.0    599   100/100    2.65    2.76     0.18     0.85    553   -11.82      0        -      0        -     44   -10.56      2   -13.52       183      139   -11.36   -11.84
   2700.0    646    98/100    2.78    2.89     0.16     0.84    594   -12.06      0        -      0        -     49   -11.95      3   -14.91       229      145   -12.27   -12.01
   2800.0    676    99/100    2.68    2.98     0.17     0.80    627   -13.51      0        -      0        -     45   -13.10      4   -17.32       245      140   -13.42   -13.52
   2900.0    710    99/100    2.66    2.75     0.16     0.81    662   -13.51      0        -      0        -     44   -13.65      4   -16.92       281      134   -13.25   -13.61
   3000.0    763   100/100    2.93    2.74     0.17     0.88    716   -13.81      0        -      0        -     42   -15.33      5   -13.82       290      131   -12.88   -14.10
   3100.0    811    99/100    2.88    2.86     0.16     0.82    768   -14.37      0        -      0        -     39   -15.73      4   -13.56       341      127   -13.59   -14.58
   3200.0    857   100/100    2.81    2.77     0.16     0.83    809   -15.27      0        -      0        -     44   -17.74      4   -16.02       376      130   -15.95   -15.30
   3300.0    902    98/100    2.68    2.53     0.14     0.79    851   -15.04      0        -      0        -     47   -19.34      4   -16.38       422      129   -15.64   -15.21
   3400.0    933    98/100    2.88    2.57     0.14     0.78    894   -14.39      0        -      0        -     37   -15.91      2   -14.57       454      118   -14.04   -14.51
   3500.0    964    99/100    2.95    2.51     0.14     0.78    930   -14.75      0        -      0        -     32   -13.59      2   -10.73       471      113   -13.74   -14.83
   3600.0    989   100/100    2.78    2.51     0.14     0.77    960   -14.32      0        -      0        -     27   -14.13      2   -12.72       517      107   -13.57   -14.40
   3700.0   1022   100/100    2.74    2.48     0.14     0.76    995   -14.41      0        -      0        -     25   -13.03      2   -13.25       523      106   -13.76   -14.44
   3800.0   1051    99/100    2.86    2.48     0.13     0.76   1027   -14.42      0        -      0        -     22   -11.93      2   -11.06       557      106   -13.82   -14.43
   3900.0   1078    98/100    2.88    2.50     0.13     0.72   1056   -14.94      0        -      0        -     20   -11.02      2   -12.91       610       98   -13.57   -14.99
   4000.0   1114    99/100    2.66    2.57     0.13     0.71   1091   -15.04      0        -      0        -     20   -11.30      3   -13.59       663       94   -13.24   -15.12
   4100.0   1146    98/100    2.84    2.62     0.14     0.74   1123   -15.53      0        -      0        -     20   -11.15      3   -15.51       643       92   -13.72   -15.61
   4200.0   1175   100/100    2.76    2.87     0.13     0.74   1154   -15.41      0        -      0        -     18   -10.81      3   -14.58       674       89   -13.68   -15.47
   4300.0   1210   100/100    2.81    2.68    ~0.13    ~0.74   1190   -16.41      0        -      0        -     17   -12.65      3   -15.28       700       89   -14.81   -16.48
   4400.0   1230   100/100    2.80    2.62    ~0.12    ~0.73   1214   -15.87      0        -      0        -     14   -12.44      2   -11.47       775       81   -13.61   -15.98
   4500.0   1275    99/100    2.74    2.70    ~0.11    ~0.69   1259   -15.59      0        -      0        -     14   -10.71      2   -12.20       786       78   -12.15   -15.75
   4600.0   1311   100/100    2.87    2.72    ~0.13    ~0.69   1296   -16.01      0        -      0        -     14   -12.60      1   -20.12       799       77   -12.58   -16.19
   4700.0   1329    99/100    2.84    2.58    ~0.12    ~0.68   1317   -16.23      0        -      0        -     11   -12.30      1   -22.26       850       75   -14.30   -16.31
   4800.0   1358    99/100    2.76    2.63    ~0.12    ~0.68   1346   -16.58      0        -      0        -     11   -12.91      1   -18.25       873       72   -14.25   -16.68
   4900.0   1398   100/100    2.81    2.66    ~0.11    ~0.72   1388   -16.54      0        -      0        -      8   -11.80      2   -17.43       896       64   -12.89   -16.68
   5000.0   1425   100/100    2.84    2.74    ~0.12    ~0.72   1417   -16.60      0        -      0        -      6    -8.20      2   -11.49       933       59   -12.59   -16.73
   5100.0   1443   100/100    2.68    2.82    ~0.12    ~0.70   1436   -16.76      0        -      0        -      5    -7.61      2   -11.43       949       58   -12.98   -16.87
   5200.0   1467   100/100    2.73    2.86    ~0.12    ~0.71   1460   -16.42      0        -      0        -      5    -6.65      2   -21.07       976       57   -13.23   -16.52
   5300.0   1489   100/100    2.78    2.90    ~0.12    ~0.72   1483   -16.38      0        -      0        -      4    -4.54      2   -23.66       990       56   -13.18   -16.49
   5400.0   1504    99/100    2.82    2.79    ~0.12    ~0.67   1498   -17.31      0        -      0        -      4    -3.88      2   -29.73      1016       54   -14.35   -17.40
   5500.0   1523    98/100    2.71    2.73    ~0.12    ~0.69   1517   -17.26      0        -      0        -      4    -3.62      2   -24.44      1053       54   -13.98   -17.35
   5600.0   1537    99/100    2.73    2.80    ~0.11    ~0.71   1531   -16.96      0        -      0        -      4    -3.25      2   -29.48      1080       53   -13.05   -17.08
   5700.0   1550    99/100    2.78    2.91    ~0.11    ~0.70   1544   -17.11      0        -      0        -      4    -3.37      2   -27.23      1121       52   -12.82   -17.23
   5800.0   1550   100/100    2.71    2.83    ~0.11    ~0.72   1544   -18.18      0        -      0        -      4    -3.74      2   -26.48      1057       52   -14.68   -18.27
   5900.0   1558   100/100    2.67    2.74    ~0.12    ~0.72   1552   -18.10      0        -      0        -      4    -3.94      2   -26.66      1073       51   -15.22   -18.17
   6000.0   1567   100/100    2.78    2.74    ~0.12    ~0.71   1560   -17.49      0        -      0        -      4    -4.96      3   -20.97      1105       51   -15.06   -17.55
   6100.0   1566   100/100    2.77    2.85    ~0.12    ~0.70   1560   -17.58      0        -      0        -      4    -5.70      2   -26.30      1112       49   -14.99   -17.64
   6200.0   1572   100/100    2.83    2.75    ~0.11    ~0.70   1566   -17.93      0        -      0        -      4    -5.15      2   -26.13      1092       49   -15.53   -17.98
   6300.0   1584   100/100    2.60    2.77    ~0.11    ~0.68   1576   -17.86      0        -      0        -      4    -4.77      4   -23.29      1089       49   -15.93   -17.90
   6400.0   1581   100/100    2.70    2.71    ~0.11    ~0.69   1574   -18.08      0        -      0        -      4    -4.62      3   -22.07      1100       46   -14.94   -18.14
   6500.0   1587   100/100    2.68    2.72    ~0.11    ~0.70   1579   -18.27      0        -      0        -      4    -5.13      4   -23.26      1114       44   -13.60   -18.39
   6600.0   1584   100/100    2.74    2.60    ~0.11    ~0.70   1578   -17.87      0        -      0        -      3    -5.00      3   -21.10      1099       43   -14.82   -17.94
   6700.0   1587   100/100    2.77    2.57    ~0.12    ~0.72   1581   -17.77      0        -      0        -      3    -7.40      3   -21.32      1123       40   -13.30   -17.88
   6800.0   1577   100/100    2.81    2.64    ~0.12    ~0.71   1571   -17.61      0        -      0        -      3    -7.07      3   -22.52      1136       40   -14.75   -17.68
   6900.0   1583   100/100    2.68    2.74    ~0.12    ~0.68   1578   -17.33      0        -      0        -      2    -3.86      3   -25.11      1126       37   -12.41   -17.45
   7000.0   1600    99/100    2.65    2.78    ~0.11    ~0.68   1595   -17.18      0        -      0        -      2    -4.51      3   -23.07      1140       39   -13.26   -17.27
   7100.0   1637    99/100    2.64    2.81    ~0.11    ~0.69   1632   -17.57      0        -      0        -      2   -15.77      3   -20.67      1148       38   -13.17   -17.68
   7200.0   1645   100/100    2.79    2.89    ~0.12    ~0.71   1640   -17.67      0        -      0        -      2   -15.90      3   -21.98      1156       36   -12.23   -17.80
   7300.0   1663   100/100    2.89    2.93    ~0.11    ~0.68   1658   -18.45      0        -      0        -      2   -13.12      3   -21.70      1184       37   -13.45   -18.56
   7400.0   1668   100/100    2.61    2.93    ~0.11    ~0.70   1663   -18.34      0        -      0        -      2   -12.92      3   -21.21      1206       34   -11.70   -18.48
   7500.0   1671   100/100    2.58    2.96    ~0.11    ~0.66   1665   -18.10      0        -      0        -      2   -15.93      4   -25.30      1214       30    -9.76   -18.26
   7600.0   1689   100/100    2.80    2.92    ~0.10    ~0.70   1684   -18.30      0        -      0        -      2   -16.11      3   -23.00      1213       30   -10.25   -18.45
   7700.0   1693   100/100    2.84    2.84    ~0.12    ~0.69   1688   -19.09      0        -      0        -      2   -18.90      3   -23.14      1214       29   -11.96   -19.22
   7800.0   1686   100/100    2.74    2.70    ~0.11    ~0.71   1682   -18.74      0        -      0        -      1    -4.19      3   -22.91      1218       26   -10.84   -18.87
   7900.0   1684   100/100    2.61    2.82    ~0.12    ~0.70   1678   -18.81      0        -      0        -      1    -3.44      5   -31.86      1213       26   -11.28   -18.96
   8000.0   1680   100/100    2.57    2.89    ~0.11    ~0.70   1675   -18.79      0        -      0        -      0        -      5   -32.81      1220       24   -10.47   -18.95
   8100.0   1679   100/100    2.67    2.86    ~0.11    ~0.68   1674   -18.73      0        -      0        -      0        -      5   -34.02      1207       24   -10.55   -18.90
   8200.0   1673   100/100    2.62    2.81    ~0.11    ~0.69   1668   -18.32      0        -      0        -      0        -      5   -33.30      1188       23    -9.30   -18.49
   8300.0   1669   100/100    2.48    2.82    ~0.11    ~0.72   1663   -18.87      1   -25.78      0        -      0        -      5   -34.38      1190       22    -9.36   -19.05
   8400.0   1656   100/100    2.60    2.85    ~0.11    ~0.70   1651   -18.89      1   -24.95      0        -      0        -      4   -41.81      1175       22    -8.90   -19.08
   8500.0   1648   100/100    2.59    2.78    ~0.11    ~0.69   1643   -19.00      1   -24.53      0        -      0        -      4   -43.11      1174       22   -10.25   -19.18
   8600.0   1624   100/100    2.57    2.78    ~0.11    ~0.69   1619   -18.56      1   -24.25      0        -      0        -      4   -42.47      1149       22   -10.56   -18.74
   8700.0   1630   100/100    2.56    2.76    ~0.11    ~0.71   1614   -18.41     12   -26.65      0        -      0        -      4   -41.60      1135       23   -11.18   -18.64
   8800.0   1651   100/100    2.68    2.87    ~0.11    ~0.68   1612   -18.67     35   -28.53      0        -      0        -      4   -37.51      1171       21    -8.85   -19.05
   8900.0   1672   100/100    2.61    2.77    ~0.11    ~0.69   1592   -19.01     76   -30.89      0        -      0        -      4   -34.97      1193       20    -7.60   -19.73
   9000.0   1714   100/100    2.64    2.76    ~0.11    ~0.68   1579   -18.69    131   -33.54      0        -      0        -      4   -35.63      1257       20    -7.38   -20.01
   9100.0   1739   100/100    2.73    2.75    ~0.11    ~0.69   1565   -18.53    170   -35.97      0        -      0        -      4   -34.45      1257       19    -7.58   -20.42
   9200.0   1743   100/100    2.89    2.83    ~0.11    ~0.72   1544   -18.51    195   -36.53      0        -      0        -      4   -35.92      1225       19    -7.71   -20.71
   9300.0   1749   100/100    2.78    2.86    ~0.11    ~0.72   1524   -18.15    221   -37.23      0        -      0        -      4   -35.36      1213       19    -7.60   -20.74
   9400.0   1758   100/100    2.72    2.78    ~0.11    ~0.74   1509   -18.36    245   -37.73      0        -      0        -      4   -36.97      1188       18    -7.37   -21.24
   9500.0   1775   100/100    2.85    2.91    ~0.11    ~0.74   1505   -18.44    266   -38.25      0        -      0        -      4   -38.49      1186       18    -7.54   -21.59
   9600.0   1776   100/100    2.85    2.83    ~0.11    ~0.74   1487   -18.68    286   -38.72      0        -      0        -      3   -38.31      1203       17    -8.43   -22.07
   9700.0   1773   100/100    2.77    2.76    ~0.11    ~0.77   1467   -18.48    303   -38.86      0        -      0        -      3   -37.26      1170       16    -8.50   -22.12
   9800.0   1783   100/100    2.75    2.82    ~0.11    ~0.75   1456   -18.43    324   -39.01      0        -      0        -      3   -34.47      1207       16    -9.10   -22.32
   9900.0   1784   100/100    2.71    2.84    ~0.10    ~0.76   1440   -18.21    342   -39.00      0        -      0        -      2   -34.05      1198       15    -8.68   -22.33
  10000.0   1781   100/100    2.71    2.98    ~0.11    ~0.74   1419   -18.20    360   -39.01      0        -      0        -      2   -36.03      1197       15    -9.29   -22.54
  10100.0   1787   100/100    2.75    2.87    ~0.11    ~0.75   1401   -18.06    384   -38.81      0        -      0        -      2   -36.16      1206       14   -10.15   -22.64
  10200.0   1795   100/100    2.75    2.83    ~0.11    ~0.75   1393   -18.18    401   -38.50      0        -      0        -      1   -49.43      1184       14    -9.43   -22.84
  10300.0   1799   100/100    2.77    2.85    ~0.11    ~0.75   1382   -18.00    416   -38.52      0        -      0        -      1   -51.73      1215       14    -9.53   -22.87
  10400.0   1807    99/100    2.75    2.88    ~0.11    ~0.73   1373   -17.97    433   -38.30      0        -      0        -      1   -51.50      1211       14    -9.88   -22.96
  10500.0   1801   100/100    2.78    2.89    ~0.11    ~0.75   1352   -17.91    449   -38.13      0        -      0        -      0        -      1216       13   -10.14   -23.05
  10600.0   1808   100/100    2.80    2.86    ~0.11    ~0.77   1345   -17.70    463   -37.81      0        -      0        -      0        -      1180       12    -9.69   -22.94
  10700.0   1813   100/100    2.77    2.86    ~0.11    ~0.75   1338   -18.01    475   -38.39      0        -      0        -      0        -      1260       12   -10.88   -23.43
  10800.0   1820   100/100    2.75    2.91    ~0.11    ~0.78   1332   -18.46    488   -38.35      0        -      0        -      0        -      1171       12   -10.97   -23.88
  10900.0   1818   100/100    2.71    2.79    ~0.10    ~0.78   1322   -18.51    496   -37.79      0        -      0        -      0        -      1202       11   -11.13   -23.85
  11000.0   1822   100/100    2.71    2.88    ~0.10    ~0.76   1319   -18.40    503   -37.85      0        -      0        -      0        -      1203       11   -11.65   -23.84
  11100.0   1826   100/100    2.74    2.80    ~0.11    ~0.79   1315   -18.33    511   -38.18      0        -      0        -      0        -      1221       11   -12.53   -23.95
  11200.0   1823   100/100    2.73    2.71    ~0.10    ~0.78   1306   -18.06    517   -38.28      0        -      0        -      0        -      1222       11   -14.04   -23.85
  11300.0   1827   100/100    2.64    2.75    ~0.10    ~0.78   1298   -18.31    529   -38.34      0        -      0        -      0        -      1211       11   -14.82   -24.17
  11400.0   1825   100/100    2.71    2.72    ~0.11    ~0.78   1288   -18.40    537   -38.55      0        -      0        -      0        -      1220       11   -16.27   -24.38
  11500.0   1822   100/100    2.71    2.81    ~0.11    ~0.77   1275   -18.08    547   -38.18      0        -      0        -      0        -      1231       11   -15.75   -24.17
  11600.0   1816   100/100    2.77    2.81    ~0.11    ~0.77   1267   -18.17    549   -38.14      0        -      0        -      0        -      1223       11   -16.39   -24.26
  11700.0   1811   100/100    2.70    2.74    ~0.11    ~0.77   1259   -18.20    552   -37.86      0        -      0        -      0        -      1172       11   -17.64   -24.23
  11800.0   1808   100/100    2.81    2.77    ~0.11    ~0.81   1251   -18.07    557   -37.56      0        -      0        -      0        -      1198       11   -18.10   -24.11
  11900.0   1794   100/100    2.77    2.82    ~0.11    ~0.77   1245   -19.04    549   -36.84      0        -      0        -      0        -      1212       11   -20.05   -24.52
  12000.0   1787   100/100    2.76    2.80    ~0.11    ~0.75   1243   -19.28    544   -36.09      0        -      0        -      0        -      1220       11   -20.78   -24.42
  12100.0   1785   100/100    2.81    2.78    ~0.10    ~0.77   1237   -19.22    548   -35.33      0        -      0        -      0        -      1216        9   -18.36   -24.20
  12200.0   1790   100/100    2.81    2.74    ~0.11    ~0.73   1241   -19.46    549   -35.62      0        -      0        -      0        -      1211        9   -18.79   -24.44
  12300.0   1789   100/100    2.70    2.75    ~0.11    ~0.74   1245   -19.77    544   -35.53      0        -      0        -      0        -      1218        7   -22.35   -24.57
  12400.0   1774   100/100    2.77    2.79    ~0.12    ~0.78   1241   -19.48    533   -35.05      0        -      0        -      0        -      1171        6   -17.45   -24.18
  12500.0   1768   100/100    2.85    2.70    ~0.11    ~0.78   1239   -19.36    529   -34.53      0        -      0        -      0        -      1181        6   -15.37   -23.93
  12600.0   1762   100/100    2.78    2.69    ~0.10    ~0.78   1239   -19.39    523   -34.00      0        -      0        -      0        -      1186        6   -16.58   -23.75
  12700.0   1762   100/100    2.80    2.75    ~0.11    ~0.79   1238   -19.59    524   -33.87      0        -      0        -      0        -      1181        6   -17.86   -23.86
  12800.0   1762   100/100    2.70    2.73    ~0.10    ~0.73   1247   -19.64    515   -33.19      0        -      0        -      0        -      1181        6   -16.85   -23.62
  12900.0   1735   100/100    2.75    2.70    ~0.11    ~0.78   1232   -19.42    503   -32.92      0        -      0        -      0        -      1197        6   -16.28   -23.36
  13000.0   1717   100/100    2.84    2.66    ~0.11    ~0.78   1223   -19.71    494   -32.87      0        -      0        -      0        -      1137        5    -9.16   -23.54
  13100.0   1704   100/100    2.76    2.59    ~0.11    ~0.75   1215   -19.79    489   -32.57      0        -      0        -      0        -      1150        5    -9.41   -23.50
  13200.0   1695   100/100    2.86    2.74    ~0.11    ~0.77   1217   -19.92    478   -32.21      0        -      0        -      0        -      1150        4    -4.71   -23.43
  13300.0   1678   100/100    2.87    2.71    ~0.11    ~0.74   1216   -19.96    462   -31.38      0        -      0        -      0        -      1107        3    -0.28   -23.14
  13400.0   1670   100/100    2.77    2.61    ~0.11    ~0.78   1221   -20.17    449   -30.87      0        -      0        -      0        -      1124        3    -0.88   -23.08
  13500.0   1658   100/100    2.72    2.67    ~0.11    ~0.75   1231   -20.35    426   -29.88      0        -      0        -      1   -40.63      1109        3    -0.69   -22.85
  13600.0   1666   100/100    2.75    2.72    ~0.11    ~0.76   1246   -20.54    420   -29.69      0        -      0        -      0        -      1112        3    -0.59   -22.89
  13700.0   1671   100/100    2.74    2.83    ~0.11    ~0.76   1255   -20.98    416   -29.76      0        -      0        -      0        -      1120        3    -0.85   -23.20
  13800.0   1676   100/100    2.77    2.77    ~0.11    ~0.73   1261   -21.70    415   -29.89      0        -      0        -      0        -      1186        3    -1.35   -23.77
  13900.0   1652   100/100    2.80    2.77    ~0.11    ~0.76   1270   -21.23    382   -28.28      0        -      0        -      0        -      1145        3    -1.25   -22.90
  14000.0   1683   100/100    2.89    2.74    ~0.11    ~0.75   1285   -21.04    398   -28.24      0        -      0        -      0        -      1181        3    -1.31   -22.78
  14100.0   1691   100/100    2.82    2.74    ~0.11    ~0.72   1297   -21.27    394   -27.40      0        -      0        -      0        -      1218        3    -1.56   -22.74
  14200.0   1678   100/100    2.76    2.80    ~0.11    ~0.71   1310   -21.34    368   -26.14      0        -      0        -      0        -      1209        3    -1.67   -22.43
  14300.0   1679   100/100    2.65    2.84    ~0.11    ~0.70   1324   -21.20    355   -25.17      0        -      0        -      0        -      1252        3    -1.33   -22.08
  14400.0   1701   100/100    2.72    2.75    ~0.10    ~0.73   1316   -21.24    384   -25.97      0        -      0        -      1   -35.57      1264        3    -1.89   -22.35
  14500.0   1718   100/100    2.67    2.82    ~0.11    ~0.74   1343   -21.37    375   -25.12      0        -      0        -      0        -      1267        3    -2.66   -22.22
  14600.0   1695   100/100    2.73    2.76    ~0.11    ~0.68   1348   -21.32    347   -24.34      0        -      0        -      0        -      1208        3    -2.72   -21.97
  14700.0   1703   100/100    2.78    2.70    ~0.12    ~0.74   1372   -21.30    330   -23.80      0        -      0        -      1   -30.99      1245        3    -2.38   -21.82
  14800.0   1704   100/100    2.81    2.71    ~0.11    ~0.69   1395   -21.70    309   -23.46      0        -      0        -      0        -      1285        3    -3.14   -22.06
  14900.0   1714   100/100    2.80    2.77    ~0.11    ~0.72   1414   -22.16    300   -22.87      0        -      0        -      0        -      1306        2    -4.96   -22.31
  15000.0   1713   100/100    2.84    2.77    ~0.11    ~0.72   1421   -21.80    292   -22.62      0        -      0        -      0        -      1280        2    -4.01   -21.96
  15100.0   1735   100/100    2.78    2.88    ~0.11    ~0.71   1436   -21.51    299   -22.69      0        -      0        -      0        -      1272        2    -3.62   -21.73
  15200.0   1734   100/100    2.81    2.80    ~0.11    ~0.71   1441   -21.82    293   -23.11      0        -      0        -      0        -      1320        2    -4.77   -22.06
  15300.0   1745   100/100    2.84    2.78    ~0.11    ~0.69   1461   -22.36    284   -23.45      0        -      0        -      0        -      1307        2    -5.77   -22.56
  15400.0   1736   100/100    2.83    2.75    ~0.11    ~0.73   1457   -21.81    279   -22.84      0        -      0        -      0        -      1296        2    -5.14   -21.99
  15500.0   1739   100/100    2.83    2.70    ~0.11    ~0.73   1470   -21.49    268   -22.35      0        -      0        -      1   -41.03      1264        2    -5.16   -21.66
  15600.0   1742   100/100    2.81    2.75    ~0.11    ~0.70   1480   -22.07    262   -22.78      0        -      0        -      0        -      1314        1   -12.51   -22.18
  15700.0   1738   100/100    2.82    2.69    ~0.11    ~0.70   1477   -22.46    260   -23.05      0        -      0        -      1   -40.74      1311        1   -13.56   -22.56
  15800.0   1725   100/100    2.77    2.60    ~0.11    ~0.72   1469   -22.29    256   -23.29      0        -      0        -      0        -      1283        1   -10.27   -22.44
  15900.0   1727   100/100    2.80    2.66    ~0.11    ~0.73   1456   -22.19    271   -24.29      0        -      0        -      0        -      1301        1    -7.25   -22.53
  16000.0   1728   100/100    2.83    2.72    ~0.11    ~0.70   1453   -22.39    275   -24.78      0        -      0        -      0        -      1270        1    -6.97   -22.78
  16100.0   1734   100/100    2.72    2.65    ~0.11    ~0.74   1450   -22.38    284   -25.57      0        -      0        -      0        -      1295        1    -6.24   -22.91
  16200.0   1740   100/100    2.66    2.57    ~0.11    ~0.71   1458   -22.94    282   -25.20      0        -      0        -      0        -      1312        1    -5.95   -23.32
  16300.0   1720   100/100    2.76    2.68    ~0.11    ~0.74   1425   -22.80    295   -25.84      0        -      0        -      0        -      1283        1   -11.08   -23.33
  16400.0   1699   100/100    2.66    2.76    ~0.11    ~0.71   1407   -22.38    292   -26.12      0        -      0        -      0        -      1234        1   -12.03   -23.03
  16500.0   1696   100/100    2.73    2.76    ~0.11    ~0.72   1395   -22.11    301   -26.21      0        -      0        -      0        -      1240        1   -17.93   -22.84
  16600.0   1695   100/100    2.72    2.76    ~0.10    ~0.72   1389   -21.87    306   -26.22      0        -      0        -      0        -      1212        1   -26.30   -22.65
  16700.0   1676   100/100    2.76    2.89    ~0.11    ~0.73   1388   -22.09    288   -25.92      0        -      0        -      0        -      1214        1   -27.89   -22.75
  16800.0   1662   100/100    2.86    2.78    ~0.11    ~0.76   1407   -22.62    255   -25.11      0        -      0        -      0        -      1223        1   -33.44   -23.00
  16900.0   1667   100/100    2.68    2.81    ~0.11    ~0.71   1433   -22.75    234   -24.08      0        -      0        -      0        -      1194        1   -32.12   -22.93
  17000.0   1684   100/100    2.69    2.91    ~0.11    ~0.75   1449   -22.60    235   -24.92      0        -      0        -      0        -      1212        1   -28.27   -22.92
  17100.0   1690   100/100    2.85    2.90    ~0.11    ~0.72   1457   -22.62    233   -25.13      0        -      0        -      0        -      1201        1   -27.42   -22.97
  17200.0   1683   100/100    2.80    2.83    ~0.11    ~0.76   1460   -22.84    223   -25.45      0        -      0        -      0        -      1216        1   -28.04   -23.18
  17300.0   1665   100/100    2.70    2.82    ~0.11    ~0.73   1444   -22.40    221   -25.30      0        -      0        -      0        -      1168        1   -25.81   -22.79
  17400.0   1670   100/100    2.74    2.79    ~0.11    ~0.72   1437   -22.41    233   -25.83      0        -      0        -      0        -      1213        1   -25.91   -22.88
  17500.0   1676   100/100    2.64    2.91    ~0.11    ~0.71   1441   -22.64    235   -25.85      0        -      0        -      0        -      1180        1   -26.11   -23.09
  17600.0   1677   100/100    2.65    2.88    ~0.11    ~0.76   1447   -22.77    230   -25.44      0        -      0        -      0        -      1173        1   -27.67   -23.13
  17700.0   1673   100/100    2.59    2.75    ~0.11    ~0.74   1448   -22.55    225   -25.01      0        -      0        -      0        -      1190        1   -25.67   -22.88
  17800.0   1668   100/100    2.62    2.69    ~0.10    ~0.73   1437   -22.60    231   -25.34      0        -      0        -      0        -      1153        1   -23.54   -22.98
  17900.0   1650   100/100    2.76    2.79    ~0.11    ~0.75   1426   -22.30    224   -24.93      0        -      0        -      0        -      1158        1   -23.98   -22.66
  18000.0   1628   100/100    2.63    2.80    ~0.11    ~0.74   1435   -22.31    193   -23.13      0        -      0        -      0        -      1157        1   -23.58   -22.41
  18100.0   1649   100/100    2.75    2.60    ~0.11    ~0.75   1468   -22.98    181   -23.39      0        -      0        -      0        -      1172        1   -18.46   -23.02
  18200.0   1644   100/100    2.78    2.78    ~0.12    ~0.74   1466   -22.84    178   -23.37      0        -      0        -      0        -      1149        1   -17.22   -22.90
  18300.0   1659   100/100    2.83    2.84    ~0.11    ~0.74   1468   -23.29    191   -24.03      0        -      0        -      0        -      1154        1   -11.14   -23.38
  18400.0   1642   100/100    2.76    2.87    ~0.11    ~0.72   1435   -23.00    207   -24.40      0        -      0        -      0        -      1177        1    -8.17   -23.19
  18500.0   1641   100/100    2.75    2.86    ~0.11    ~0.74   1443   -22.59    198   -24.29      0        -      0        -      0        -      1130        1    -7.79   -22.81
  18600.0   1646   100/100    2.83    2.87    ~0.11    ~0.76   1444   -22.43    202   -23.84      0        -      0        -      0        -      1129        1    -9.33   -22.61
  18700.0   1652   100/100    2.86    2.73    ~0.10    ~0.76   1448   -22.87    204   -24.42      0        -      0        -      0        -      1128        1    -5.32   -23.07
  18800.0   1665   100/100    2.75    2.73    ~0.11    ~0.76   1457   -22.80    208   -24.54      0        -      0        -      0        -      1127        1    -3.93   -23.03
  18900.0   1659   100/100    2.78    2.74    ~0.11    ~0.76   1450   -22.71    209   -24.37      0        -      0        -      0        -      1132        1    -3.59   -22.93
  19000.0   1649   100/100    2.78    2.79    ~0.11    ~0.74   1435   -22.28    214   -24.11      0        -      0        -      0        -      1146        1    -3.27   -22.53
  19100.0   1645   100/100    2.80    2.79    ~0.11    ~0.74   1425   -22.30    220   -24.04      0        -      0        -      0        -      1125        1    -2.52   -22.55
  19200.0   1637   100/100    2.75    2.74    ~0.11    ~0.75   1423   -22.66    214   -23.76      0        -      0        -      0        -      1147        1    -3.08   -22.82
  19300.0   1637   100/100    2.79    2.78    ~0.11    ~0.72   1419   -22.34    218   -23.42      0        -      0        -      0        -      1150        1    -4.09   -22.50
  19400.0   1641    99/100    2.79    2.86    ~0.12    ~0.73   1429   -22.59    212   -23.53      0        -      0        -      0        -      1163        0        -   -22.71
  19500.0   1637   100/100    2.74    2.86    ~0.11    ~0.74   1424   -22.44    213   -23.13      0        -      0        -      0        -      1146        0        -   -22.53
  19600.0   1634   100/100    2.73    2.84    ~0.11    ~0.73   1432   -22.21    202   -22.63      0        -      0        -      0        -      1147        0        -   -22.26
  19700.0   1622   100/100    2.87    2.84    ~0.11    ~0.74   1433   -21.87    189   -21.63      0        -      0        -      0        -      1143        0        -   -21.84
  19800.0   1635   100/100    2.89    2.98    ~0.11    ~0.75   1454   -22.22    181   -21.62      0        -      0        -      0        -      1142        0        -   -22.16
  19900.0   1641   100/100    2.66    2.84    ~0.11    ~0.72   1469   -22.44    172   -21.18      0        -      0        -      0        -      1148        0        -   -22.31
  20000.0   1640   100/100    2.64    2.97    ~0.11    ~0.75   1473   -22.44    166   -20.85      0        -      0        -      1   -24.14      1171        0        -   -22.28
  20100.0   1650   100/100    2.78    2.98    ~0.11    ~0.75   1482   -21.95    168   -20.59      0        -      0        -      0        -      1168        0        -   -21.81
  20200.0   1645   100/100    2.72    2.86    ~0.11    ~0.73   1485   -21.43    160   -19.85      0        -      0        -      0        -      1154        0        -   -21.28
  20300.0   1647   100/100    2.59    2.82    ~0.11    ~0.75   1501   -21.22    146   -19.77      0        -      0        -      0        -      1159        0        -   -21.09
  20400.0   1654   100/100    2.71    2.77    ~0.11    ~0.71   1509   -21.28    145   -19.33      0        -      0        -      0        -      1165        0        -   -21.11
  20500.0   1664   100/100    2.82    2.87    ~0.11    ~0.74   1519   -21.20    144   -19.50      0        -      0        -      1   -21.36      1160        0        -   -21.05
  20600.0   1683   100/100    2.71    2.74    ~0.11    ~0.75   1543   -21.33    140   -19.70      0        -      0        -      0        -      1157        0        -   -21.20
  20700.0   1682   100/100    2.78    2.78    ~0.12    ~0.73   1543   -21.24    139   -20.07      0        -      0        -      0        -      1194        0        -   -21.14
  20800.0   1690   100/100    2.70    2.83    ~0.11    ~0.73   1552   -20.76    138   -19.56      0        -      0        -      0        -      1186        0        -   -20.66
  20900.0   1692   100/100    2.71    2.87    ~0.11    ~0.73   1560   -20.50    132   -19.20      0        -      0        -      0        -      1206        0        -   -20.40
  21000.0   1696   100/100    2.68    2.83    ~0.11    ~0.71   1567   -20.33    129   -19.17      0        -      0        -      0        -      1207        0        -   -20.24
  21100.0   1704   100/100    2.74    2.88    ~0.11    ~0.71   1579   -20.25    125   -18.90      0        -      0        -      0        -      1231        0        -   -20.15
  21200.0   1722   100/100    2.84    2.80    ~0.11    ~0.72   1599   -19.96    123   -17.79      0        -      0        -      0        -      1238        0        -   -19.81
  21300.0   1734   100/100    2.88    2.76    ~0.11    ~0.71   1613   -20.30    121   -17.52      0        -      0        -      0        -      1271        0        -   -20.11
  21400.0   1737   100/100    2.82    2.73    ~0.10    ~0.73   1618   -20.33    119   -17.77      0        -      0        -      0        -      1269        0        -   -20.15
  21500.0   1737   100/100    2.76    2.81    ~0.11    ~0.71   1621   -20.12    116   -17.96      0        -      0        -      0        -      1264        0        -   -19.98
  21600.0   1743   100/100    2.77    2.85    ~0.11    ~0.73   1630   -20.08    113   -17.76      0        -      0        -      0        -      1264        0        -   -19.93
  21700.0   1745   100/100    2.86    2.78    ~0.11    ~0.71   1632   -20.50    113   -18.51      0        -      0        -      0        -      1260        0        -   -20.37
  21800.0   1741   100/100    2.74    2.74    ~0.11    ~0.73   1632   -20.52    109   -17.89      0        -      0        -      0        -      1313        0        -   -20.35
  21900.0   1731   100/100    2.75    2.77    ~0.11    ~0.75   1624   -20.43    107   -17.82      0        -      0        -      0        -      1268        0        -   -20.27
  22000.0   1724   100/100    2.76    2.77    ~0.11    ~0.75   1616   -20.09    108   -17.78      0        -      0        -      0        -      1228        0        -   -19.94
  22100.0   1723   100/100    2.81    2.70    ~0.11    ~0.73   1616   -20.06    107   -18.01      0        -      0        -      0        -      1218        0        -   -19.93
  22200.0   1720   100/100    2.82    2.62    ~0.11    ~0.73   1617   -19.95    103   -16.87      0        -      0        -      0        -      1259        0        -   -19.76
  22300.0   1723   100/100    2.87    2.71    ~0.11    ~0.69   1622   -19.43    101   -15.96      0        -      0        -      0        -      1294        0        -   -19.22
  22400.0   1721   100/100    2.77    2.74    ~0.11    ~0.68   1624   -19.33     97   -15.51      0        -      0        -      0        -      1269        0        -   -19.12
  22500.0   1737   100/100    2.73    2.66    ~0.11    ~0.68   1640   -18.92     97   -16.15      0        -      0        -      0        -      1295        0        -   -18.77
  22600.0   1750   100/100    2.80    2.71    ~0.11    ~0.70   1656   -18.78     94   -16.24      0        -      0        -      0        -      1316        0        -   -18.64
  22700.0   1753   100/100    2.77    2.72    ~0.11    ~0.70   1660   -18.43     93   -15.67      0        -      0        -      0        -      1333        0        -   -18.29
  22800.0   1760   100/100    2.77    2.75    ~0.10    ~0.67   1668   -18.37     92   -15.22      0        -      0        -      0        -      1317        0        -   -18.20
  22900.0   1769   100/100    2.76    2.81    ~0.11    ~0.69   1677   -18.61     92   -14.89      0        -      0        -      0        -      1316        0        -   -18.42
  23000.0   1779   100/100    2.72    2.68    ~0.10    ~0.67   1689   -18.75     90   -14.95      0        -      0        -      0        -      1361        0        -   -18.56
  23100.0   1794   100/100    2.77    2.79    ~0.10    ~0.72   1703   -19.06     91   -17.23      0        -      0        -      0        -      1356        0        -   -18.96
  23200.0   1799   100/100    2.80    2.82    ~0.11    ~0.72   1710   -19.58     89   -18.05      0        -      0        -      0        -      1347        0        -   -19.50
  23300.0   1799   100/100    2.78    2.82    ~0.11    ~0.70   1711   -19.65     88   -18.35      0        -      0        -      0        -      1346        0        -   -19.58
  23400.0   1798   100/100    2.72    2.76    ~0.11    ~0.71   1710   -19.30     88   -18.23      0        -      0        -      0        -      1358        0        -   -19.24
  23500.0   1798   100/100    2.70    2.94    ~0.10    ~0.73   1710   -19.38     88   -18.76      0        -      0        -      0        -      1357        0        -   -19.35
  23600.0   1799   100/100    2.64    2.81    ~0.11    ~0.72   1712   -19.72     87   -18.05      0        -      0        -      0        -      1339        0        -   -19.64
  23700.0   1792   100/100    2.70    2.78    ~0.11    ~0.73   1707   -19.45     85   -18.16      0        -      0        -      0        -      1317        0        -   -19.39
  23800.0   1796   100/100    2.76    2.79    ~0.11    ~0.71   1713   -19.35     83   -18.40      0        -      0        -      0        -      1353        0        -   -19.30
  23900.0   1802   100/100    2.75    2.79    ~0.11    ~0.69   1721   -19.32     81   -18.34      0        -      0        -      0        -      1363        0        -   -19.28
  24000.0   1805   100/100    2.74    2.71    ~0.11    ~0.70   1724   -19.24     81   -18.72      0        -      0        -      0        -      1389        0        -   -19.21
  24100.0   1815   100/100    2.72    2.72    ~0.11    ~0.70   1735   -19.27     80   -18.88      0        -      0        -      0        -      1375        0        -   -19.25
  24200.0   1817   100/100    2.74    2.71    ~0.11    ~0.70   1738   -19.02     79   -18.43      0        -      0        -      0        -      1395        0        -   -18.99
  24300.0   1812   100/100    2.84    2.71    ~0.11    ~0.69   1734   -19.27     78   -19.34      0        -      0        -      0        -      1384        0        -   -19.27
  24400.0   1812   100/100    2.86    2.72    ~0.11    ~0.71   1734   -19.73     78   -20.31      0        -      0        -      0        -      1395        0        -   -19.76
  24500.0   1817   100/100    2.88    2.70    ~0.10    ~0.69   1738   -19.20     79   -19.60      0        -      0        -      0        -      1413        0        -   -19.22
  24600.0   1820   100/100    2.94    2.65    ~0.10    ~0.65   1743   -18.88     77   -19.36      0        -      0        -      0        -      1454        0        -   -18.90
  24700.0   1818   100/100    3.03    2.84    ~0.10    ~0.68   1740   -19.86     78   -21.14      0        -      0        -      0        -      1406        0        -   -19.92
  24800.0   1819   100/100    2.84    2.79    ~0.10    ~0.69   1741   -20.86     78   -21.74      0        -      0        -      0        -      1425        0        -   -20.90
  24900.0   1822   100/100    2.65    2.89    ~0.10    ~0.70   1741   -20.31     81   -21.50      0        -      0        -      0        -      1424        0        -   -20.37
  25000.0   1819   100/100    2.70    2.93    ~0.10    ~0.68   1741   -20.18     78   -20.97      0        -      0        -      0        -      1387        0        -   -20.22
  25100.0   1818   100/100    2.73    2.74    ~0.11    ~0.72   1742   -20.34     76   -20.99      0        -      0        -      0        -      1411        0        -   -20.37
  25200.0   1818   100/100    2.77    2.67    ~0.11    ~0.69   1743   -20.16     75   -20.86      0        -      0        -      0        -      1400        0        -   -20.19
  25300.0   1821   100/100    2.69    2.72    ~0.11    ~0.70   1747   -20.24     74   -21.74      0        -      0        -      0        -      1391        0        -   -20.31
  25400.0   1818   100/100    2.76    2.70    ~0.11    ~0.70   1745   -20.36     73   -21.48      0        -      0        -      0        -      1394        0        -   -20.41
  25500.0   1812   100/100    2.72    2.66    ~0.10    ~0.68   1738   -20.30     74   -22.51      0        -      0        -      0        -      1407        0        -   -20.39
  25600.0   1804   100/100    2.79    2.63    ~0.11    ~0.69   1731   -20.15     73   -23.34      0        -      0        -      0        -      1378        0        -   -20.28
  25700.0   1801   100/100    2.82    2.63    ~0.10    ~0.71   1730   -20.05     71   -23.34      0        -      0        -      0        -      1406        0        -   -20.18
  25800.0   1806   100/100    2.77    2.75    ~0.11    ~0.70   1739   -20.14     67   -23.11      0        -      0        -      0        -      1386        0        -   -20.25
  25900.0   1814   100/100    2.78    2.82    ~0.11    ~0.72   1748   -20.65     66   -23.54      0        -      0        -      0        -      1418        0        -   -20.76
  26000.0   1798   100/100    2.65    2.74    ~0.10    ~0.71   1732   -20.35     66   -23.82      0        -      0        -      0        -      1399        0        -   -20.47
  26100.0   1801   100/100    2.69    2.72    ~0.11    ~0.73   1735   -20.89     66   -25.29      0        -      0        -      0        -      1366        0        -   -21.05
  26200.0   1799   100/100    2.83    2.87    ~0.11    ~0.72   1734   -21.51     65   -26.10      0        -      0        -      0        -      1331        0        -   -21.68
  26300.0   1791   100/100    2.75    2.83    ~0.11    ~0.72   1722   -21.71     69   -28.34      0        -      0        -      0        -      1360        0        -   -21.96
  26400.0   1782   100/100    2.70    2.79    ~0.11    ~0.74   1716   -21.32     66   -27.77      0        -      0        -      0        -      1308        0        -   -21.55
  26500.0   1784   100/100    2.64    2.88    ~0.11    ~0.74   1718   -21.35     66   -28.01      0        -      0        -      0        -      1314        0        -   -21.60
  26600.0   1780   100/100    2.76    2.87    ~0.11    ~0.73   1716   -21.64     64   -27.85      0        -      0        -      0        -      1294        0        -   -21.87
  26700.0   1752   100/100    2.71    2.83    ~0.11    ~0.74   1686   -21.80     66   -27.89      0        -      0        -      0        -      1232        0        -   -22.03
  26800.0   1757   100/100    2.66    2.86    ~0.11    ~0.75   1692   -21.87     65   -27.45      0        -      0        -      0        -      1230        0        -   -22.08
  26900.0   1726   100/100    2.70    2.74    ~0.11    ~0.70   1657   -21.15     68   -28.12      0        -      0        -      1   -52.00      1237        0        -   -21.44
  27000.0   1732   100/100    2.77    2.74    ~0.11    ~0.74   1663   -21.18     69   -28.49      0        -      0        -      0        -      1249        0        -   -21.47
  27100.0   1725   100/100    2.66    2.78    ~0.10    ~0.72   1655   -20.97     70   -29.02      0        -      0        -      0        -      1245        0        -   -21.30
  27200.0   1725   100/100    2.64    2.78    ~0.11    ~0.73   1652   -21.21     73   -30.33      0        -      0        -      0        -      1217        0        -   -21.60
  27300.0   1705   100/100    2.71    2.89    ~0.11    ~0.75   1632   -20.86     73   -30.56      0        -      0        -      0        -      1212        0        -   -21.27
  27400.0   1704   100/100    2.81    2.80    ~0.11    ~0.74   1632   -21.21     72   -30.66      0        -      0        -      0        -      1215        0        -   -21.61
  27500.0   1702   100/100    2.84    2.81    ~0.11    ~0.71   1628   -20.87     74   -30.56      0        -      0        -      0        -      1258        0        -   -21.29
  27600.0   1717   100/100    2.70    2.81    ~0.11    ~0.72   1643   -20.65     74   -29.77      0        -      0        -      0        -      1263        0        -   -21.04
  27700.0   1720   100/100    2.70    2.90    ~0.11    ~0.72   1647   -20.53     73   -30.08      0        -      0        -      0        -      1287        0        -   -20.94
  27800.0   1730   100/100    2.86    2.70    ~0.11    ~0.72   1648   -20.82     82   -30.95      0        -      0        -      0        -      1272        0        -   -21.30
  27900.0   1731   100/100    2.81    2.70    ~0.11    ~0.71   1643   -20.68     88   -31.09      0        -      0        -      0        -      1273        0        -   -21.21
  28000.0   1737   100/100    2.79    2.77    ~0.11    ~0.74   1651   -21.46     86   -30.85      0        -      0        -      0        -      1234        0        -   -21.93
  28100.0   1737   100/100    2.83    2.79    ~0.11    ~0.76   1647   -21.43     90   -31.63      0        -      0        -      0        -      1228        0        -   -21.96
  28200.0   1733   100/100    2.77    2.73    ~0.11    ~0.77   1640   -21.10     93   -31.93      0        -      0        -      0        -      1251        0        -   -21.68
  28300.0   1731   100/100    2.80    2.71    ~0.11    ~0.76   1638   -20.99     93   -32.03      0        -      0        -      0        -      1233        0        -   -21.58
  28400.0   1745   100/100    2.75    2.81    ~0.11    ~0.77   1646   -21.50     99   -32.16      0        -      0        -      0        -      1248        0        -   -22.11
  28500.0   1746   100/100    2.69    2.91    ~0.11    ~0.73   1642   -21.69    104   -33.36      0        -      0        -      0        -      1294        0        -   -22.39
  28600.0   1742   100/100    2.69    2.81    ~0.10    ~0.74   1635   -21.53    107   -33.74      0        -      0        -      0        -      1216        0        -   -22.28
  28700.0   1740   100/100    2.65    2.77    ~0.10    ~0.74   1631   -21.56    109   -33.52      0        -      0        -      0        -      1260        0        -   -22.30
  28800.0   1733   100/100    2.79    2.73    ~0.11    ~0.75   1620   -21.18    113   -33.39      0        -      0        -      0        -      1233        0        -   -21.97
  28900.0   1733   100/100    2.81    2.82    ~0.11    ~0.74   1616   -21.20    117   -32.51      0        -      0        -      0        -      1243        0        -   -21.97
  29000.0   1733   100/100    2.67    2.83    ~0.10    ~0.74   1610   -21.10    123   -32.72      0        -      0        -      0        -      1245        0        -   -21.93
  29100.0   1748   100/100    2.61    2.82    ~0.11    ~0.75   1623   -21.48    125   -33.89      0        -      0        -      0        -      1270        0        -   -22.37
  29200.0   1755   100/100    2.79    2.84    ~0.11    ~0.75   1629   -21.53    126   -33.69      0        -      0        -      0        -      1254        0        -   -22.40
  29300.0   1760   100/100    2.89    2.82    ~0.10    ~0.75   1634   -22.01    126   -33.55      0        -      0        -      0        -      1292        0        -   -22.83
  29400.0   1744   100/100    2.77    2.84    ~0.11    ~0.74   1613   -21.77    131   -33.77      0        -      0        -      0        -      1236        0        -   -22.67
  29500.0   1743   100/100    2.84    2.88    ~0.11    ~0.78   1605   -21.54    138   -33.54      0        -      0        -      0        -      1217        0        -   -22.49
  29600.0   1730   100/100    2.75    2.91    ~0.11    ~0.77   1582   -21.16    148   -33.67      0        -      0        -      0        -      1240        0        -   -22.23
  29700.0   1723   100/100    2.80    2.86    ~0.11    ~0.77   1570   -21.50    153   -33.39      0        -      0        -      0        -      1216        0        -   -22.56
  29800.0   1721   100/100    2.66    2.84    ~0.11    ~0.77   1568   -21.15    152   -32.59      0        -      0        -      1   -22.97      1239        0        -   -22.16
  29900.0   1737   100/100    2.69    2.90    ~0.11    ~0.73   1584   -20.99    153   -32.40      0        -      0        -      0        -      1254        0        -   -21.99
  30000.0   1735   100/100    2.78    2.86    ~0.11    ~0.74   1583   -20.83    152   -32.27      0        -      0        -      0        -      1225        0        -   -21.84

300 of 300 samples printed
