== r37b-s1  (**Ended:** budget reached.)
  t	alive	cols	cols abs	x sd	p0	p1	p2	p3	jnt inh	mean m/s	diverged	wraps	crowded	stillb	audit	mat resid	det patch sd	patch max share	corpses	det deep	absorpt	inherit	depth m	depth sd	jointed	shade %
  1000	117	69/100	2/100	2.42	34	39	37	7	62	0.0737	0	0	0	0	0.0000%	0	0.0417	0.333	124	1.6677	2	0	-8.3	4.08	67	23.7%
  2000	175	79/100	2/100	2.68	50	60	41	24	77	0.0771	0	0	0	0	0.0000%	0	0.011	0.343	162	1.9325	2	0	-8.1	4.7	79	31.2%
  3000	290	88/100	2/100	2.64	52	88	93	57	60	0.0437	0	0	0	0	0.0000%	0	0.044	0.321	229	3.1735	2	0	-11.8	7.24	62	34.1%
  4000	544	99/100	56/100	2.74	104	157	155	128	43	0.0895	0	0	0	0	0.0000%	0	0.0083	0.289	306	5.1739	100	98	-13.8	8.97	45	39%
  5000	988	100/100	99/100	2.74	275	267	253	193	31	0.0671	0	0	0	0	0.0000%	0	0.1876	0.278	414	6.4776	515	513	-16.9	11.33	32	38.4%
  6000	1101	100/100	98/100	2.83	279	296	272	254	12	0.0463	0	0	0	0	0.0000%	0	0.1277	0.269	1126	5.1956	472	470	-17.4	12.53	13	32.7%
  7000	1138	100/100	93/100	2.81	251	338	332	217	6	0.0819	0	0	0	0	0.0000%	0	0.249	0.297	1840	1.0218	330	329	-16.1	13.7	6	30.2%
  8000	1310	100/100	94/100	2.71	369	336	334	271	2	0.0642	0	0	0	0	0.0000%	0	0.0134	0.282	2216	0.4657	254	254	-15.3	10.95	2	27.2%
  9000	1485	100/100	80/100	2.61	347	402	443	293	1	0.0753	0	0	0	0	0.0000%	0	0.0096	0.298	1773	0.6379	182	182	-15.3	10.1	1	28.2%
  10000	1551	100/100	70/100	2.71	395	427	390	339	0	0.0823	0	0	0	1	0.0000%	0	0.0031	0.275	1138	0.7526	113	112	-14.8	9.54	0	25.4%
  11000	1556	100/100	54/100	2.76	385	435	419	317	0	0.0775	0	0	0	1	0.0000%	0	0.0031	0.28	976	0.9534	75	74	-16.4	11.91	0	25.1%
  12000	1610	100/100	54/100	2.92	272	432	491	415	0	0.0855	0	0	0	3	0.0000%	0	0.1053	0.305	1025	1.262	78	76	-16.8	11.75	0	24.9%
  13000	1669	100/100	47/100	2.83	366	418	463	422	0	0.0714	0	0	0	3	0.0000%	0	0.018	0.277	1113	1.2658	71	70	-18.3	11.98	0	24.8%
  14000	1691	100/100	35/100	2.78	472	458	413	348	0	0.0771	0	0	0	3	0.0000%	0	0.0123	0.279	1123	1.1004	42	41	-18.9	12.09	0	22.6%
  15000	1745	100/100	32/100	2.79	377	443	492	433	0	0.0949	0	0	0	3	0.0000%	0	0.0025	0.282	1146	1.4186	35	34	-19.8	11.19	0	21.7%
  16000	1718	100/100	23/100	2.81	451	435	461	371	0	0.0844	0	0	0	3	0.0000%	0	0.0012	0.268	1262	1.7775	32	31	-21	12.02	0	20.3%
  17000	1672	100/100	28/100	2.88	364	450	467	391	0	0.0707	0	0	0	3	0.0000%	0	0.037	0.279	1428	2.1004	42	40	-22.4	13	0	19.7%
  18000	1673	100/100	59/100	2.67	436	435	474	328	0	0.0905	0	0	0	4	0.0000%	0	0.0828	0.283	1497	1.781	84	82	-20.7	12.03	0	18.2%
  19000	1646	100/100	61/100	2.64	466	490	400	290	0	0.0898	0	0	0	4	0.0000%	0	0.1404	0.298	1402	0.9232	116	115	-19.9	12.13	0	17.7%
  20000	1643	100/100	66/100	2.71	429	470	444	300	0	0.0699	0	0	0	4	0.0000%	0	0.0242	0.286	1177	0.6356	111	109	-19.7	11.91	0	18%
  21000	1606	100/100	56/100	2.75	405	476	423	302	0	0.0857	0	0	0	4	0.0000%	0	0.0019	0.296	1055	0.7338	105	102	-18.2	12.28	0	21.3%
  22000	1666	100/100	51/100	2.74	441	386	414	425	0	0.0738	0	0	0	4	0.0000%	0	0.0077	0.265	955	0.7967	85	83	-17.7	11.99	0	20.2%
  23000	1719	100/100	59/100	2.85	386	449	427	457	0	0.0942	0	0	0	4	0.0000%	0	0.007	0.266	869	0.9466	87	85	-18	11.79	0	19.5%
  24000	1741	100/100	58/100	2.76	417	456	463	405	0	0.0611	0	0	0	5	0.0000%	0	0.0287	0.266	804	1.0502	72	70	-18.5	12.66	0	20.2%
  25000	1737	100/100	47/100	2.82	478	416	428	415	0	0.0863	0	0	0	6	0.0000%	0	0.0167	0.275	850	1.1223	61	59	-19.9	12.24	0	18.5%
  26000	1720	100/100	38/100	2.80	368	481	459	412	0	0.0918	0	0	0	7	0.0000%	0	0.0135	0.28	1058	1.1761	47	45	-21	13.37	0	17.9%
  27000	1704	100/100	35/100	2.78	437	450	451	366	0	0.068	0	0	0	8	0.0000%	0	0.0722	0.265	1213	1.2082	45	43	-19.7	12.15	0	18.1%
  28000	1682	100/100	35/100	2.70	412	462	473	335	0	0.084	0	0	0	8	0.0000%	0	0.023	0.281	1223	1.3764	47	46	-19.5	12.65	0	18%
  29000	1698	100/100	46/100	2.96	340	434	476	448	0	0.074	0	0	0	9	0.0000%	0	0.0257	0.28	1078	1.4911	60	59	-17.9	10.63	0	16.4%
  30000	1674	100/100	54/100	2.69	483	431	386	374	0	0.0881	0	0	0	12	0.0000%	0	0.0355	0.289	984	1.4197	77	75	-18.7	12.29	0	17.9%
== r37b-s2  (**Ended:** budget reached.)
  t	alive	cols	cols abs	x sd	p0	p1	p2	p3	jnt inh	mean m/s	diverged	wraps	crowded	stillb	audit	mat resid	det patch sd	patch max share	corpses	det deep	absorpt	inherit	depth m	depth sd	jointed	shade %
  1000	147	68/100	1/100	2.74	15	45	50	37	58	0.0551	0	0	0	0	0.0000%	0	0.0164	0.34	82	0.9711	1	0	-8.6	4.82	64	24.7%
  2000	362	93/100	0/100	2.79	92	112	104	54	129	0.0791	0	0	0	0	0.0000%	0	0.0024	0.309	154	1.3254	0	0	-10.1	6.11	133	31.8%
  3000	764	100/100	0/100	2.93	159	194	206	205	128	0.0679	0	0	0	0	0.0000%	0	0.0154	0.27	309	2.1392	0	0	-13.9	8.19	131	33.6%
  4000	1114	99/100	0/100	2.66	318	353	293	150	92	0.1006	0	0	0	0	0.0000%	0	0.0862	0.317	429	3.75	0	0	-15	9.09	94	34.6%
  5000	1425	100/100	0/100	2.84	349	395	357	324	57	0.0888	0	0	0	1	0.0000%	0	0.0025	0.277	687	5.2797	0	0	-16.6	9.52	59	32.6%
  6000	1568	100/100	0/100	2.78	381	462	409	316	49	0.0739	0	0	0	3	0.0000%	0	0.1265	0.295	854	8.2026	0	0	-17.5	10.53	51	29.3%
  7000	1600	99/100	0/100	2.65	454	435	367	344	38	0.0763	0	0	0	5	0.0000%	0	0.0416	0.284	1104	12.7515	0	0	-17.2	10.71	39	27.5%
  8000	1680	100/100	0/100	2.57	447	478	389	366	23	0.0887	0	0	0	10	0.0000%	0	0.1557	0.285	1162	16.3203	0	0	-18.8	11.29	24	26.7%
  9000	1717	100/100	67/100	2.64	498	438	465	316	19	0.079	0	0	0	17	0.0000%	0	0.6376	0.29	1267	17.5412	133	131	-19.9	12.62	20	26.6%
  10000	1781	100/100	96/100	2.71	416	441	455	469	15	0.0599	0	0	0	27	0.0000%	0	0.1053	0.263	1066	7.1906	360	358	-22.4	15.38	15	26.7%
  11000	1822	100/100	100/100	2.71	436	481	476	429	11	0.0729	0	0	0	34	0.0000%	0	0.0316	0.264	859	1.2489	503	501	-23.8	16.14	11	25.6%
  12000	1787	100/100	98/100	2.76	459	448	469	411	11	0.0909	0	0	0	46	0.0000%	0	0.0226	0.262	738	0.2223	544	542	-24.4	15.53	11	24.6%
  13000	1717	100/100	98/100	2.84	418	483	471	345	5	0.0935	0	0	0	54	0.0000%	0	0.0058	0.281	1189	0.1857	494	492	-23.5	14.78	5	22.1%
  14000	1683	100/100	94/100	2.89	403	452	402	426	3	0.071	0	0	0	67	0.0000%	0	0.0018	0.269	1972	0.3875	398	396	-22.7	12.95	3	19%
  15000	1714	100/100	93/100	2.84	421	439	474	380	2	0.114	0	0	0	76	0.0000%	0	0.0006	0.277	2344	0.4839	292	290	-21.9	11.51	2	18.1%
  16000	1728	100/100	90/100	2.83	441	447	489	351	1	0.0943	0	0	0	83	0.0000%	0	0.0061	0.283	2191	0.5739	275	272	-22.8	11.84	1	17.9%
  17000	1685	100/100	88/100	2.69	406	448	415	416	1	0.0831	0	0	0	97	0.0000%	0	0.0147	0.266	1876	0.589	236	233	-22.9	12.68	1	16.7%
  18000	1628	100/100	80/100	2.63	432	464	418	314	1	0.0709	0	0	0	105	0.0000%	0	0.004	0.285	1759	0.6278	193	190	-22.4	12.76	1	16.7%
  19000	1649	100/100	87/100	2.78	411	446	410	382	1	0.0785	0	0	0	113	0.0000%	0	0.0262	0.27	1668	0.7234	214	212	-22.5	13.22	1	17.8%
  20000	1640	100/100	77/100	2.64	401	411	429	399	0	0.0879	0	0	0	118	0.0000%	0	0.0108	0.262	1407	0.7341	166	166	-22.3	12.77	0	19.7%
  21000	1697	100/100	68/100	2.68	478	405	410	404	0	0.0763	0	0	0	121	0.0000%	0	0.0102	0.282	1142	0.8715	129	128	-20.2	12.19	0	19.8%
  22000	1724	100/100	65/100	2.76	423	509	409	383	0	0.0707	0	0	0	130	0.0000%	0	0.0185	0.295	945	1.0403	108	107	-19.9	13.09	0	18.8%
  23000	1779	100/100	60/100	2.72	490	517	429	343	0	0.1153	0	0	0	137	0.0000%	0	0.0238	0.291	811	1.2018	90	89	-18.6	11.97	0	19.4%
  24000	1805	100/100	52/100	2.74	453	505	491	356	0	0.0918	0	0	0	147	0.0000%	0	0.0129	0.28	751	1.4563	81	79	-19.2	11.69	0	19.8%
  25000	1819	100/100	57/100	2.70	433	443	535	408	0	0.073	0	0	0	160	0.0000%	0	0.0285	0.294	718	1.7164	78	75	-20.2	11.68	0	19%
  26000	1798	100/100	46/100	2.65	512	490	458	338	0	0.1041	0	0	0	165	0.0000%	0	0.0098	0.285	793	2.0656	66	63	-20.5	11.94	0	18.1%
  27000	1732	100/100	49/100	2.77	439	444	509	340	0	0.0734	0	0	0	173	0.0000%	0	0.0741	0.294	1068	2.2306	69	64	-21.5	13.75	0	18.7%
  28000	1737	100/100	54/100	2.79	441	459	416	421	0	0.0608	0	0	0	182	0.0000%	0	0.0104	0.264	1288	2.0687	86	81	-21.9	14.15	0	17.4%
  29000	1733	100/100	69/100	2.67	436	478	466	353	0	0.0678	0	0	0	187	0.0000%	0	0.0242	0.276	1294	1.6524	123	118	-21.9	13.52	0	17.2%
  30000	1735	100/100	74/100	2.78	412	450	458	415	0	0.0758	0	0	0	196	0.0000%	0	0.0142	0.264	1122	1.2751	152	147	-21.8	13.36	0	17.6%
== r37b-s3  (**Ended:** budget reached.)
  t	alive	cols	cols abs	x sd	p0	p1	p2	p3	jnt inh	mean m/s	diverged	wraps	crowded	stillb	audit	mat resid	det patch sd	patch max share	corpses	det deep	absorpt	inherit	depth m	depth sd	jointed	shade %
  1000	181	65/100	10/100	2.93	52	73	38	18	138	0.0803	0	0	1	0	0.0000%	0	0.0134	0.403	109	0.9575	10	8	-11.7	6.49	149	34.5%
  2000	286	84/100	54/100	2.73	60	95	74	57	158	0.0536	0	0	0	0	0.0000%	0	0.0287	0.332	212	1.2307	80	78	-15.6	10.94	168	40.1%
  3000	632	96/100	74/100	2.68	135	189	186	122	160	0.0636	0	0	0	0	0.0000%	0	0.1003	0.299	495	1.2969	245	243	-13.3	9.53	174	38.1%
  4000	826	100/100	94/100	2.74	224	226	220	156	173	0.0731	0	0	0	0	0.0000%	0	0.0212	0.274	738	1.3549	275	274	-14.9	9.49	186	37.2%
  5000	1114	100/100	92/100	2.66	258	305	284	267	178	0.0741	0	0	1	4	0.0000%	0	0.0273	0.274	984	1.1876	307	306	-15	11.26	199	35.3%
  6000	1288	100/100	85/100	2.73	367	350	335	236	139	0.0782	0	0	0	8	0.0000%	0	0.0194	0.285	1144	1.0445	223	222	-13.2	10.45	164	34.6%
  7000	1454	100/100	86/100	2.76	404	374	359	317	150	0.0871	0	0	0	12	0.0000%	0	0.0287	0.278	1010	1.3321	187	186	-15.8	12.48	174	31.8%
  8000	1616	100/100	67/100	2.76	376	419	426	395	139	0.0827	0	0	0	15	0.0000%	0	0.0873	0.264	878	1.2547	140	139	-15.9	11.84	158	28.9%
  9000	1733	100/100	57/100	2.74	415	423	451	444	112	0.093	0	0	0	22	0.0000%	0	0.0225	0.26	727	1.2431	94	94	-18.6	11.11	130	21.3%
  10000	1809	100/100	51/100	2.87	443	470	466	430	93	0.08	0	0	0	35	0.0000%	0	0.0336	0.26	661	1.3402	71	70	-19.9	12.35	107	19.5%
  11000	1839	100/100	39/100	2.89	390	482	466	501	79	0.0749	0	0	0	54	0.0000%	0	0.016	0.272	707	1.5792	51	50	-20	12.18	91	17.7%
  12000	1812	100/100	26/100	2.66	486	522	471	333	67	0.095	0	0	0	78	0.0000%	0	0.028	0.288	863	1.8949	32	31	-21.3	13.62	77	16.6%
  13000	1776	100/100	28/100	2.81	444	486	463	383	65	0.0744	0	0	0	112	0.0000%	0	0.0648	0.274	1091	2.2165	31	30	-21.4	13.93	76	16.4%
  14000	1808	100/100	40/100	2.75	422	539	480	367	50	0.0715	0	0	0	135	0.0000%	0	0.046	0.298	1107	1.7492	55	54	-20.7	13.33	58	15.6%
  15000	1764	100/100	49/100	2.79	486	467	468	343	41	0.0647	0	0	0	161	0.0000%	0	0.059	0.276	1091	1.113	69	68	-21.7	14.33	51	15.5%
  16000	1754	100/100	48/100	2.90	398	472	464	420	37	0.0798	0	0	0	187	0.0000%	0	0.0337	0.269	1003	1.0306	66	63	-22	14.5	48	15.7%
  17000	1736	100/100	36/100	2.74	470	462	450	354	35	0.0788	0	0	0	205	0.0000%	0	0.092	0.271	1065	0.9341	54	50	-21	13.72	48	15.1%
  18000	1790	100/100	34/100	2.77	472	435	476	407	32	0.0561	0	0	0	226	0.0000%	0	0.004	0.266	983	1.0784	40	36	-21.4	12.71	42	15.2%
  19000	1830	100/100	24/100	2.84	438	484	467	441	24	0.1037	0	0	0	250	0.0000%	0	0.0223	0.264	843	1.2718	36	32	-20.7	12.46	35	15.3%
  20000	1828	100/100	32/100	2.81	461	494	483	390	23	0.0887	0	0	0	268	0.0000%	0	0.0517	0.27	763	1.5116	38	35	-20.7	12.51	32	15.8%
  21000	1845	100/100	24/100	2.74	478	508	469	390	18	0.0774	0	0	0	282	0.0000%	0	0.0308	0.275	750	1.5334	32	29	-22	12.93	26	15.2%
  22000	1808	100/100	27/100	2.82	464	483	470	391	16	0.0907	0	0	0	302	0.0000%	0	0.025	0.267	925	1.5457	32	29	-22	13.59	23	14.8%
  23000	1816	100/100	28/100	2.76	478	449	494	395	12	0.0802	0	0	0	327	0.0000%	0	0.0165	0.272	984	1.5774	33	29	-22	12.73	17	13.6%
  24000	1788	100/100	40/100	2.68	452	468	500	368	14	0.0935	0	0	0	348	0.0000%	0	0.0157	0.28	1028	1.6221	48	45	-22.2	13.19	18	14%
  25000	1785	100/100	47/100	2.86	405	413	515	452	12	0.0556	1	0	0	366	0.0000%	0	0.0604	0.289	909	1.4455	69	67	-22.3	12.9	18	14%
  26000	1763	100/100	46/100	2.71	456	465	458	384	10	0.0794	1	0	0	382	0.0000%	0	0.0634	0.264	878	1.1203	64	62	-23.6	14.08	16	14.3%
  27000	1780	100/100	39/100	2.90	382	487	467	444	6	0.0895	1	0	0	393	0.0000%	0	0.053	0.274	861	1.2867	54	51	-23.4	14.28	17	14.4%
  28000	1792	100/100	40/100	2.92	427	467	500	398	6	0.084	1	0	0	411	0.0000%	0	0.0134	0.279	888	1.2144	48	45	-22.2	13.44	15	14.7%
  29000	1808	100/100	31/100	2.68	489	492	457	370	9	0.0779	1	0	0	429	0.0000%	0	0.0378	0.272	875	1.3186	44	41	-21.6	12.58	17	13.6%
  30000	1840	100/100	24/100	2.89	379	482	547	432	8	0.1035	1	0	0	449	0.0000%	0	0.0021	0.297	814	1.5587	30	29	-20.7	12.1	14	13.7%
== r37b-s4  (**Ended:** budget reached.)
  t	alive	cols	cols abs	x sd	p0	p1	p2	p3	jnt inh	mean m/s	diverged	wraps	crowded	stillb	audit	mat resid	det patch sd	patch max share	corpses	det deep	absorpt	inherit	depth m	depth sd	jointed	shade %
  1000	310	92/100	3/100	2.71	74	67	92	77	110	0.0544	0	0	0	0	0.0000%	0	0.0109	0.297	94	0.9856	3	2	-7.9	5.25	116	33.9%
  2000	442	95/100	3/100	2.50	163	112	95	72	137	0.0706	0	0	0	0	0.0000%	0	0.0013	0.369	167	1.4318	3	2	-9.3	7.07	147	40.3%
  3000	620	98/100	3/100	2.63	118	179	186	137	156	0.0617	1	0	0	0	0.0000%	0	0.0355	0.3	343	2.2839	3	2	-11.3	9	166	40.2%
  4000	790	99/100	3/100	2.80	204	232	193	161	142	0.0778	1	0	0	0	0.0000%	0	0.218	0.294	850	4.5865	3	2	-14.2	9.68	156	41.1%
  5000	1006	100/100	39/100	2.80	264	256	265	221	151	0.1031	1	0	0	1	0.0000%	0	0.4459	0.263	1349	8.5831	56	54	-16.3	9.94	164	44.6%
  6000	1413	99/100	91/100	2.75	324	360	361	368	147	0.0783	1	0	0	2	0.0000%	0	0.0872	0.26	1349	8.4654	311	309	-20.2	12.21	158	38.7%
  7000	1616	100/100	99/100	2.80	462	419	414	321	132	0.0837	1	0	0	5	0.0000%	0	1.0444	0.286	932	2.4021	539	537	-22.2	13.85	142	36%
  8000	1666	100/100	100/100	2.72	428	467	411	360	115	0.0857	4	0	0	9	0.0000%	0	0.0108	0.28	697	0.9311	604	601	-23.1	15.37	122	33.1%
  9000	1466	100/100	92/100	2.81	349	417	395	305	110	0.0838	5	0	0	14	0.0000%	0	0.0558	0.284	1739	0.4497	387	385	-19.9	14.37	114	29.1%
  10000	1435	99/100	90/100	2.82	451	373	369	242	143	0.0711	5	0	0	20	0.0000%	0	0.0036	0.314	2320	0.7875	304	302	-16.7	11.62	154	25.8%
  11000	1604	100/100	91/100	2.62	492	409	394	309	124	0.0699	5	0	0	21	0.0000%	0	0.0173	0.307	2267	0.7736	338	337	-18.5	11.89	129	27%
  12000	1655	100/100	87/100	2.78	350	416	473	416	84	0.0841	5	0	0	29	0.0000%	0	0.0175	0.286	1522	0.8001	295	293	-19.4	12.39	86	23.9%
  13000	1746	100/100	83/100	2.81	451	429	449	417	77	0.0893	5	0	0	32	0.0000%	0	0.006	0.258	1182	0.8598	194	193	-20.3	12.58	79	22.6%
  14000	1812	100/100	82/100	2.81	453	443	467	449	66	0.0704	5	0	0	40	0.0000%	0	0.0337	0.258	1130	0.8957	181	180	-20.8	13.46	68	20.6%
  15000	1819	100/100	78/100	2.75	455	511	452	401	69	0.0885	5	0	0	51	0.0000%	0	0.0158	0.281	962	0.717	174	172	-21.4	13.19	71	19.9%
  16000	1807	100/100	68/100	2.78	461	466	471	409	47	0.0875	5	0	0	67	0.0000%	0	0.0159	0.261	917	0.6959	138	137	-22.5	13.35	48	17.8%
  17000	1798	100/100	60/100	2.89	407	464	501	426	28	0.0783	5	0	0	75	0.0000%	0	0.0605	0.279	1079	0.9717	105	104	-22.9	13.57	28	17%
  18000	1791	100/100	57/100	2.77	505	485	432	369	23	0.0825	5	0	0	85	0.0000%	0	0.0124	0.282	1165	0.9412	86	86	-23	13.85	23	16.2%
  19000	1744	100/100	54/100	2.73	476	481	476	311	39	0.0811	5	0	0	91	0.0000%	0	0.0248	0.276	1243	1.0794	80	80	-22.5	14.29	39	16.4%
  20000	1807	100/100	49/100	2.76	458	495	475	379	35	0.088	5	0	0	97	0.0000%	0	0.0316	0.274	1124	1.1971	68	68	-21.8	13.12	35	16.5%
  21000	1814	100/100	46/100	2.70	470	474	451	419	45	0.0817	5	0	0	104	0.0000%	0	0.0119	0.261	1004	1.2866	68	68	-23.3	14.03	45	16.5%
  22000	1820	100/100	44/100	2.91	402	445	510	463	39	0.0675	5	0	0	115	0.0000%	0	0.0151	0.28	860	1.2999	57	56	-23.3	14.03	39	16.9%
  23000	1832	100/100	42/100	2.83	394	522	488	428	53	0.1042	5	0	0	125	0.0000%	0	0.0026	0.285	821	1.3872	56	54	-21.7	13.14	53	16.6%
  24000	1852	100/100	42/100	2.76	482	470	497	403	43	0.0821	5	0	0	135	0.0000%	0	0.0084	0.268	756	1.6092	54	52	-21.3	12.99	43	17.5%
  25000	1854	100/100	42/100	3.00	346	540	537	431	41	0.0722	5	0	0	146	0.0000%	0	0.0202	0.291	720	1.7145	57	55	-22.3	12.78	41	16.8%
  26000	1843	100/100	43/100	2.83	451	517	463	412	43	0.0987	5	0	0	159	0.0000%	0	0.0044	0.281	732	1.7788	58	56	-23.4	13.72	43	16.9%
  27000	1824	100/100	47/100	2.78	461	522	463	378	44	0.0801	5	0	0	167	0.0000%	0	0.0114	0.286	870	1.7151	67	65	-23.3	13.7	44	16.5%
  28000	1814	100/100	52/100	2.76	493	465	499	357	46	0.0784	5	0	0	177	0.0000%	0	0.0185	0.275	1005	1.5046	80	78	-24.8	15.35	46	16.4%
  29000	1750	100/100	61/100	2.67	465	504	463	318	55	0.0706	5	0	0	190	0.0000%	0	0.082	0.288	1166	1.1122	98	97	-23.8	14.86	55	15.6%
  30000	1782	100/100	50/100	2.74	470	476	439	397	38	0.0765	5	0	0	201	0.0000%	0	0.0193	0.267	1136	0.9729	76	74	-23.3	14.36	38	16.5%
== r37b-s5  (running)
  t	alive	cols	cols abs	x sd	p0	p1	p2	p3	jnt inh	mean m/s	diverged	wraps	crowded	stillb	audit	mat resid	det patch sd	patch max share	corpses	det deep	absorpt	inherit	depth m	depth sd	jointed	shade %
  1000	172	72/100	0/100	2.94	46	39	51	36	88	0.0677	0	0	0	0	0.0000%	0	0.0683	0.297	125	0.9317	0	0	-13.9	6.78	95	28.9%
  2000	245	81/100	7/100	2.63	77	60	67	41	103	0.0762	0	0	0	0	0.0000%	0	0.0261	0.314	292	2.0622	7	6	-15.3	7.39	107	38.1%
  3000	305	92/100	34/100	2.73	68	88	97	52	108	0.0539	0	0	0	0	0.0000%	0	0.0484	0.318	486	3.0843	52	51	-13.5	10.83	113	34.7%
  4000	533	99/100	50/100	2.85	150	159	139	85	172	0.08	1	0	0	0	0.0000%	0	0.1794	0.298	659	2.3653	81	81	-9.4	7.46	184	26%
  5000	771	99/100	41/100	2.85	192	163	208	208	244	0.0705	2	0	0	0	0.0000%	0	0.0037	0.27	704	2.5929	59	59	-11.9	7.99	260	32.7%
  6000	1192	100/100	31/100	2.80	277	325	337	253	351	0.0874	2	0	0	2	0.0000%	0	0.119	0.283	698	2.9113	43	41	-14.3	9.69	360	35.9%
  7000	1417	100/100	25/100	2.79	397	398	343	279	355	0.0797	3	0	0	4	0.0000%	0	0.0558	0.281	783	2.775	31	29	-15.4	9.93	365	25.9%
  8000	1602	100/100	15/100	2.67	404	439	409	350	317	0.083	7	0	0	10	0.0000%	0	0.0327	0.274	853	3.0079	17	15	-17.8	11.14	324	21.7%
  9000	1679	100/100	16/100	2.80	422	456	427	374	277	0.0685	10	0	0	11	0.0000%	0	0.0915	0.272	1005	3.1214	17	16	-18.3	12.24	281	19.9%
  10000	1723	100/100	33/100	2.78	432	439	439	413	258	0.0896	10	0	0	15	0.0000%	0	0.0192	0.255	1136	3.822	40	38	-19.6	12.07	261	17.9%
  11000	1747	100/100	67/100	2.80	373	480	465	429	270	0.0791	10	0	0	24	0.0000%	0	0.0958	0.275	1184	2.5106	128	126	-21.1	13.53	277	18.3%
  12000	1716	100/100	83/100	2.69	432	475	418	391	251	0.0753	10	0	0	36	0.0000%	0	0.0138	0.277	1265	1.1954	216	214	-22.9	14.94	256	17.5%
  13000	1628	100/100	91/100	2.80	423	431	420	354	254	0.0804	10	0	0	60	0.0000%	0	0.0616	0.265	1486	0.6173	241	239	-22.6	14.59	259	15.8%
  14000	1590	100/100	77/100	2.81	417	360	438	375	221	0.0729	11	0	0	64	0.0000%	0	0.008	0.275	1629	0.5973	175	172	-19.9	12.8	226	16.4%
  15000	1714	100/100	76/100	2.90	425	453	459	377	208	0.0844	11	0	0	73	0.0000%	0	0.0041	0.268	1496	0.7526	142	138	-19.2	12.31	213	17.3%
  16000	1704	100/100	80/100	2.65	512	449	380	363	221	0.0833	13	0	0	78	0.0000%	0	0.0132	0.3	1195	0.8562	156	152	-18.4	11.62	225	16.5%
  17000	1748	100/100	74/100	2.76	483	401	420	444	210	0.0956	17	0	0	89	0.0000%	0	0.0059	0.276	959	0.9635	150	146	-19.5	11.73	213	16.5%
  18000	1772	100/100	68/100	2.74	465	507	459	341	171	0.0905	17	0	0	93	0.0000%	0	0.0196	0.286	996	1.0888	125	123	-20.9	12.42	174	15.3%
  19000	1731	100/100	65/100	2.86	417	405	458	451	151	0.0716	17	0	0	100	0.0000%	0	0.0275	0.265	1129	1.2521	119	118	-19.8	11.85	152	15.2%
  20000	1723	100/100	51/100	2.71	414	448	439	422	139	0.0752	18	0	0	104	0.0000%	0	0.039	0.26	1245	1.1583	97	96	-21.3	12.91	142	14.9%
  21000	1707	100/100	57/100	2.70	438	452	454	363	161	0.0851	19	0	0	111	0.0000%	0	0.0264	0.266	1330	1.244	82	82	-20.5	13	164	14.6%
  22000	1698	100/100	48/100	2.82	447	474	428	349	157	0.0777	22	0	0	128	0.0000%	0	0.0389	0.279	1227	1.5441	82	82	-20.9	14.14	160	15%
  23000	1676	100/100	46/100	2.78	414	482	456	324	209	0.0691	24	0	0	137	0.0000%	0	0.0109	0.288	1146	1.4392	75	75	-19	12.99	211	15.4%
  24000	1725	100/100	53/100	2.64	490	462	426	347	196	0.0932	24	0	0	144	0.0000%	0	0.0061	0.284	981	1.414	87	87	-18.8	12.98	198	15.8%
  25000	1734	100/100	55/100	2.87	406	470	445	413	193	0.0889	30	0	0	152	0.0000%	0	0.0729	0.271	909	1.5761	88	88	-17.9	12.29	196	16%
  26000	1791	100/100	51/100	2.76	457	469	434	431	171	0.0811	30	0	0	161	0.0000%	0	0.0123	0.262	796	1.4769	94	94	-19.1	12.02	174	15.8%
  27000	1790	100/100	55/100	2.79	489	483	443	375	150	0.0792	30	0	0	166	0.0000%	0	0.0465	0.273	827	1.3923	84	84	-19.2	12.07	153	15%
  28000	1810	100/100	50/100	2.78	465	465	461	419	126	0.0745	35	0	0	174	0.0000%	0	0.072	0.257	878	1.4404	78	77	-20.1	12.06	129	14.7%
  29000	1782	100/100	50/100	2.75	449	449	474	410	101	0.0828	37	0	0	180	0.0000%	0	0.0444	0.266	1065	1.5627	81	80	-20.7	13.06	105	14.1%
  29200	1764	100/100	51/100	2.86	404	472	479	409	102	0.0728	37	0	0	181	0.0000%	0	0.1016	0.272	1114	1.7309	80	79	-20.9	12.92	106	13.6%
