r49-s2: line of 48, 173 members
window  rows  living  parts2+  lit     density  foodW    lightW   netW     depth
     0  2381     26   77.3%   77.3%    0.788   0.4664   0.3835   0.2306    -1.5
  2000 12851     94   61.5%   59.9%    0.675   0.3672   0.2860   0.0909    -1.9
  4000 14955     51   52.9%   52.0%    0.641   0.3108   0.1456  -0.0469    -1.9
  6000  7455     33   24.6%   24.6%    0.892   0.2820   0.0000   0.0087    -1.5
  8000  6150     30    7.6%    7.6%    0.755   0.1928   0.0000  -0.0076    -1.3
 10000  4486     16   13.5%   13.5%    0.766   0.2068   0.0000   0.0020    -1.3
 12000  2738     10   17.3%   17.3%    0.840   0.1815   0.0000  -0.0099    -1.9
 14000  1339      3   17.8%   17.8%    0.876   0.1619   0.0000  -0.0503    -1.5
 16000   240      1    0.0%    0.0%    0.779   0.1238   0.0000  -0.0612    -2.9
 18000    27      0    0.0%    0.0%    0.780   0.1224   0.0000  -0.0834    -2.9
