r49-s3: line of 5854, 54 members
window  rows  living  parts2+  lit     density  foodW    lightW   netW     depth
  4000     3      1  100.0%  100.0%    1.567   0.9732   0.1391   0.6797    -2.0
  6000  2372     18   94.8%   82.6%    0.618   0.3987   0.1580   0.1140    -2.0
  8000  2974      8   98.5%   97.5%    0.487   0.3026   0.1585  -0.0787    -2.0
 10000  1991     15   94.9%   94.9%    0.726   0.2726   0.0911   0.0919    -2.2
 12000  2707     14   99.4%   99.4%    0.539   0.1666   0.0906  -0.0162    -2.4
 14000  2193     11   99.7%   99.7%    0.682   0.1776   0.0803   0.0097    -2.6
 16000  2175     11   90.8%   90.8%    0.709   0.1050   0.0730   0.0212    -2.6
 18000  1978      8   89.9%   89.9%    0.728   0.1025   0.0706  -0.0185    -2.6
 20000  1261      5   91.0%   91.0%    0.933   0.1487   0.0537  -0.0254    -2.5
 22000   939      5  100.0%  100.0%    0.886   0.1500   0.0511   0.0290    -2.4
 24000   936      4  100.0%  100.0%    0.848   0.1451   0.0476  -0.0044    -2.4
 26000   622      2  100.0%  100.0%    1.111   0.1866   0.0281  -0.0177    -2.4
 28000   323      1  100.0%  100.0%    1.123   0.1887   0.0260  -0.0684    -2.4
 30000     1      1  100.0%  100.0%    1.156   0.1941   0.0282  -0.0898    -2.4
