arm r38-s4 | run 2026-09-15-025137-30637fb0 | tank r=11.3 m (400 m2), 60 m deep, 4 ring(s)
columns of 1 m: 402 | lineage.jsonl: 10278 births, 61 clades

        t      n      cols    x sd    z sd     nn h    nn 3d   leaf   leaf y   stom   stom y   mixo   mixo y    jnt    jnt y  plain  plain y  clade 1m  jointed  joint y  rigid y
    100.0     40    39/402    5.31    5.04     1.75     2.85     32   -14.88      4   -21.09      0        -      3   -19.56      1   -17.08         2       19   -18.24   -13.79
    200.0     61    56/402    5.81    4.29     1.15     1.81     59    -6.23      1    -4.97      0        -      1    -2.65      0        -        10       29    -5.64    -6.62
    300.0    111    92/402    6.02    5.33     0.91     1.59    110    -4.88      1    -7.79      0        -      0        -      0        -         9       52    -3.50    -6.15
    400.0    170   131/402    5.79    5.22     0.65     1.38    169    -4.73      1    -8.63      0        -      0        -      0        -        27       75    -3.20    -5.98
    500.0    238   168/402    5.79    4.68     0.59     1.27    237    -4.57      1    -7.15      0        -      0        -      0        -        44      103    -2.69    -6.03
    600.0    309   203/402    5.86    4.99     0.48     1.28    307    -4.93      1    -6.56      0        -      0        -      1    -0.97        64      122    -2.75    -6.34
    700.0    380   229/402    5.96    5.70     0.46     1.11    379    -5.19      1    -7.56      0        -      0        -      0        -        86      136    -2.89    -6.49
    800.0    452   254/402    5.63    5.53     0.43     1.13    451    -5.46      1    -7.28      0        -      0        -      0        -       104      145    -2.95    -6.65
    900.0    528   267/402    5.04    5.25     0.37     1.12    527    -6.86      1    -6.13      0        -      0        -      0        -       139      162    -3.51    -8.34
   1000.0    587   290/402    5.54    5.75     0.36     1.10    586    -7.20      1    -7.16      0        -      0        -      0        -       140      175    -3.93    -8.58
   1100.0    640   305/402    5.93    5.90     0.35     1.11    639    -7.69      1    -8.47      0        -      0        -      0        -       150      180    -4.60    -8.89
   1200.0    688   316/402    6.18    5.70     0.32     1.11    687    -7.93      1    -9.39      0        -      0        -      0        -       175      184    -5.12    -8.96
   1300.0    736   315/402    5.67    5.32     0.32     1.10    735    -7.97      1    -8.38      0        -      0        -      0        -       198      186    -5.09    -8.95
   1400.0    780   319/402    5.94    5.40     0.31     1.09    779    -8.26      1    -8.72      0        -      0        -      0        -       199      187    -5.41    -9.16
   1500.0    822   324/402    5.76    5.34     0.31     1.14    821    -9.03      1   -10.38      0        -      0        -      0        -       206      189    -6.21    -9.88
   1600.0    857   331/402    5.10    4.84     0.31     1.11    856    -9.54      1   -10.75      0        -      0        -      0        -       191      191    -6.75   -10.34
   1700.0    892   335/402    4.94    5.31     0.29     1.15    891   -10.87      1   -12.23      0        -      0        -      0        -       196      192    -7.70   -11.74
   1800.0    915   351/402    5.55    5.41     0.31     1.16    914   -11.08      1   -10.57      0        -      0        -      0        -       208      193    -8.44   -11.78
   1900.0    946   352/402    5.65    5.49     0.31     1.16    945   -11.23      1    -8.35      0        -      0        -      0        -       201      194    -8.67   -11.88
   2000.0    971   347/402    5.06    5.47     0.30     1.16    969   -11.84      1    -8.26      0        -      0        -      1    -4.80       209      195    -9.25   -12.48
   2100.0    998   347/402    5.35    5.43     0.29     1.16    996   -12.40      1   -10.47      0        -      0        -      1    -4.46       232      194    -9.80   -13.01
   2200.0   1026   372/402    5.55    5.80     0.29     1.19   1024   -13.37      1   -12.29      0        -      0        -      1    -4.58       237      198   -10.76   -13.99
   2300.0   1042   362/402    5.60    5.64     0.28     1.16   1040   -13.63      1   -15.71      0        -      0        -      1    -5.83       236      199   -11.40   -14.15
   2400.0   1061   357/402    5.46    5.48     0.28     1.19   1058   -14.04      1   -15.24      0        -      0        -      2    -8.01       217      196   -11.48   -14.61
   2500.0   1074   360/402    5.39    5.67     0.27     1.18   1072   -14.10      1   -13.86      0        -      0        -      1    -4.53       224      191   -10.97   -14.77
   2600.0   1105   367/402    5.61    5.92     0.28     1.19   1103   -14.95      1   -18.24      0        -      0        -      1    -4.80       242      190   -11.24   -15.71
   2700.0   1133   376/402    5.56    5.66     0.27     1.27   1131   -15.33      1   -18.83      0        -      0        -      1    -5.04       214      187   -11.15   -16.14
   2800.0   1161   373/402    5.30    5.50     0.27     1.22   1159   -16.56      1   -12.86      0        -      0        -      1    -4.20       249      186   -11.27   -17.55
   2900.0   1189   370/402    5.59    5.63     0.27     1.24   1187   -16.88      1   -10.78      0        -      0        -      1    -3.42       239      184   -11.59   -17.83
   3000.0   1209   374/402    5.90    5.77    ~0.27    ~1.27   1207   -17.64      1   -11.89      0        -      0        -      1    -4.89       241      183   -12.52   -18.54
   3100.0   1228   377/402    5.44    5.76    ~0.25    ~1.24   1226   -17.87      1   -12.24      0        -      0        -      1    -5.67       227      182   -12.55   -18.78
   3200.0   1251   374/402    5.35    5.76    ~0.24    ~1.23   1249   -18.57      1    -9.89      0        -      0        -      1    -0.58       224      180   -12.55   -19.56
   3300.0   1281   380/402    5.74    5.92    ~0.25    ~1.22   1279   -18.96      1   -10.47      0        -      0        -      1    -0.65       266      179   -13.03   -19.90
   3400.0   1308   374/402    5.96    5.76    ~0.26    ~1.24   1307   -19.70      0        -      0        -      0        -      1    -1.36       262      180   -14.78   -20.47
   3500.0   1331   382/402    5.71    5.71    ~0.26    ~1.25   1330   -19.55      0        -      0        -      0        -      1    -1.09       256      180   -14.24   -20.37
   3600.0   1353   387/402    5.61    5.78    ~0.25    ~1.18   1352   -19.61      0        -      0        -      0        -      1    -0.61       279      180   -14.66   -20.35
   3700.0   1372   388/402    5.72    5.70    ~0.25    ~1.30   1371   -19.67      0        -      0        -      0        -      1    -0.85       273      180   -15.32   -20.31
   3800.0   1391   388/402    5.85    5.74    ~0.24    ~1.25   1390   -19.72      0        -      0        -      0        -      1    -1.53       307      179   -15.65   -20.30
   3900.0   1413   387/402    5.52    5.59    ~0.26    ~1.24   1412   -19.90      0        -      0        -      0        -      1    -1.05       273      179   -16.18   -20.43
   4000.0   1431   380/402    5.57    5.65    ~0.24    ~1.26   1430   -20.04      0        -      0        -      0        -      1    -0.76       298      178   -16.63   -20.51
   4100.0   1451   388/402    5.79    5.75    ~0.25    ~1.30   1450   -20.26      0        -      0        -      0        -      1    -1.25       287      179   -17.40   -20.64
   4200.0   1469   386/402    5.58    5.75    ~0.24    ~1.20   1468   -20.29      0        -      0        -      0        -      1    -1.42       302      181   -18.10   -20.59
   4300.0   1494   388/402    5.46    5.62    ~0.25    ~1.22   1491   -20.35      0        -      0        -      0        -      3   -29.18       325      179   -17.80   -20.71
   4400.0   1511   387/402    5.67    5.72    ~0.24    ~1.21   1510   -20.17      0        -      0        -      0        -      1    -0.93       301      176   -17.47   -20.52
   4500.0   1529   386/402    5.95    5.81    ~0.23    ~1.22   1527   -20.33      0        -      0        -      0        -      2    -2.48       335      177   -18.63   -20.53
   4600.0   1545   393/402    5.62    5.75    ~0.24    ~1.30   1542   -20.14      0        -      0        -      0        -      3    -2.29       314      175   -18.44   -20.32
   4700.0   1576   387/402    5.47    5.46    ~0.23    ~1.22   1574   -20.48      0        -      0        -      0        -      2    -1.03       313      173   -19.00   -20.64
   4800.0   1592   395/402    5.74    5.55    ~0.24    ~1.24   1590   -20.44      0        -      0        -      0        -      2    -1.52       317      171   -18.58   -20.63
   4900.0   1603   393/402    5.75    5.91    ~0.22    ~1.23   1601   -20.56      0        -      0        -      0        -      2    -2.62       330      171   -18.81   -20.74
   5000.0   1609   387/402    5.43    5.71    ~0.23    ~1.22   1607   -20.61      0        -      0        -      0        -      2    -1.48       338      169   -18.72   -20.80
   5100.0   1614   390/402    5.55    5.45    ~0.24    ~1.22   1612   -20.84      0        -      0        -      0        -      2    -0.95       336      167   -18.54   -21.08
   5200.0   1625   389/402    5.61    5.79    ~0.24    ~1.24   1623   -21.27      0        -      0        -      0        -      2    -1.97       326      166   -19.63   -21.43
   5300.0   1627   394/402    5.58    5.70    ~0.24    ~1.31   1625   -21.52      0        -      0        -      0        -      2    -2.42       317      163   -20.21   -21.64
   5400.0   1635   394/402    5.49    5.52    ~0.23    ~1.26   1633   -21.57      0        -      0        -      0        -      2    -1.89       358      161   -20.18   -21.70
   5500.0   1648   397/402    5.48    5.67    ~0.24    ~1.23   1646   -21.60      0        -      0        -      0        -      2    -1.75       364      160   -20.38   -21.70
   5600.0   1649   396/402    5.73    5.83    ~0.23    ~1.20   1647   -21.67      0        -      0        -      0        -      2    -2.67       372      159   -20.52   -21.77
   5700.0   1662   391/402    5.68    5.73    ~0.22    ~1.25   1660   -22.00      0        -      0        -      0        -      2    -2.05       361      159   -20.90   -22.09
   5800.0   1670   393/402    5.46    5.50    ~0.23    ~1.26   1668   -22.20      0        -      0        -      0        -      2    -1.79       363      158   -21.87   -22.21
   5900.0   1678   395/402    5.64    5.59    ~0.23    ~1.25   1676   -22.53      0        -      0        -      0        -      2    -1.46       350      155   -21.69   -22.59
   6000.0   1674   385/402    5.88    5.74    ~0.23    ~1.28   1672   -22.57      0        -      0        -      0        -      2    -1.88       381      154   -21.72   -22.63
   6100.0   1675   395/402    5.56    5.73    ~0.22    ~1.25   1673   -22.40      0        -      0        -      0        -      2    -3.73       348      153   -21.57   -22.46
   6200.0   1663   395/402    5.55    5.53    ~0.23    ~1.27   1661   -22.28      0        -      0        -      0        -      2   -10.19       353      150   -22.02   -22.29
   6300.0   1667   395/402    5.72    5.71    ~0.23    ~1.25   1665   -22.41      0        -      0        -      0        -      2   -12.04       332      148   -21.73   -22.46
   6400.0   1676   393/402    5.89    5.77    ~0.22    ~1.28   1674   -23.19      0        -      0        -      0        -      2   -15.04       336      149   -22.43   -23.25
   6500.0   1669   391/402    5.68    5.68    ~0.24    ~1.28   1667   -23.13      0        -      0        -      0        -      2   -13.54       327      146   -21.74   -23.25
   6600.0   1676   397/402    5.75    5.54    ~0.23    ~1.22   1674   -23.27      0        -      0        -      0        -      2   -11.95       376      146   -22.07   -23.37
   6700.0   1675   394/402    5.66    5.64    ~0.23    ~1.23   1673   -23.28      0        -      0        -      0        -      2   -13.58       385      144   -21.89   -23.40
   6800.0   1670   389/402    5.59    5.78    ~0.22    ~1.24   1668   -23.33      0        -      0        -      0        -      2   -15.56       377      144   -22.32   -23.42
   6900.0   1662   397/402    5.50    5.78    ~0.23    ~1.26   1660   -23.03      0        -      0        -      0        -      2   -15.05       337      141   -22.08   -23.11
   7000.0   1673   392/402    5.60    5.49    ~0.23    ~1.23   1671   -23.35      0        -      0        -      0        -      2   -23.62       357      138   -21.17   -23.55
   7100.0   1672   388/402    5.63    5.75    ~0.23    ~1.25   1670   -23.67      0        -      0        -      0        -      2   -24.54       346      136   -21.46   -23.86
   7200.0   1674   391/402    5.85    5.53    ~0.23    ~1.26   1672   -23.92      0        -      0        -      0        -      2   -24.98       351      135   -21.70   -24.12
   7300.0   1674   393/402    5.68    5.55    ~0.21    ~1.30   1672   -23.83      0        -      0        -      0        -      2   -25.05       338      135   -21.66   -24.02
   7400.0   1673   393/402    5.71    5.54    ~0.22    ~1.31   1671   -23.87      0        -      0        -      0        -      2   -24.74       389      134   -21.77   -24.05
   7500.0   1675   390/402    5.81    5.67    ~0.24    ~1.30   1673   -24.19      0        -      0        -      0        -      2   -21.32       365      130   -22.12   -24.37
   7600.0   1669   390/402    5.70    5.64    ~0.23    ~1.27   1667   -24.36      0        -      0        -      0        -      2   -20.79       391      127   -21.82   -24.56
   7700.0   1666   391/402    5.53    5.48    ~0.23    ~1.26   1664   -24.39      0        -      0        -      0        -      2   -17.65       378      126   -21.66   -24.61
   7800.0   1662   397/402    5.65    5.54    ~0.23    ~1.24   1659   -24.53      1   -50.41      0        -      0        -      2   -18.18       396      125   -22.12   -24.73
   7900.0   1666   395/402    5.69    5.69    ~0.24    ~1.21   1662   -24.59      2   -37.64      0        -      0        -      2   -13.71       422      122   -21.95   -24.80
   8000.0   1655   396/402    5.57    5.54    ~0.23    ~1.29   1651   -24.49      2   -37.08      0        -      0        -      2   -18.08       389      120   -21.65   -24.73
   8100.0   1634   398/402    5.68    5.45    ~0.23    ~1.31   1629   -24.61      2   -34.09      0        -      0        -      3   -28.39       363      118   -21.73   -24.86
   8200.0   1634   394/402    5.76    5.56    ~0.23    ~1.27   1628   -24.56      3   -35.67      0        -      0        -      3   -31.99       347      119   -22.01   -24.80
   8300.0   1619   392/402    5.71    5.75    ~0.22    ~1.34   1614   -24.96      3   -38.96      0        -      0        -      2   -15.76       338      115   -21.88   -25.21
   8400.0   1608   394/402    5.63    5.57    ~0.24    ~1.32   1603   -24.84      3   -45.03      0        -      0        -      2   -14.09       331      115   -22.64   -25.04
   8500.0   1596   387/402    5.71    5.49    ~0.23    ~1.31   1591   -24.72      3   -42.65      0        -      0        -      2   -13.04       371      109   -21.08   -25.01
   8600.0   1596   394/402    5.83    5.58    ~0.23    ~1.29   1589   -24.69      4   -44.46      0        -      0        -      3   -23.37       323      109   -21.65   -24.96
   8700.0   1589   395/402    5.77    5.74    ~0.24    ~1.32   1583   -24.73      4   -48.48      0        -      0        -      2   -13.80       317      104   -21.03   -25.04
   8800.0   1582   387/402    5.57    5.74    ~0.24    ~1.37   1575   -24.34      5   -46.89      0        -      0        -      2   -19.52       311      103   -21.19   -24.63
   8900.0   1580   392/402    5.61    5.52    ~0.23    ~1.31   1571   -24.21      6   -46.02      0        -      0        -      3   -28.31       306      101   -20.98   -24.53
   9000.0   1577   389/402    5.67    5.70    ~0.23    ~1.33   1568   -23.81      7   -48.86      0        -      0        -      2   -19.94       315      103   -22.56   -24.01
   9100.0   1572   395/402    5.73    5.66    ~0.24    ~1.35   1562   -23.66      8   -50.87      0        -      0        -      2   -20.78       323      101   -23.22   -23.84
   9200.0   1565   392/402    5.60    5.41    ~0.23    ~1.36   1554   -23.63      8   -48.66      1   -59.56      0        -      2   -21.34       288       95   -21.70   -23.91
   9300.0   1557   394/402    5.57    5.59    ~0.23    ~1.34   1542   -23.30     12   -47.81      1   -59.42      0        -      2   -25.05       293       95   -21.62   -23.64
   9400.0   1539   392/402    5.93    5.71    ~0.24    ~1.38   1522   -23.15     13   -40.27      1   -54.99      0        -      3   -22.08       296       90   -21.11   -23.45
   9500.0   1542   391/402    5.88    5.59    ~0.23    ~1.33   1523   -23.05     14   -39.41      2   -47.66      0        -      3   -22.76       353       87   -20.71   -23.38
   9600.0   1553   391/402    5.63    5.40    ~0.24    ~1.35   1529   -23.14     19   -35.70      2   -45.65      0        -      3   -20.69       342       83   -19.63   -23.52
   9700.0   1545   393/402    5.67    5.70    ~0.25    ~1.32   1518   -22.88     21   -34.93      3   -49.48      0        -      3   -20.80       347       80   -19.83   -23.27
   9800.0   1553   393/402    5.71    5.83    ~0.25    ~1.30   1521   -22.81     25   -36.35      4   -48.54      0        -      3   -20.58       324       86   -20.46   -23.25
   9900.0   1552   388/402    5.64    5.63    ~0.24    ~1.30   1512   -22.67     31   -38.13      6   -48.76      0        -      3   -21.38       312       82   -20.15   -23.24
  10000.0   1552   388/402    5.66    5.61    ~0.23    ~1.31   1502   -22.52     36   -36.53     10   -46.07      0        -      4   -19.45       312       82   -19.82   -23.17
  10100.0   1573   388/402    5.69    5.70    ~0.23    ~1.34   1508   -22.53     45   -37.37     16   -47.34      0        -      4   -17.41       322       82   -19.96   -23.37
  10200.0   1581   391/402    5.77    5.70    ~0.24    ~1.33   1503   -22.93     53   -36.47     21   -47.59      0        -      4   -16.64       297       72   -18.72   -23.94
  10300.0   1598   392/402    5.62    5.58    ~0.24    ~1.38   1501   -22.89     63   -38.70     30   -47.93      0        -      4   -17.35       296       72   -19.14   -24.20
  10400.0   1586   390/402    5.58    5.60    ~0.22    ~1.33   1474   -22.61     71   -39.04     37   -47.58      0        -      4   -21.20       329       73   -20.31   -24.10
  10500.0   1593   389/402    5.68    5.69    ~0.23    ~1.31   1462   -22.46     84   -39.46     42   -46.76      0        -      5   -28.94       313       71   -20.15   -24.20
  10600.0   1602   396/402    5.69    5.72    ~0.22    ~1.29   1452   -22.56    101   -39.78     45   -45.13      0        -      4   -23.12       329       70   -20.37   -24.46
  10700.0   1610   392/402    5.59    5.57    ~0.24    ~1.29   1443   -22.80    117   -39.47     46   -43.09      0        -      4   -25.44       338       71   -20.89   -24.77
  10800.0   1607   392/402    5.51    5.60    ~0.24    ~1.31   1428   -23.07    129   -39.05     46   -42.35      0        -      4   -25.69       308       68   -20.99   -25.09
  10900.0   1622   395/402    5.80    5.75    ~0.24    ~1.32   1429   -23.16    143   -39.23     46   -42.90      0        -      4   -27.10       320       68   -21.18   -25.32
  11000.0   1625   392/402    5.69    5.65    ~0.23    ~1.35   1416   -23.09    159   -39.54     46   -42.71      0        -      4   -27.57       293       70   -22.05   -25.41
  11100.0   1618   394/402    5.69    5.49    ~0.23    ~1.33   1392   -22.84    176   -39.67     46   -42.32      0        -      4   -26.08       281       66   -21.12   -25.41
  11200.0   1625   396/402    5.69    5.50    ~0.23    ~1.33   1382   -22.95    193   -39.80     46   -41.04      0        -      4   -26.24       270       67   -22.10   -25.62
  11300.0   1624   393/402    5.66    5.72    ~0.24    ~1.29   1365   -23.17    209   -38.52     46   -37.82      0        -      4   -28.83       290       65   -19.80   -25.81
  11400.0   1631   386/402    5.53    5.65    ~0.23    ~1.31   1359   -23.19    222   -39.22     46   -37.11      0        -      4   -28.59       273       65   -20.09   -26.02
  11500.0   1631   399/402    5.59    5.67    ~0.24    ~1.30   1347   -23.10    234   -38.74     46   -36.17      0        -      4   -26.44       311       64   -20.19   -25.95
  11600.0   1631   393/402    5.61    5.52    ~0.23    ~1.34   1333   -22.94    248   -38.98     46   -36.88      0        -      4   -28.23       286       62   -21.06   -25.98
  11700.0   1634   393/402    5.69    5.54    ~0.23    ~1.33   1321   -22.89    263   -39.02     46   -37.59      0        -      4   -27.34       244       61   -21.25   -26.09
  11800.0   1638   394/402    5.63    5.49    ~0.22    ~1.37   1309   -23.03    279   -38.69     46   -37.82      0        -      4   -28.45       279       60   -21.19   -26.32
  11900.0   1634   396/402    5.59    5.52    ~0.23    ~1.31   1286   -22.88    298   -38.67     46   -37.01      0        -      4   -31.52       295       58   -22.68   -26.30
  12000.0   1641   391/402    5.61    5.55    ~0.22    ~1.30   1276   -22.76    315   -38.35     46   -36.74      0        -      4   -26.93       271       58   -22.55   -26.29
  12100.0   1641   395/402    5.68    5.67    ~0.23    ~1.37   1264   -22.65    327   -38.77     46   -36.80      0        -      4   -26.12       268       57   -22.86   -26.39
  12200.0   1638   390/402    5.65    5.57    ~0.23    ~1.33   1245   -22.33    343   -39.01     46   -36.92      0        -      4   -27.28       276       54   -21.88   -26.39
  12300.0   1639   397/402    5.63    5.53    ~0.23    ~1.36   1229   -22.35    360   -38.83     46   -35.18      0        -      4   -27.13       269       51   -21.98   -26.48
  12400.0   1643   395/402    5.72    5.60    ~0.23    ~1.33   1215   -22.33    378   -38.85     46   -33.84      0        -      4   -28.83       287       50   -22.30   -26.60
  12500.0   1656   400/402    5.68    5.74    ~0.23    ~1.34   1210   -22.77    396   -38.96     46   -32.98      0        -      4   -28.49       272       49   -22.17   -27.08
  12600.0   1654   389/402    5.60    5.66    ~0.22    ~1.30   1197   -22.54    406   -38.77     46   -34.87      0        -      5   -36.19       259       47   -21.40   -27.07
  12700.0   1664   398/402    5.48    5.67    ~0.23    ~1.37   1196   -22.50    418   -38.96     46   -35.60      0        -      4   -31.07       243       47   -20.98   -27.20
  12800.0   1661   392/402    5.51    5.63    ~0.22    ~1.35   1179   -22.18    432   -38.77     46   -35.77      0        -      4   -29.48       268       46   -21.58   -27.04
  12900.0   1663   391/402    5.71    5.58    ~0.22    ~1.37   1170   -22.17    443   -38.42     46   -35.82      0        -      4   -28.52       262       46   -21.75   -27.04
  13000.0   1671   393/402    5.70    5.61    ~0.23    ~1.36   1169   -21.93    452   -38.23     46   -34.58      0        -      4   -29.13       264       44   -22.09   -26.83
  13100.0   1677   395/402    5.57    5.58    ~0.23    ~1.38   1162   -21.72    465   -38.35     46   -34.43      0        -      4   -28.73       250       43   -21.71   -26.83
  13200.0   1674   391/402    5.57    5.69    ~0.22    ~1.34   1149   -21.54    475   -37.72     46   -33.46      0        -      4   -26.59       266       42   -21.57   -26.60
  13300.0   1682   393/402    5.70    5.71    ~0.23    ~1.31   1148   -21.61    484   -37.76     46   -33.68      0        -      4   -25.94       281       42   -21.88   -26.72
  13400.0   1684   393/402    5.62    5.61    ~0.23    ~1.31   1141   -21.55    494   -37.86     46   -33.15      0        -      3   -17.80       291       41   -22.81   -26.74
  13500.0   1691   394/402    5.54    5.61    ~0.23    ~1.37   1136   -21.60    506   -37.98     46   -33.29      0        -      3   -20.55       230       41   -22.86   -26.91
  13600.0   1687   398/402    5.83    5.66    ~0.23    ~1.36   1123   -21.62    515   -37.88     46   -33.59      0        -      3   -23.74       247       41   -22.17   -27.03
  13700.0   1689   389/402    5.68    5.70    ~0.23    ~1.35   1113   -21.46    527   -38.07     46   -33.30      0        -      3   -25.69       247       40   -22.79   -27.07
  13800.0   1695   393/402    5.60    5.62    ~0.23    ~1.36   1110   -21.69    536   -37.83     46   -32.98      0        -      3   -30.65       265       40   -24.86   -27.17
  13900.0   1700   395/402    5.66    5.58    ~0.23    ~1.33   1106   -21.78    545   -37.83     46   -32.78      0        -      3   -31.14       255       39   -26.77   -27.25
  14000.0   1699   395/402    5.60    5.68    ~0.22    ~1.27   1096   -21.81    554   -37.85     46   -34.02      0        -      3   -30.96       289       38   -26.39   -27.41
  14100.0   1701   398/402    5.60    5.60    ~0.24    ~1.28   1089   -21.84    563   -37.88     46   -33.31      0        -      3   -30.12       294       38   -26.10   -27.51
  14200.0   1711   397/402    5.57    5.62    ~0.22    ~1.32   1088   -21.96    574   -38.00     46   -33.33      0        -      3   -30.19       283       38   -27.04   -27.67
  14300.0   1713   398/402    5.63    5.63    ~0.22    ~1.34   1083   -21.81    581   -37.73     46   -32.74      0        -      3   -26.69       249       37   -24.72   -27.57
  14400.0   1713   395/402    5.73    5.61    ~0.23    ~1.32   1077   -22.08    587   -37.22     46   -31.99      0        -      3   -18.88       264       37   -24.15   -27.60
  14500.0   1715   391/402    5.64    5.59    ~0.23    ~1.33   1070   -21.85    596   -37.45     46   -32.45      0        -      3   -29.44       291       37   -23.50   -27.66
  14600.0   1719   397/402    5.54    5.64    ~0.23    ~1.33   1067   -21.80    602   -37.50     46   -32.77      0        -      4   -34.25       283       37   -23.87   -27.70
  14700.0   1718   395/402    5.62    5.63    ~0.23    ~1.36   1059   -21.95    610   -37.17     46   -33.28      0        -      3   -30.39       277       36   -25.24   -27.72
  14800.0   1718   398/402    5.63    5.73    ~0.23    ~1.38   1054   -21.98    615   -37.26     46   -33.43      0        -      3   -30.93       283       36   -25.31   -27.83
  14900.0   1718   398/402    5.64    5.65    ~0.22    ~1.33   1048   -21.91    621   -37.42     46   -33.51      0        -      3   -27.29       285       36   -24.94   -27.90
  15000.0   1716   392/402    5.64    5.60    ~0.22    ~1.36   1041   -21.67    626   -37.42     46   -33.15      0        -      3   -23.22       285       36   -25.09   -27.79
  15100.0   1715   398/402    5.69    5.76    ~0.23    ~1.33   1034   -22.10    632   -36.94     46   -32.41      0        -      3   -15.81       254       34   -23.58   -27.92
  15200.0   1710   397/402    5.61    5.75    ~0.22    ~1.35   1025   -21.82    636   -37.00     46   -31.68      0        -      3   -11.95       251       34   -23.94   -27.79
  15300.0   1704   399/402    5.64    5.62    ~0.23    ~1.33   1020   -21.72    638   -36.74     44   -30.22      0        -      2    -2.35       264       32   -23.43   -27.62
  15400.0   1705   393/402    5.59    5.66    ~0.23    ~1.35   1015   -21.78    645   -36.91     43   -30.40      0        -      2    -1.35       252       31   -23.19   -27.78
  15500.0   1710   396/402    5.61    5.75    ~0.22    ~1.30   1013   -22.05    652   -36.79     42   -30.47      0        -      3    -6.42       277       31   -23.63   -27.93
  15600.0   1711   396/402    5.71    5.65    ~0.23    ~1.33   1014   -21.98    655   -36.69     40   -29.52      0        -      2    -2.40       284       30   -22.37   -27.86
  15700.0   1714   396/402    5.76    5.56    ~0.23    ~1.35   1018   -22.35    655   -35.99     39   -28.95      0        -      2    -4.95       261       29   -21.66   -27.80
  15800.0   1713   396/402    5.68    5.56    ~0.22    ~1.34   1015   -22.49    657   -35.60     39   -29.09      0        -      2    -7.67       273       29   -21.04   -27.77
  15900.0   1717   396/402    5.70    5.54    ~0.24    ~1.31   1018   -22.62    659   -35.75     38   -28.07      0        -      2    -7.56       275       28   -21.66   -27.87
  16000.0   1717   393/402    5.58    5.65    ~0.23    ~1.29   1016   -22.94    661   -35.70     38   -28.25      0        -      2    -5.71       244       28   -22.07   -28.05
  16100.0   1706   392/402    5.52    5.76    ~0.23    ~1.33   1011   -22.95    657   -35.63     36   -27.37      0        -      2    -6.23       262       27   -21.04   -28.02
  16200.0   1711   396/402    5.67    5.63    ~0.22    ~1.34   1013   -23.05    662   -35.39     34   -27.80      0        -      2    -8.84       313       26   -20.32   -28.02
  16300.0   1709   394/402    5.52    5.84    ~0.22    ~1.34   1008   -23.21    666   -35.01     33   -24.64      0        -      2    -8.20       284       26   -19.53   -27.95
  16400.0   1710   397/402    5.52    5.71    ~0.23    ~1.36   1005   -23.34    673   -35.18     30   -22.46      0        -      2    -6.79       239       26   -19.06   -28.10
  16500.0   1708   395/402    5.56    5.64    ~0.23    ~1.36   1010   -23.71    668   -34.82     28   -21.61      0        -      2    -3.94       244       26   -19.33   -28.13
  16600.0   1700   391/402    5.53    5.59    ~0.22    ~1.32   1009   -23.61    662   -34.69     27   -19.59      0        -      2    -3.88       239       25   -18.97   -27.97
  16700.0   1694   394/402    5.65    5.50    ~0.23    ~1.34   1001   -23.32    664   -34.47     27   -19.53      0        -      2    -3.12       273       24   -18.34   -27.74
  16800.0   1688   392/402    5.69    5.52    ~0.23    ~1.31   1004   -23.30    656   -34.17     26   -19.26      0        -      2    -2.97       264       25   -18.74   -27.57
  16900.0   1693   392/402    5.72    5.49    ~0.23    ~1.35   1017   -23.83    648   -33.95     26   -19.96      0        -      2    -2.90       241       25   -18.55   -27.76
  17000.0   1684   399/402    5.71    5.71    ~0.24    ~1.35   1019   -23.98    639   -33.84     24   -22.29      0        -      2    -5.52       255       24   -19.25   -27.79
  17100.0   1672   396/402    5.49    5.74    ~0.24    ~1.32   1016   -24.09    631   -33.78     23   -21.55      0        -      2   -15.81       251       23   -19.50   -27.82
  17200.0   1672   395/402    5.49    5.61    ~0.23    ~1.32   1026   -24.32    621   -33.25     23   -22.88      0        -      2   -17.62       268       23   -19.48   -27.72
  17300.0   1656   390/402    5.57    5.65    ~0.23    ~1.33   1026   -24.33    608   -33.16     20   -21.68      0        -      2   -18.46       223       23   -19.97   -27.64
  17400.0   1648   395/402    5.62    5.64    ~0.23    ~1.36   1028   -24.27    599   -33.00     19   -22.97      0        -      2   -11.61       230       23   -19.06   -27.53
  17500.0   1640   390/402    5.59    5.59    ~0.23    ~1.38   1020   -23.81    599   -33.03     19   -24.58      0        -      2   -14.64       266       24   -19.35   -27.29
  17600.0   1625   392/402    5.59    5.50    ~0.22    ~1.38   1026   -24.36    579   -32.42     18   -21.48      0        -      2   -12.97       235       22   -15.32   -27.35
  17700.0   1615   390/402    5.73    5.71    ~0.22    ~1.35   1030   -24.45    565   -32.48     18   -21.57      0        -      2   -14.21       216       24   -18.66   -27.35
  17800.0   1594   389/402    5.51    5.73    ~0.23    ~1.33   1029   -24.41    546   -32.37     17   -21.82      0        -      2   -14.37       222       21   -15.88   -27.24
  17900.0   1570   388/402    5.48    5.63    ~0.25    ~1.31   1033   -24.29    518   -32.10     17   -23.06      0        -      2   -12.78       242       21   -15.98   -26.98
  18000.0   1553   393/402    5.64    5.41    ~0.24    ~1.38   1052   -24.23    478   -31.33     21   -29.59      0        -      2   -11.84       215       20   -17.03   -26.60
  18100.0   1530   391/402    5.72    5.54    ~0.23    ~1.35   1071   -24.27    437   -30.07     20   -28.71      0        -      2   -14.69       240       18   -15.90   -26.09
  18200.0   1501   397/402    5.68    5.54    ~0.24    ~1.33   1075   -23.91    407   -29.85     16   -24.55      0        -      3   -19.19       226       17   -14.90   -25.64
  18300.0   1477   386/402    5.48    5.57    ~0.23    ~1.35   1076   -24.02    380   -29.38     18   -28.98      0        -      3   -26.59       222       18   -15.16   -25.59
  18400.0   1449   387/402    5.69    5.51    ~0.25    ~1.35   1078   -23.41    355   -28.92     12   -19.69      0        -      4   -25.99       247       19   -16.35   -24.84
  18500.0   1438   392/402    5.78    5.48    ~0.25    ~1.36   1096   -23.29    322   -27.94     16   -19.37      0        -      4   -25.42       242       16   -14.47   -24.41
  18600.0   1423   386/402    5.66    5.40    ~0.25    ~1.37   1123   -22.90    281   -27.18     15   -17.68      0        -      4   -25.08       240       14   -14.87   -23.78
  18700.0   1423   385/402    5.55    5.42    ~0.23    ~1.33   1163   -23.65    243   -27.36     13   -15.39      0        -      4   -22.69       254       14   -15.15   -24.29
  18800.0   1431   386/402    5.58    5.44    ~0.26    ~1.34   1185   -23.13    229   -26.58     13   -15.47      0        -      4   -22.70       247       13   -14.00   -23.70
  18900.0   1436   394/402    5.56    5.56    ~0.25    ~1.30   1209   -22.06    209   -26.41     13   -16.19      0        -      5   -18.20       278       12   -14.69   -22.70
  19000.0   1446   386/402    5.66    5.51    ~0.25    ~1.29   1235   -21.37    195   -25.96     12   -15.02      0        -      4   -20.07       280       12   -14.83   -21.99
  19100.0   1464   385/402    5.49    5.39    ~0.24    ~1.33   1273   -21.06    175   -25.82     11   -15.91      0        -      5   -19.48       299       11   -15.89   -21.63
  19200.0   1464   391/402    5.76    5.57    ~0.25    ~1.29   1301   -20.80    148   -24.64     11   -16.03      0        -      4   -24.54       327       10   -15.19   -21.20
  19300.0   1483   387/402    5.91    5.65    ~0.24    ~1.24   1332   -21.16    136   -24.54     11   -16.91      0        -      4   -23.99       378       10   -16.01   -21.48
  19400.0   1482   385/402    5.40    5.41    ~0.25    ~1.24   1352   -20.85    116   -23.44     10   -17.55      0        -      4   -24.73       352        9   -13.57   -21.08
  19500.0   1501   388/402    5.35    5.48    ~0.25    ~1.26   1387   -20.99    101   -23.68      9   -16.18      0        -      4   -24.51       379        8   -14.96   -21.19
  19600.0   1499   387/402    5.66    5.67    ~0.24    ~1.22   1399   -20.65     90   -23.56      6    -8.04      0        -      4   -22.99       358        6   -10.10   -20.82
  19700.0   1518   392/402    5.61    5.66    ~0.24    ~1.26   1420   -20.42     88   -23.84      6    -8.82      0        -      4   -24.34       376        6   -10.58   -20.62
  19800.0   1540   388/402    5.45    5.59    ~0.23    ~1.23   1446   -20.15     84   -23.42      6    -7.41      0        -      4   -23.54       401        6    -9.36   -20.33
  19900.0   1569   394/402    5.37    5.60    ~0.23    ~1.26   1479   -20.61     80   -24.12      6    -8.20      0        -      4   -23.88       424        6   -10.28   -20.79
  20000.0   1578   382/402    5.97    5.84    ~0.23    ~1.28   1493   -20.88     75   -24.10      6    -9.24      0        -      4   -26.80       392        6    -9.78   -21.04
  20100.0   1585   394/402    5.74    5.75    ~0.23    ~1.23   1512   -21.21     64   -24.65      6    -9.80      0        -      3   -19.85       449        6    -9.67   -21.34
  20200.0   1597   387/402    5.62    5.44    ~0.23    ~1.24   1527   -21.17     61   -23.78      6    -9.26      0        -      3   -19.08       426        6    -9.00   -21.27
  20300.0   1600   395/402    5.70    5.38    ~0.22    ~1.28   1535   -21.14     57   -23.06      5    -8.12      0        -      3   -17.88       420        6    -8.39   -21.21
  20400.0   1604   383/402    5.76    5.85    ~0.23    ~1.22   1541   -21.25     55   -24.31      5    -8.37      0        -      3   -19.64       407        6    -9.50   -21.35
  20500.0   1607   389/402    5.36    5.69    ~0.24    ~1.23   1548   -21.50     52   -24.35      4    -3.07      0        -      3   -18.97       420        6    -9.72   -21.58
  20600.0   1613   392/402    5.35    5.35    ~0.23    ~1.22   1558   -22.45     48   -25.53      4    -4.85      0        -      3   -21.40       416        7   -14.77   -22.53
  20700.0   1615   391/402    5.70    5.58    ~0.22    ~1.22   1564   -22.50     45   -26.10      3    -5.78      0        -      3   -22.14       416        5    -8.14   -22.61
  20800.0   1613   390/402    5.84    5.70    ~0.24    ~1.27   1567   -22.68     40   -24.89      3    -5.88      0        -      3   -22.07       413        9   -19.48   -22.72
  20900.0   1614   390/402    5.56    5.50    ~0.23    ~1.28   1571   -22.44     37   -24.29      3    -5.48      0        -      3   -21.77       390        8   -16.83   -22.48
  21000.0   1627   392/402    5.46    5.63    ~0.23    ~1.20   1585   -22.80     36   -24.82      3    -6.71      0        -      3   -22.31       416        6    -9.78   -22.86
  21100.0   1623   392/402    5.77    5.84    ~0.23    ~1.27   1584   -22.84     33   -26.04      3    -8.61      0        -      3   -22.75       417        6    -8.79   -22.93
  21200.0   1624   394/402    5.69    5.77    ~0.23    ~1.25   1585   -23.47     33   -26.21      3    -9.63      0        -      3   -23.06       413        5    -6.61   -23.55
  21300.0   1628   389/402    5.67    5.56    ~0.22    ~1.29   1589   -23.39     33   -26.81      3    -9.29      0        -      3   -23.68       370        5    -7.37   -23.48
  21400.0   1627   393/402    5.65    5.67    ~0.24    ~1.31   1590   -23.38     32   -26.57      2   -10.86      0        -      3   -21.45       369        5    -7.05   -23.48
  21500.0   1637   392/402    5.63    5.75    ~0.24    ~1.26   1602   -23.48     30   -25.56      2   -11.17      0        -      3   -21.66       406        5    -7.30   -23.55
  21600.0   1648   389/402    5.60    5.58    ~0.24    ~1.21   1617   -23.36     26   -23.70      2   -12.52      0        -      3   -19.55       390        5    -8.36   -23.39
  21700.0   1655   398/402    5.63    5.42    ~0.23    ~1.20   1624   -23.75     26   -23.34      2   -12.05      0        -      3   -22.48       403        5   -11.37   -23.76
  21800.0   1644   397/402    5.63    5.55    ~0.24    ~1.31   1616   -23.73     24   -20.67      2   -15.75      0        -      2   -16.39       385        5   -12.89   -23.70
  21900.0   1646   397/402    5.68    5.75    ~0.24    ~1.25   1620   -23.95     23   -17.73      1   -24.86      0        -      2   -19.48       406        5   -14.99   -23.89
  22000.0   1642   395/402    5.66    5.68    ~0.23    ~1.29   1617   -23.93     22   -18.00      1   -26.41      0        -      2   -18.89       424        5   -16.91   -23.87
  22100.0   1652   398/402    5.54    5.81    ~0.24    ~1.30   1628   -23.97     21   -18.76      1   -22.16      0        -      2   -17.93       390        5   -17.63   -23.92
  22200.0   1661   394/402    5.58    5.84    ~0.23    ~1.29   1640   -23.96     18   -18.26      1   -20.99      0        -      2   -18.72       408        5   -16.67   -23.91
  22300.0   1663   389/402    5.54    5.90    ~0.22    ~1.26   1644   -24.26     16   -16.33      1   -27.60      0        -      2   -22.09       441        5   -16.30   -24.21
  22400.0   1670   395/402    5.51    5.71    ~0.23    ~1.30   1653   -24.21     14   -16.64      1   -27.58      0        -      2   -22.23       395        5   -16.26   -24.17
  22500.0   1679   395/402    5.50    5.68    ~0.23    ~1.25   1663   -24.26     13   -18.77      1   -21.46      0        -      2   -20.50       415        5   -19.86   -24.22
  22600.0   1681   392/402    5.55    5.69    ~0.22    ~1.27   1665   -24.24     13   -20.04      1   -19.17      0        -      2   -19.26       422        5   -21.21   -24.21
  22700.0   1681   392/402    5.56    5.64    ~0.22    ~1.28   1665   -24.14     13   -20.35      1    -9.81      0        -      2   -13.26       428        5   -24.93   -24.09
  22800.0   1685   396/402    5.61    5.51    ~0.22    ~1.25   1670   -24.23     12   -20.47      1    -8.48      0        -      2   -12.39       446        5   -26.88   -24.17
  22900.0   1690   395/402    5.67    5.46    ~0.24    ~1.24   1675   -24.19     12   -19.57      1    -5.76      0        -      2   -17.75       454        5   -26.61   -24.13
  23000.0   1687   393/402    5.62    5.57    ~0.24    ~1.27   1672   -23.99     12   -22.33      1    -6.17      0        -      2   -18.30       462        4   -27.91   -23.95
  23100.0   1682   395/402    5.58    5.66    ~0.23    ~1.24   1667   -23.78     12   -24.98      1   -11.18      0        -      2   -22.59       425        4   -30.69   -23.76
  23200.0   1684   391/402    5.55    5.55    ~0.24    ~1.22   1670   -23.88     12   -24.46      1   -23.29      0        -      1   -19.06       450        3   -19.01   -23.89
  23300.0   1690   394/402    5.48    5.62    ~0.23    ~1.26   1677   -24.09     11   -25.23      1   -27.46      0        -      1   -25.92       420        3   -17.90   -24.11
  23400.0   1681   389/402    5.56    5.64    ~0.23    ~1.24   1667   -23.87     11   -25.75      1   -30.28      0        -      2   -32.93       421        3   -20.27   -23.91
  23500.0   1681   398/402    5.71    5.62    ~0.23    ~1.23   1667   -23.61     11   -27.04      1   -31.27      0        -      2   -31.86       459        3   -21.86   -23.65
  23600.0   1690   390/402    5.70    5.46    ~0.23    ~1.26   1678   -23.65      9   -26.93      1   -26.29      0        -      2   -31.53       460        3   -19.45   -23.68
  23700.0   1684   391/402    5.60    5.64    ~0.23    ~1.24   1673   -23.70      9   -26.39      0        -      0        -      2   -31.45       448        3   -19.61   -23.73
  23800.0   1687   395/402    5.76    5.63    ~0.23    ~1.26   1676   -23.75      9   -23.34      0        -      0        -      2   -31.91       467        3   -21.93   -23.76
  23900.0   1686   393/402    5.62    5.79    ~0.23    ~1.22   1677   -23.70      9   -24.38      0        -      0        -      0        -       427        4   -27.61   -23.69
  24000.0   1687   395/402    5.59    5.62    ~0.23    ~1.30   1679   -23.75      8   -23.33      0        -      0        -      0        -       387        4   -26.73   -23.74
  24100.0   1689   393/402    5.82    5.52    ~0.23    ~1.29   1682   -23.78      7   -26.01      0        -      0        -      0        -       438        3   -35.73   -23.76
  24200.0   1694   390/402    5.72    5.69    ~0.24    ~1.26   1687   -23.75      7   -28.98      0        -      0        -      0        -       452        3   -39.45   -23.74
  24300.0   1685   388/402    5.64    5.59    ~0.22    ~1.27   1679   -23.60      6   -27.27      0        -      0        -      0        -       454        2   -34.96   -23.60
  24400.0   1693   388/402    5.57    5.72    ~0.24    ~1.28   1688   -23.72      5   -29.37      0        -      0        -      0        -       463        2   -33.66   -23.73
  24500.0   1692   395/402    5.74    5.59    ~0.23    ~1.27   1687   -23.73      5   -30.82      0        -      0        -      0        -       475        2   -32.95   -23.74
  24600.0   1693   395/402    5.70    5.65    ~0.24    ~1.32   1688   -23.69      5   -32.89      0        -      0        -      0        -       413        2   -26.16   -23.71
  24700.0   1684   394/402    5.56    5.71    ~0.24    ~1.26   1680   -23.61      4   -38.06      0        -      0        -      0        -       438        2   -25.22   -23.65
  24800.0   1689   390/402    5.59    5.67    ~0.23    ~1.24   1685   -23.44      4   -39.66      0        -      0        -      0        -       450        2   -23.11   -23.48
  24900.0   1692   393/402    5.74    5.69    ~0.23    ~1.24   1688   -23.52      4   -39.10      0        -      0        -      0        -       446        2   -22.48   -23.55
  25000.0   1691   402/402    5.80    5.74    ~0.23    ~1.24   1687   -23.87      4   -34.39      0        -      0        -      0        -       473        2   -18.70   -23.90
  25100.0   1686   395/402    5.77    5.55    ~0.23    ~1.23   1681   -23.60      4   -37.55      0        -      0        -      1   -39.24       501        2   -16.63   -23.65
  25200.0   1695   391/402    5.64    5.54    ~0.23    ~1.27   1691   -23.76      4   -36.70      0        -      0        -      0        -       451        2   -16.98   -23.80
  25300.0   1698   394/402    5.62    5.67    ~0.23    ~1.29   1695   -23.74      3   -35.07      0        -      0        -      0        -       459        2   -20.27   -23.77
  25400.0   1694   393/402    5.61    5.63    ~0.22    ~1.24   1692   -23.88      2   -31.05      0        -      0        -      0        -       489        2   -23.59   -23.89
  25500.0   1689   389/402    5.51    5.53    ~0.23    ~1.24   1687   -23.95      2   -27.10      0        -      0        -      0        -       472        2   -19.18   -23.95
  25600.0   1697   394/402    5.57    5.74    ~0.21    ~1.22   1695   -24.05      2   -26.10      0        -      0        -      0        -       461        2   -18.84   -24.06
  25700.0   1699   393/402    5.67    5.78    ~0.23    ~1.26   1696   -24.21      2   -24.14      0        -      0        -      1   -37.10       481        2   -20.98   -24.22
  25800.0   1698   394/402    5.53    5.77    ~0.22    ~1.27   1696   -24.44      2   -22.28      0        -      0        -      0        -       498        2   -23.07   -24.44
  25900.0   1696   397/402    5.48    5.76    ~0.22    ~1.28   1694   -24.53      2   -26.69      0        -      0        -      0        -       435        2   -20.23   -24.53
  26000.0   1699   399/402    5.58    5.43    ~0.23    ~1.24   1697   -24.52      2   -24.49      0        -      0        -      0        -       475        2   -18.99   -24.53
  26100.0   1698   395/402    5.75    5.84    ~0.24    ~1.29   1696   -24.40      2   -25.98      0        -      0        -      0        -       447        2   -23.70   -24.40
  26200.0   1689   395/402    5.59    5.79    ~0.22    ~1.26   1687   -24.24      2   -29.09      0        -      0        -      0        -       439        2   -24.00   -24.24
  26300.0   1692   394/402    5.52    5.70    ~0.23    ~1.28   1690   -24.29      2   -27.48      0        -      0        -      0        -       465        2   -24.34   -24.30
  26400.0   1693   395/402    5.58    5.65    ~0.22    ~1.27   1691   -24.41      2   -26.12      0        -      0        -      0        -       429        2   -18.78   -24.42
  26500.0   1682   397/402    5.66    5.78    ~0.22    ~1.28   1680   -24.47      2   -27.67      0        -      0        -      0        -       438        2   -19.80   -24.48
  26600.0   1669   391/402    5.56    5.68    ~0.21    ~1.31   1666   -24.34      2   -24.66      0        -      0        -      1   -42.42       461        2   -17.68   -24.36
  26700.0   1676   396/402    5.68    5.47    ~0.22    ~1.26   1674   -24.55      2   -25.37      0        -      0        -      0        -       434        2   -19.81   -24.56
  26800.0   1678   392/402    5.62    5.74    ~0.23    ~1.26   1676   -24.69      2   -16.82      0        -      0        -      0        -       429        2   -13.63   -24.69
  26900.0   1674   393/402    5.65    5.67    ~0.23    ~1.25   1672   -24.89      2   -15.62      0        -      0        -      0        -       434        2   -13.55   -24.89
  27000.0   1664   392/402    5.57    5.54    ~0.23    ~1.30   1662   -24.75      2   -14.32      0        -      0        -      0        -       434        2   -12.14   -24.75
  27100.0   1653   393/402    5.55    5.46    ~0.22    ~1.25   1651   -24.78      2   -14.13      0        -      0        -      0        -       465        2    -9.59   -24.79
  27200.0   1661   386/402    5.59    5.83    ~0.23    ~1.29   1659   -25.25      2   -14.41      0        -      0        -      0        -       472        2    -9.71   -25.26
  27300.0   1647   390/402    5.66    5.72    ~0.23    ~1.27   1645   -25.40      2   -14.09      0        -      0        -      0        -       450        2    -9.62   -25.41
  27400.0   1646   395/402    5.50    5.56    ~0.22    ~1.29   1644   -25.41      2   -11.94      0        -      0        -      0        -       409        2    -8.49   -25.42
  27500.0   1649   393/402    5.54    5.60    ~0.23    ~1.27   1647   -25.45      2   -11.12      0        -      0        -      0        -       437        2    -7.94   -25.46
  27600.0   1654   392/402    5.76    5.62    ~0.23    ~1.32   1652   -25.47      2   -10.20      0        -      0        -      0        -       418        2    -7.03   -25.47
  27700.0   1638   393/402    5.79    5.51    ~0.22    ~1.37   1636   -25.30      2    -9.87      0        -      0        -      0        -       394        2    -7.23   -25.31
  27800.0   1656   392/402    5.65    5.38    ~0.23    ~1.29   1654   -25.65      2    -9.50      0        -      0        -      0        -       416        2    -6.73   -25.65
  27900.0   1635   397/402    5.57    5.62    ~0.23    ~1.30   1633   -25.45      2    -9.64      0        -      0        -      0        -       427        2    -7.72   -25.45
  28000.0   1617   393/402    5.84    5.77    ~0.23    ~1.26   1615   -25.54      2   -10.46      0        -      0        -      0        -       447        2    -8.36   -25.55
  28100.0   1610   394/402    5.64    5.67    ~0.23    ~1.30   1607   -25.17      2   -10.16      0        -      0        -      1   -22.89       413        2    -8.36   -25.18
  28200.0   1609   388/402    5.61    5.45    ~0.24    ~1.32   1606   -25.24      2   -11.29      0        -      0        -      1   -22.91       408        2   -10.47   -25.24
  28300.0   1608   387/402    5.74    5.47    ~0.22    ~1.34   1605   -24.79      2   -10.93      0        -      0        -      1   -21.82       410        2   -10.34   -24.79
  28400.0   1603   389/402    5.66    5.72    ~0.24    ~1.32   1600   -24.68      2   -12.02      0        -      0        -      1   -19.53       400        2   -10.75   -24.68
  28500.0   1591   395/402    5.60    5.59    ~0.23    ~1.38   1588   -24.34      2   -15.77      0        -      0        -      1   -17.49       373        2   -12.57   -24.34
  28600.0   1606   397/402    5.62    5.58    ~0.24    ~1.39   1602   -24.14      2   -13.39      0        -      0        -      2   -20.76       392        2   -11.76   -24.13
  28700.0   1611   396/402    5.81    5.53    ~0.25    ~1.28   1607   -23.77      2   -13.21      0        -      0        -      2   -20.64       434        2   -11.96   -23.76
  28800.0   1602   391/402    5.77    5.58    ~0.23    ~1.29   1598   -23.40      2   -10.07      0        -      0        -      2   -21.39       430        2   -11.84   -23.40
  28900.0   1596   390/402    5.49    5.53    ~0.23    ~1.30   1592   -23.30      2   -10.35      0        -      0        -      2   -21.05       446        1    -9.40   -23.29
  29000.0   1604   395/402    5.58    5.50    ~0.23    ~1.31   1600   -23.08      2   -12.19      0        -      0        -      2   -22.21       453        1   -13.91   -23.07
  29100.0   1609   394/402    5.79    5.82    ~0.22    ~1.30   1605   -23.15      2   -12.52      0        -      0        -      2   -25.88       430        1   -14.43   -23.14
  29200.0   1601   395/402    5.64    5.85    ~0.24    ~1.30   1597   -23.13      2   -11.62      0        -      0        -      2   -28.07       430        1   -13.65   -23.13
  29300.0   1603   393/402    5.58    5.53    ~0.24    ~1.24   1599   -22.74      2   -17.24      0        -      0        -      2   -32.03       457        1   -18.96   -22.75
  29400.0   1614   396/402    5.63    5.59    ~0.23    ~1.27   1609   -22.54      2   -21.82      0        -      0        -      3   -31.77       437        1   -25.84   -22.55
  29500.0   1609   391/402    5.71    5.89    ~0.23    ~1.23   1604   -22.39      2   -17.13      0        -      0        -      3   -32.89       476        1   -18.27   -22.41
  29600.0   1606   388/402    5.61    5.77    ~0.23    ~1.24   1601   -22.11      2   -13.50      0        -      0        -      3   -34.22       496        1   -12.21   -22.12
  29700.0   1616   394/402    5.38    5.48    ~0.23    ~1.26   1611   -22.52      2   -27.29      0        -      0        -      3   -31.62       477        1   -11.22   -22.55
  29800.0   1627   394/402    5.53    5.67    ~0.22    ~1.23   1622   -22.43      2   -28.50      0        -      0        -      3   -30.86       462        1   -12.82   -22.46
  29900.0   1639   389/402    5.67    5.86    ~0.22    ~1.26   1634   -22.82      2   -31.42      0        -      0        -      3   -30.12       445        1   -15.88   -22.84
  30000.0   1642   392/402    5.43    5.56    ~0.23    ~1.26   1637   -22.80      2   -33.87      0        -      0        -      3   -28.35       437        1   -16.15   -22.83

300 of 300 samples printed
