arm r38-s3 | run 2026-09-15-020909-30637fb0 | tank r=11.3 m (400 m2), 60 m deep, 4 ring(s)
columns of 1 m: 402 | lineage.jsonl: 16089 births, 78 clades

        t      n      cols    x sd    z sd     nn h    nn 3d   leaf   leaf y   stom   stom y   mixo   mixo y    jnt    jnt y  plain  plain y  clade 1m  jointed  joint y  rigid y
    100.0     41    36/402    4.40    5.01     1.41     3.86     33   -16.53      5   -11.69      0        -      3   -21.49      0        -         0       27   -11.97   -24.64
    200.0     56    47/402    4.12    4.11     1.09     2.48     49    -9.44      5   -14.20      0        -      2    -4.39      0        -         0       38    -8.05   -13.13
    300.0     86    72/402    3.49    5.42     0.67     2.05     80   -11.05      4   -20.03      0        -      2    -3.32      0        -         2       59   -10.88   -12.18
    400.0    106    92/402    5.18    5.52     0.96     1.86    102    -8.58      2   -22.06      0        -      2    -3.55      0        -         8       70    -7.21   -11.71
    500.0    143   119/402    5.57    5.99     0.73     2.04    139    -9.70      1   -13.89      0        -      3    -4.33      0        -         9       94    -8.02   -12.69
    600.0    166   127/402    5.40    5.18     0.68     2.00    163    -9.15      0        -      0        -      3    -3.95      0        -         9      107    -7.31   -12.21
    700.0    223   152/402    4.78    4.30     0.55     1.87    219   -14.12      0        -      0        -      4    -8.97      0        -        15      140   -12.31   -16.91
    800.0    239   171/402    5.62    5.38     0.58     1.76    234   -12.85      0        -      0        -      4    -2.46      1    -0.74        28      143   -11.21   -14.73
    900.0    260   190/402    5.98    5.67     0.55     1.84    256   -11.86      0        -      0        -      3    -0.89      1    -0.86        31      148    -9.97   -13.97
   1000.0    286   205/402    5.70    5.11     0.56     1.68    279    -9.82      0        -      0        -      6    -1.97      1    -0.96        32      154    -8.51   -10.93
   1100.0    337   220/402    5.67    5.27     0.51     1.60    328    -9.46      0        -      0        -      7    -1.79      2    -1.50        48      165    -8.58    -9.90
   1200.0    386   240/402    5.97    5.74     0.47     1.49    377    -9.94      0        -      0        -      7    -2.17      2    -1.09        50      178    -9.65    -9.84
   1300.0    433   256/402    5.48    5.55     0.43     1.54    424   -11.10      0        -      0        -      7    -1.97      2    -1.22        69      192   -11.42   -10.49
   1400.0    492   271/402    5.13    5.39     0.41     1.43    482   -12.55      0        -      0        -      7    -2.34      3    -2.46        92      198   -11.89   -12.65
   1500.0    517   274/402    5.89    5.11     0.40     1.33    507   -12.07      0        -      0        -      7    -2.52      3    -2.48       103      205   -11.72   -12.00
   1600.0    560   276/402    5.89    5.22     0.34     1.37    550   -12.58      0        -      0        -      7    -2.96      3    -3.43       108      210   -12.48   -12.37
   1700.0    575   288/402    5.94    5.41     0.38     1.38    565   -12.17      0        -      0        -      7    -3.44      3    -4.19        95      207   -12.21   -11.92
   1800.0    615   306/402    5.41    5.20     0.36     1.45    605   -13.24      0        -      0        -      7    -5.29      3    -3.53        99      219   -13.46   -12.91
   1900.0    624   301/402    5.74    5.41     0.35     1.39    615   -13.87      0        -      0        -      6    -2.41      3    -3.83       116      218   -14.36   -13.36
   2000.0    648   306/402    6.14    5.88     0.35     1.41    639   -14.27      0        -      0        -      6    -2.65      3    -4.04       149      222   -15.62   -13.33
   2100.0    674   316/402    6.14    5.53     0.33     1.38    665   -14.30      0        -      0        -      6    -2.98      3    -4.42       123      222   -15.82   -13.34
   2200.0    707   320/402    5.67    5.33     0.36     1.35    698   -14.48      0        -      0        -      6    -3.57      3    -3.74       143      212   -15.17   -13.99
   2300.0    743   323/402    5.84    5.52     0.33     1.40    734   -14.48      0        -      0        -      6    -4.08      3    -3.54       157      229   -16.40   -13.44
   2400.0    761   330/402    5.92    5.88     0.33     1.36    751   -15.01      0        -      0        -      7    -8.12      3    -5.26       172      221   -16.12   -14.41
   2500.0    786   331/402    5.60    5.47     0.33     1.38    774   -15.00      0        -      0        -      9   -10.21      3    -7.41       166      224   -16.65   -14.23
   2600.0    822   338/402    5.37    5.66     0.33     1.41    808   -15.91      0        -      0        -      9    -8.42      5   -17.39       163      217   -15.80   -15.85
   2700.0    851   340/402    5.90    5.74     0.31     1.36    836   -16.07      0        -      0        -      9    -8.83      6   -19.89       182      219   -16.20   -15.96
   2800.0    874   345/402    5.68    5.82     0.29     1.38    860   -16.39      0        -      0        -      9    -8.15      5   -17.71       192      221   -16.17   -16.36
   2900.0    890   342/402    5.43    5.48     0.32     1.31    876   -16.08      0        -      0        -      9    -8.60      5   -16.69       221      224   -16.49   -15.84
   3000.0    905   360/402    5.18    5.29     0.31     1.34    892   -16.83      0        -      0        -      8    -6.70      5   -21.09       233      208   -16.20   -16.93
   3100.0    923   346/402    5.42    6.17     0.29     1.39    910   -17.04      0        -      0        -      8    -8.07      5   -21.31       231      208   -16.46   -17.14
   3200.0    940   343/402    6.16    5.90     0.28     1.39    928   -17.48      0        -      0        -      8    -8.06      4   -19.81       206      206   -16.74   -17.60
   3300.0    966   362/402    6.00    5.23     0.30     1.36    954   -16.82      0        -      0        -      8    -7.70      4   -18.57       222      207   -16.41   -16.85
   3400.0    987   362/402    5.65    5.61     0.29     1.35    975   -16.53      0        -      0        -      8    -8.11      4   -18.47       247      199   -15.39   -16.74
   3500.0   1007   361/402    5.84    5.74     0.30     1.32    995   -16.51      0        -      0        -      8    -9.13      4   -18.48       246      196   -15.26   -16.75
   3600.0   1025   364/402    5.81    5.71     0.29     1.35   1013   -16.25      0        -      0        -      8    -9.30      4   -19.28       234      203   -15.76   -16.32
   3700.0   1065   366/402    5.50    5.21     0.28     1.28   1042   -16.30      0        -      0        -      8   -10.92     15   -32.14       264      201   -15.87   -16.63
   3800.0   1075   372/402    5.92    5.24     0.28     1.32   1058   -16.32      0        -      0        -      8   -11.85      9   -24.79       280      196   -15.29   -16.60
   3900.0   1096   365/402    6.01    5.69     0.27     1.30   1079   -16.46      0        -      0        -      8   -10.25      9   -24.82       259      199   -15.75   -16.65
   4000.0   1112   364/402    5.65    5.34     0.29     1.31   1098   -16.10      0        -      0        -      7    -6.49      7   -22.68       292      203   -16.25   -16.04
   4100.0   1130   377/402    5.22    5.37     0.28     1.25   1116   -16.16      0        -      0        -      7    -6.45      7   -22.79       337      206   -16.44   -16.08
   4200.0   1155   379/402    5.64    5.84     0.27     1.27   1142   -16.17      0        -      0        -      7    -7.09      6   -21.98       348      212   -17.08   -15.93
   4300.0   1175   354/402    6.13    5.66     0.26     1.23   1162   -16.79      0        -      0        -      7    -7.64      6   -24.96       365      208   -17.07   -16.72
   4400.0   1188   371/402    5.34    5.48     0.27     1.22   1176   -16.42      0        -      0        -      7    -6.71      5   -24.59       370      205   -16.30   -16.42
   4500.0   1223   376/402    5.16    5.60    ~0.25    ~1.29   1211   -17.26      0        -      0        -      7    -5.99      5   -24.11       347      199   -16.11   -17.44
   4600.0   1247   375/402    5.73    5.96    ~0.26    ~1.25   1236   -17.20      0        -      0        -      7    -5.63      4   -19.16       380      198   -16.01   -17.35
   4700.0   1264   376/402    5.81    5.98    ~0.26    ~1.25   1254   -17.58      0        -      0        -      6    -3.63      4   -19.64       362      192   -15.78   -17.84
   4800.0   1273   372/402    5.39    5.68    ~0.27    ~1.25   1263   -17.39      0        -      0        -      6    -2.92      4   -17.51       379      187   -15.79   -17.58
   4900.0   1327   383/402    5.60    5.42    ~0.26    ~1.27   1318   -18.91      0        -      0        -      6    -3.31      3   -11.42       380      181   -15.93   -19.28
   5000.0   1339   375/402    5.85    5.82    ~0.24    ~1.30   1330   -18.97      0        -      0        -      6    -3.65      3   -12.28       365      177   -15.89   -19.34
   5100.0   1333   386/402    5.62    5.92    ~0.25    ~1.32   1324   -19.05      0        -      0        -      6    -3.99      3   -13.44       386      176   -16.53   -19.34
   5200.0   1345   380/402    5.56    5.50    ~0.24    ~1.27   1336   -18.84      0        -      0        -      6    -4.48      3   -14.36       378      172   -16.04   -19.17
   5300.0   1363   383/402    5.70    5.54    ~0.25    ~1.29   1354   -19.11      0        -      0        -      6    -3.05      3   -14.62       368      171   -15.98   -19.46
   5400.0   1359   384/402    5.52    5.91    ~0.25    ~1.28   1350   -18.97      0        -      0        -      6    -3.28      3   -14.86       380      168   -15.87   -19.31
   5500.0   1348   381/402    5.53    5.72    ~0.26    ~1.25   1339   -18.65      0        -      0        -      6    -3.52      3   -15.31       381      164   -15.59   -18.99
   5600.0   1367   387/402    5.44    5.44    ~0.26    ~1.31   1356   -19.01      0        -      0        -      6    -3.35      5   -27.56       382      163   -15.54   -19.43
   5700.0   1393   386/402    5.30    5.56    ~0.25    ~1.30   1381   -19.28      0        -      0        -      6    -3.51      6   -31.68       382      155   -14.17   -19.91
   5800.0   1401   379/402    5.52    5.64    ~0.24    ~1.27   1392   -19.36      0        -      0        -      6    -2.93      3   -21.37       421      153   -13.91   -19.95
   5900.0   1409   390/402    5.60    5.49    ~0.26    ~1.30   1400   -19.08      0        -      0        -      6    -3.03      3   -21.78       365      150   -13.47   -19.68
   6000.0   1410   388/402    5.52    5.64    ~0.26    ~1.26   1401   -19.45      0        -      0        -      6    -3.62      3   -20.12       403      151   -14.37   -19.98
   6100.0   1424   388/402    5.84    5.53    ~0.25    ~1.26   1415   -19.41      0        -      0        -      6    -3.38      3   -21.86       419      143   -13.21   -20.03
   6200.0   1416   383/402    5.82    5.63    ~0.24    ~1.25   1407   -19.58      0        -      0        -      6    -3.52      3   -25.07       425      144   -14.05   -20.14
   6300.0   1420   391/402    5.61    5.58    ~0.24    ~1.29   1412   -19.43      0        -      0        -      6    -3.50      2   -15.13       414      140   -13.43   -20.00
   6400.0   1438   388/402    5.68    5.58    ~0.24    ~1.30   1430   -19.73      0        -      0        -      6    -3.57      2   -13.02       416      136   -13.47   -20.29
   6500.0   1446   390/402    5.65    5.57    ~0.24    ~1.33   1438   -19.73      0        -      0        -      6    -5.75      2   -11.73       388      139   -14.76   -20.18
   6600.0   1435   390/402    5.67    5.68    ~0.25    ~1.32   1427   -19.80      0        -      0        -      6    -6.06      2   -11.72       383      146   -16.43   -20.11
   6700.0   1435   385/402    5.54    5.44    ~0.26    ~1.33   1427   -20.05      0        -      0        -      6    -7.26      2   -11.88       354      149   -18.27   -20.18
   6800.0   1457   382/402    5.34    5.37    ~0.23    ~1.29   1449   -21.03      0        -      0        -      6    -6.02      2   -13.44       391      139   -18.27   -21.24
   6900.0   1455   391/402    5.58    5.70    ~0.25    ~1.26   1447   -20.77      0        -      0        -      6    -5.22      2   -15.89       426      137   -19.10   -20.86
   7000.0   1459   388/402    5.77    5.77    ~0.23    ~1.27   1451   -20.91      0        -      0        -      6    -7.01      2   -19.02       400      138   -20.08   -20.93
   7100.0   1470   391/402    5.57    5.62    ~0.25    ~1.31   1462   -21.08      0        -      0        -      6    -7.30      2   -21.38       400      134   -19.97   -21.13
   7200.0   1466   381/402    5.64    5.47    ~0.25    ~1.28   1458   -21.14      0        -      0        -      6   -10.18      2   -23.83       452      130   -19.89   -21.21
   7300.0   1462   378/402    5.80    5.81    ~0.22    ~1.29   1454   -21.73      0        -      0        -      6   -10.73      2   -26.30       411      130   -21.08   -21.76
   7400.0   1449   385/402    5.81    5.69    ~0.23    ~1.31   1441   -21.78      0        -      0        -      6   -12.67      2   -27.00       412      123   -20.64   -21.85
   7500.0   1442   382/402    5.64    5.54    ~0.24    ~1.35   1434   -21.98      0        -      0        -      6   -13.01      2   -22.55       359      119   -20.22   -22.10
   7600.0   1461   383/402    5.61    5.68    ~0.24    ~1.34   1453   -22.39      0        -      0        -      6   -13.95      2   -20.35       391      114   -20.33   -22.52
   7700.0   1469   390/402    5.75    5.74    ~0.25    ~1.27   1460   -22.36      0        -      0        -      6   -15.45      3   -29.16       440      113   -20.62   -22.49
   7800.0   1485   386/402    5.59    5.70    ~0.24    ~1.25   1476   -22.61      0        -      0        -      6   -15.04      3   -29.04       417      109   -20.09   -22.79
   7900.0   1488   388/402    5.53    5.45    ~0.25    ~1.28   1479   -22.63      0        -      0        -      6   -14.14      3   -25.67       443      103   -18.55   -22.90
   8000.0   1491   396/402    5.58    5.64    ~0.23    ~1.23   1482   -22.48      0        -      0        -      6   -14.90      3   -25.74       427      100   -17.54   -22.81
   8100.0   1473   385/402    5.81    5.85    ~0.23    ~1.34   1464   -22.51      0        -      0        -      6   -12.66      3   -29.17       364       98   -17.80   -22.82
   8200.0   1461   394/402    5.67    5.54    ~0.24    ~1.30   1453   -22.17      0        -      0        -      6   -12.27      2   -24.85       390       96   -17.78   -22.44
   8300.0   1473   393/402    5.61    5.54    ~0.23    ~1.28   1465   -22.32      0        -      0        -      6   -21.41      2   -21.33       392       96   -18.95   -22.55
   8400.0   1455   392/402    5.68    5.72    ~0.24    ~1.27   1448   -22.17      0        -      0        -      5   -21.20      2   -21.09       393       97   -19.91   -22.33
   8500.0   1438   389/402    5.77    5.86    ~0.24    ~1.36   1430   -22.12      0        -      1   -48.50      5   -23.75      2   -24.95       355      103   -22.16   -22.14
   8600.0   1448   387/402    5.45    5.64    ~0.24    ~1.28   1440   -22.10      0        -      1   -45.70      5   -22.44      2   -37.93       365       95   -20.94   -22.22
   8700.0   1460   393/402    5.46    5.58    ~0.25    ~1.28   1452   -22.24      0        -      1   -44.47      5   -22.15      2   -42.27       407       90   -19.99   -22.43
   8800.0   1455   387/402    5.80    5.73    ~0.24    ~1.26   1447   -22.40      1   -55.47      1   -45.75      5   -23.54      1   -49.03       396       92   -21.23   -22.55
   8900.0   1457   384/402    5.57    5.87    ~0.25    ~1.28   1446   -22.18      3   -54.69      2   -44.16      5   -22.76      1   -47.58       382       90   -21.48   -22.35
   9000.0   1454   383/402    5.50    5.69    ~0.23    ~1.26   1436   -21.77      8   -54.15      2   -42.19      6   -27.42      2   -37.91       418       90   -22.00   -22.03
   9100.0   1480   389/402    5.54    5.74    ~0.24    ~1.32   1456   -21.86     15   -52.47      2   -41.08      5   -22.17      2   -37.55       409       90   -22.72   -22.18
   9200.0   1506   391/402    5.88    5.76    ~0.23    ~1.32   1477   -22.57     20   -50.76      2   -19.36      5   -24.33      2   -39.16       419       91   -23.64   -22.93
   9300.0   1512   382/402    5.58    5.68    ~0.25    ~1.25   1480   -22.72     24   -50.59      2   -17.00      5   -25.13      1   -49.29       467       90   -23.95   -23.13
   9400.0   1521   385/402    5.41    5.64    ~0.23    ~1.28   1488   -22.97     25   -49.94      2   -20.63      5   -25.18      1   -51.21       417       88   -23.15   -23.45
   9500.0   1523   386/402    5.68    5.68    ~0.24    ~1.29   1488   -23.03     26   -48.71      2   -19.23      6   -28.21      1   -53.30       434       90   -24.35   -23.45
   9600.0   1519   391/402    5.75    5.59    ~0.24    ~1.33   1485   -22.91     26   -49.28      2   -21.84      5   -25.94      1   -53.99       409       87   -24.56   -23.32
   9700.0   1522   386/402    5.53    5.70    ~0.25    ~1.28   1484   -22.74     30   -49.87      2   -22.84      5   -26.16      1   -55.78       415       85   -24.40   -23.24
   9800.0   1535   391/402    5.49    5.55    ~0.24    ~1.29   1494   -22.74     33   -49.80      2   -22.34      5   -30.92      1   -55.80       426       86   -24.71   -23.29
   9900.0   1545   390/402    5.69    5.48    ~0.24    ~1.28   1505   -22.83     33   -49.31      2   -27.91      4   -24.41      1   -56.47       448       83   -23.48   -23.42
  10000.0   1546   385/402    5.71    5.67    ~0.25    ~1.30   1507   -22.91     33   -48.26      2   -33.20      3   -21.89      1   -55.98       420       82   -22.67   -23.53
  10100.0   1546   391/402    5.67    5.59    ~0.23    ~1.27   1508   -22.72     33   -48.07      2   -34.78      3   -22.17      0        -       435       82   -22.29   -23.33
  10200.0   1550   390/402    5.64    5.56    ~0.24    ~1.28   1512   -22.73     33   -47.57      2   -33.53      3   -27.59      0        -       420       82   -22.58   -23.32
  10300.0   1545   385/402    5.48    5.71    ~0.24    ~1.28   1506   -22.47     35   -48.38      2   -28.39      2   -38.36      0        -       437       79   -23.08   -23.08
  10400.0   1561   389/402    5.72    5.69    ~0.23    ~1.31   1522   -22.53     35   -48.36      2   -28.45      2   -41.98      0        -       430       79   -23.35   -23.13
  10500.0   1563   390/402    5.65    5.51    ~0.23    ~1.33   1524   -22.60     35   -48.52      2   -26.83      2   -41.45      0        -       399       78   -24.90   -23.13
  10600.0   1578   393/402    5.53    5.65    ~0.24    ~1.30   1539   -22.92     35   -48.62      2   -23.27      2   -41.14      0        -       418       75   -25.18   -23.43
  10700.0   1583   390/402    5.59    5.52    ~0.23    ~1.33   1544   -22.95     35   -48.72      2   -25.66      2   -44.97      0        -       437       74   -25.27   -23.47
  10800.0   1587   389/402    5.67    5.56    ~0.23    ~1.33   1548   -23.00     35   -48.81      2   -23.25      2   -46.33      0        -       413       73   -24.96   -23.53
  10900.0   1593   391/402    5.58    5.57    ~0.24    ~1.27   1554   -23.08     35   -47.53      2   -26.13      2   -49.00      0        -       471       73   -24.94   -23.59
  11000.0   1593   391/402    5.50    5.52    ~0.24    ~1.31   1555   -23.13     35   -46.81      2   -27.57      1   -42.54      0        -       416       72   -24.45   -23.63
  11100.0   1585   392/402    5.57    5.73    ~0.22    ~1.30   1547   -23.05     35   -46.51      2   -32.77      1   -43.91      0        -       410       72   -24.26   -23.56
  11200.0   1577   394/402    5.70    5.84    ~0.24    ~1.34   1539   -23.14     35   -46.24      2   -33.98      1   -45.42      0        -       401       71   -24.13   -23.66
  11300.0   1580   389/402    5.60    5.56    ~0.24    ~1.34   1542   -22.98     35   -45.32      2   -32.95      1   -46.65      0        -       401       70   -23.86   -23.49
  11400.0   1591   395/402    5.70    5.63    ~0.23    ~1.30   1553   -23.14     35   -44.26      2   -34.31      1   -43.71      0        -       420       70   -23.59   -23.63
  11500.0   1587   392/402    5.70    5.70    ~0.23    ~1.30   1549   -23.40     35   -44.03      2   -38.43      1   -44.06      0        -       406       68   -24.11   -23.88
  11600.0   1583   392/402    5.56    5.76    ~0.24    ~1.30   1545   -23.46     35   -44.43      2   -39.45      1   -46.85      0        -       421       67   -23.80   -23.97
  11700.0   1583   389/402    5.59    5.52    ~0.24    ~1.32   1545   -23.43     35   -42.63      2   -34.52      1   -46.41      0        -       392       67   -22.46   -23.94
  11800.0   1585   396/402    5.61    5.60    ~0.23    ~1.31   1547   -23.59     35   -41.61      2   -34.72      1   -45.06      0        -       411       65   -21.82   -24.11
  11900.0   1586   393/402    5.66    5.77    ~0.24    ~1.27   1548   -23.73     35   -41.40      2   -31.69      1   -48.04      0        -       440       64   -21.55   -24.26
  12000.0   1570   393/402    5.60    5.71    ~0.24    ~1.32   1532   -23.71     35   -40.57      2   -30.06      1   -49.56      0        -       365       64   -21.04   -24.24
  12100.0   1574   391/402    5.58    5.59    ~0.24    ~1.31   1536   -23.86     35   -40.35      2   -29.34      1   -46.38      0        -       395       63   -20.71   -24.39
  12200.0   1580   393/402    5.61    5.65    ~0.22    ~1.33   1542   -24.38     35   -40.95      2   -33.75      1   -46.96      0        -       399       61   -20.91   -24.93
  12300.0   1571   388/402    5.57    5.63    ~0.24    ~1.30   1534   -24.58     35   -40.42      2   -38.10      0        -      0        -       399       60   -21.23   -25.10
  12400.0   1566   395/402    5.60    5.54    ~0.24    ~1.31   1529   -24.47     35   -40.08      2   -38.24      0        -      0        -       412       60   -21.45   -24.97
  12500.0   1573   390/402    5.53    5.56    ~0.23    ~1.35   1536   -24.84     35   -39.17      2   -37.33      0        -      0        -       407       58   -20.75   -25.34
  12600.0   1575   391/402    5.69    5.56    ~0.23    ~1.34   1538   -24.92     35   -38.42      2   -32.69      0        -      0        -       395       58   -20.40   -25.41
  12700.0   1567   396/402    5.58    5.68    ~0.24    ~1.29   1530   -24.89     35   -38.97      2   -33.38      0        -      0        -       438       57   -20.35   -25.40
  12800.0   1566   393/402    5.56    5.67    ~0.23    ~1.35   1529   -24.84     35   -39.27      2   -30.36      0        -      0        -       400       54   -20.41   -25.34
  12900.0   1561   388/402    5.67    5.52    ~0.23    ~1.36   1524   -24.74     35   -38.41      2   -26.68      0        -      0        -       377       54   -20.10   -25.23
  13000.0   1561   387/402    5.81    5.79    ~0.23    ~1.34   1524   -25.45     35   -37.33      2   -25.77      0        -      0        -       376       52   -21.00   -25.88
  13100.0   1529   394/402    5.67    5.56    ~0.24    ~1.38   1492   -25.03     35   -36.93      2   -25.20      0        -      0        -       374       52   -20.69   -25.46
  13200.0   1522   394/402    5.42    5.69    ~0.24    ~1.31   1485   -24.97     35   -36.18      2   -28.48      0        -      0        -       392       51   -21.17   -25.37
  13300.0   1521   392/402    5.54    5.80    ~0.24    ~1.36   1483   -24.77     36   -36.77      2   -31.36      0        -      0        -       383       51   -21.77   -25.18
  13400.0   1516   392/402    5.55    5.76    ~0.23    ~1.33   1477   -24.82     37   -36.07      2   -29.59      0        -      0        -       390       50   -21.22   -25.23
  13500.0   1497   387/402    5.34    5.67    ~0.24    ~1.34   1458   -24.67     37   -35.39      2   -28.17      0        -      0        -       384       50   -20.98   -25.08
  13600.0   1486   393/402    5.58    5.50    ~0.25    ~1.37   1447   -24.98     37   -33.65      2   -27.02      0        -      0        -       363       50   -20.28   -25.37
  13700.0   1487   388/402    5.72    5.83    ~0.24    ~1.37   1448   -25.02     37   -34.71      2   -26.09      0        -      0        -       364       50   -21.19   -25.40
  13800.0   1490   388/402    5.66    5.65    ~0.23    ~1.32   1444   -25.06     43   -37.74      2   -25.53      0        -      1   -31.18       391       50   -22.51   -25.54
  13900.0   1479   388/402    5.70    5.40    ~0.24    ~1.33   1420   -24.47     56   -40.58      2   -27.00      0        -      1   -44.66       373       49   -21.13   -25.23
  14000.0   1484   391/402    5.78    5.47    ~0.24    ~1.44   1417   -24.50     65   -41.35      2   -25.50      0        -      0        -       347       49   -20.46   -25.40
  14100.0   1501   391/402    5.86    5.80    ~0.23    ~1.36   1430   -25.28     69   -40.03      2   -28.18      0        -      0        -       358       47   -19.86   -26.16
  14200.0   1465   389/402    5.62    5.65    ~0.25    ~1.37   1392   -25.29     71   -36.77      2   -29.89      0        -      0        -       347       47   -19.21   -26.07
  14300.0   1467   390/402    5.33    5.68    ~0.23    ~1.35   1387   -25.35     78   -37.76      2   -27.42      0        -      0        -       402       47   -19.55   -26.22
  14400.0   1469   387/402    5.56    5.77    ~0.23    ~1.37   1386   -25.28     81   -37.88      2   -29.66      0        -      0        -       391       47   -18.99   -26.21
  14500.0   1478   388/402    5.71    5.77    ~0.24    ~1.39   1389   -25.36     87   -38.79      2   -31.77      0        -      0        -       369       47   -19.33   -26.38
  14600.0   1460   390/402    5.62    5.63    ~0.24    ~1.40   1355   -24.97    103   -39.83      2   -31.77      0        -      0        -       317       46   -19.12   -26.25
  14700.0   1469   388/402    5.52    5.53    ~0.24    ~1.36   1354   -25.12    113   -40.34      2   -29.16      0        -      0        -       360       45   -17.92   -26.57
  14800.0   1477   388/402    5.55    5.64    ~0.24    ~1.39   1361   -25.15    114   -40.29      2   -29.36      0        -      0        -       333       45   -17.84   -26.59
  14900.0   1483   389/402    5.67    5.61    ~0.25    ~1.34   1366   -25.46    115   -39.44      2   -28.18      0        -      0        -       377       45   -18.43   -26.80
  15000.0   1462   383/402    5.64    5.48    ~0.25    ~1.41   1344   -25.12    116   -39.40      2   -26.71      0        -      0        -       365       44   -18.70   -26.49
  15100.0   1450   389/402    5.54    5.59    ~0.23    ~1.39   1328   -24.91    120   -38.68      2   -25.14      0        -      0        -       349       43   -17.33   -26.32
  15200.0   1456   388/402    5.79    5.52    ~0.24    ~1.36   1321   -24.84    133   -39.73      2   -20.29      0        -      0        -       356       43   -17.47   -26.46
  15300.0   1454   384/402    5.79    5.63    ~0.24    ~1.37   1310   -24.92    142   -38.82      2   -14.20      0        -      0        -       325       43   -17.76   -26.53
  15400.0   1447   388/402    5.75    5.55    ~0.25    ~1.37   1300   -24.56    145   -38.42      2   -13.89      0        -      0        -       366       43   -18.08   -26.17
  15500.0   1451   389/402    5.50    5.68    ~0.25    ~1.39   1295   -24.52    154   -37.60      2   -10.80      0        -      0        -       346       43   -18.24   -26.12
  15600.0   1470   385/402    5.48    5.64    ~0.24    ~1.35   1308   -24.72    160   -37.38      2   -15.06      0        -      0        -       372       43   -18.51   -26.32
  15700.0   1469   391/402    5.61    5.62    ~0.25    ~1.36   1300   -24.46    167   -37.04      2   -16.56      0        -      0        -       353       41   -18.02   -26.11
  15800.0   1464   394/402    5.66    5.43    ~0.23    ~1.32   1286   -24.29    175   -38.33      2   -15.98      0        -      1   -45.97       359       40   -18.83   -26.17
  15900.0   1471   387/402    5.55    5.54    ~0.25    ~1.38   1288   -24.50    181   -38.21      2   -17.84      0        -      0        -       369       40   -18.53   -26.39
  16000.0   1485   391/402    5.66    5.81    ~0.23    ~1.35   1299   -25.16    185   -37.86      1   -10.49      0        -      0        -       358       39   -20.09   -26.91
  16100.0   1449   382/402    5.73    5.61    ~0.25    ~1.42   1255   -24.80    193   -37.69      1   -12.47      0        -      0        -       357       38   -20.38   -26.68
  16200.0   1452   388/402    5.66    5.57    ~0.25    ~1.34   1246   -24.95    205   -38.17      1   -14.68      0        -      0        -       385       36   -19.80   -26.99
  16300.0   1437   386/402    5.59    5.53    ~0.25    ~1.38   1230   -24.55    206   -38.26      1   -12.49      0        -      0        -       320       35   -20.17   -26.67
  16400.0   1443   386/402    5.73    5.41    ~0.25    ~1.38   1216   -23.73    226   -39.23      1   -11.46      0        -      0        -       340       35   -20.87   -26.28
  16500.0   1435   386/402    5.57    5.63    ~0.24    ~1.31   1194   -23.04    240   -39.89      1   -13.29      0        -      0        -       303       36   -21.25   -25.97
  16600.0   1437   392/402    5.49    5.53    ~0.24    ~1.34   1191   -23.50    245   -39.57      1   -10.59      0        -      0        -       359       35   -19.66   -26.39
  16700.0   1427   383/402    5.57    5.61    ~0.23    ~1.38   1177   -23.35    248   -39.52      1   -12.10      0        -      1   -35.68       352       34   -20.42   -26.30
  16800.0   1442   391/402    5.57    5.66    ~0.25    ~1.38   1188   -23.56    252   -38.93      1    -9.76      0        -      1   -36.92       353       34   -19.98   -26.40
  16900.0   1439   388/402    5.60    5.70    ~0.24    ~1.30   1170   -23.06    267   -39.47      1    -9.33      0        -      1   -36.90       362       33   -21.33   -26.22
  17000.0   1452   397/402    5.58    5.61    ~0.25    ~1.36   1177   -23.38    273   -38.95      1    -9.53      0        -      1   -36.88       347       33   -21.63   -26.41
  17100.0   1442   391/402    5.61    5.56    ~0.24    ~1.42   1152   -22.73    288   -39.28      1    -9.34      0        -      1   -37.35       354       30   -21.88   -26.13
  17200.0   1455   385/402    5.62    5.75    ~0.23    ~1.39   1161   -23.46    293   -38.92      1   -14.23      0        -      0        -       373       29   -23.56   -26.63
  17300.0   1444   391/402    5.57    5.80    ~0.24    ~1.38   1152   -23.12    291   -38.20      1   -13.87      0        -      0        -       380       27   -21.87   -26.23
  17400.0   1446   389/402    5.60    5.62    ~0.25    ~1.37   1162   -23.27    283   -37.46      1    -9.75      0        -      0        -       372       25   -19.11   -26.16
  17500.0   1466   384/402    5.67    5.75    ~0.24    ~1.35   1182   -23.42    283   -38.06      1    -8.30      0        -      0        -       376       25   -19.57   -26.35
  17600.0   1466   387/402    5.64    5.67    ~0.24    ~1.36   1183   -23.59    282   -37.85      1    -2.97      0        -      0        -       382       25   -19.80   -26.43
  17700.0   1453   386/402    5.49    5.64    ~0.24    ~1.36   1181   -23.56    271   -37.39      1    -3.91      0        -      0        -       370       24   -22.14   -26.19
  17800.0   1436   383/402    5.59    5.60    ~0.24    ~1.36   1172   -23.55    263   -36.62      1   -30.16      0        -      0        -       400       24   -23.07   -26.00
  17900.0   1448   394/402    5.61    5.65    ~0.25    ~1.35   1185   -23.96    262   -36.00      1   -31.63      0        -      0        -       316       27   -29.28   -26.09
  18000.0   1445   392/402    5.64    5.51    ~0.24    ~1.38   1187   -24.03    257   -35.76      1   -32.58      0        -      0        -       333       31   -33.40   -25.97
  18100.0   1429   392/402    5.48    5.64    ~0.24    ~1.39   1195   -23.70    233   -34.78      1   -30.70      0        -      0        -       325       31   -33.28   -25.34
  18200.0   1411   387/402    5.70    5.60    ~0.25    ~1.32   1204   -23.32    206   -32.44      1   -29.26      0        -      0        -       395       21   -25.85   -24.63
  18300.0   1431   381/402    5.67    5.74    ~0.25    ~1.32   1223   -23.64    207   -32.38      1   -31.52      0        -      0        -       401       13   -10.57   -25.04
  18400.0   1425   387/402    5.42    5.70    ~0.25    ~1.30   1222   -23.36    202   -32.78      1   -19.16      0        -      0        -       376       11    -6.90   -24.83
  18500.0   1449   386/402    5.50    5.67    ~0.24    ~1.31   1266   -23.87    182   -31.74      1   -20.63      0        -      0        -       367       10    -6.21   -24.99
  18600.0   1435   391/402    5.75    5.55    ~0.25    ~1.34   1272   -23.56    162   -30.21      1   -19.44      0        -      0        -       371       10    -6.14   -24.44
  18700.0   1409   383/402    5.72    5.72    ~0.26    ~1.27   1269   -22.89    139   -28.00      1   -22.59      0        -      0        -       377        9    -8.18   -23.49
  18800.0   1421   390/402    5.62    5.57    ~0.25    ~1.25   1297   -22.80    123   -25.70      1   -23.58      0        -      0        -       414        9    -8.26   -23.14
  18900.0   1451   386/402    5.65    5.49    ~0.23    ~1.28   1336   -22.72    114   -25.53      1   -36.27      0        -      0        -       443        9    -8.37   -23.04
  19000.0   1475   388/402    5.67    5.53    ~0.24    ~1.29   1371   -22.77    103   -26.01      1   -37.71      0        -      0        -       437        9    -7.87   -23.10
  19100.0   1498   394/402    5.76    5.70    ~0.25    ~1.22   1399   -22.92     96   -25.21      3   -40.23      0        -      0        -       479        9    -4.99   -23.21
  19200.0   1508   388/402    5.65    5.68    ~0.25    ~1.25   1422   -22.85     82   -24.64      4   -38.49      0        -      0        -       462        9    -5.28   -23.09
  19300.0   1521   394/402    5.75    5.61    ~0.23    ~1.23   1449   -22.97     68   -23.62      4   -37.09      0        -      0        -       455        8    -3.38   -23.14
  19400.0   1538   393/402    5.85    5.51    ~0.25    ~1.23   1475   -23.27     59   -23.17      4   -38.09      0        -      0        -       462        8    -4.27   -23.41
  19500.0   1543   390/402    5.51    5.71    ~0.24    ~1.24   1489   -23.16     51   -23.17      3   -34.98      0        -      0        -       469        7    -3.58   -23.28
  19600.0   1544   389/402    5.75    5.66    ~0.23    ~1.24   1493   -22.82     49   -23.79      2   -26.91      0        -      0        -       483        7    -2.41   -22.95
  19700.0   1554   394/402    5.73    5.43    ~0.23    ~1.24   1510   -22.73     42   -23.51      2   -21.98      0        -      0        -       477        7    -3.33   -22.84
  19800.0   1560   388/402    5.75    5.44    ~0.23    ~1.25   1520   -22.38     38   -23.20      2   -25.75      0        -      0        -       423        6    -4.47   -22.47
  19900.0   1564   395/402    5.79    5.52    ~0.24    ~1.21   1530   -22.26     32   -23.50      2   -27.56      0        -      0        -       512        6    -5.04   -22.36
  20000.0   1556   397/402    5.71    5.63    ~0.23    ~1.26   1528   -21.91     26   -22.40      2   -25.53      0        -      0        -       491        5    -5.26   -21.98
  20100.0   1560   393/402    5.56    5.56    ~0.24    ~1.28   1533   -21.77     25   -23.32      2   -24.62      0        -      0        -       478        5    -7.02   -21.84
  20200.0   1575   388/402    5.67    5.71    ~0.24    ~1.26   1552   -21.78     21   -23.35      2   -20.27      0        -      0        -       488        3   -10.93   -21.82
  20300.0   1569   392/402    5.59    5.63    ~0.23    ~1.27   1549   -21.69     18   -22.78      2   -21.34      0        -      0        -       474        2    -4.58   -21.72
  20400.0   1573   393/402    5.71    5.58    ~0.24    ~1.26   1553   -21.68     18   -21.93      2   -16.80      0        -      0        -       480        2    -4.81   -21.69
  20500.0   1586   397/402    5.79    5.60    ~0.24    ~1.30   1568   -21.72     16   -25.52      2   -17.50      0        -      0        -       450        1    -6.53   -21.76
  20600.0   1592   395/402    5.68    5.62    ~0.23    ~1.23   1577   -21.88     13   -29.81      2   -21.88      0        -      0        -       509        1    -6.59   -21.96
  20700.0   1597   391/402    5.56    5.76    ~0.24    ~1.22   1583   -22.10     12   -30.01      2   -23.31      0        -      0        -       507        1    -4.52   -22.17
  20800.0   1598   394/402    5.56    5.63    ~0.24    ~1.21   1583   -22.24     13   -31.01      2   -20.82      0        -      0        -       522        1    -4.15   -22.33
  20900.0   1607   390/402    5.63    5.59    ~0.23    ~1.27   1593   -22.46     12   -28.98      2   -21.52      0        -      0        -       479        1    -0.27   -22.52
  21000.0   1602   386/402    5.82    5.71    ~0.24    ~1.28   1589   -22.74     11   -28.44      2   -20.95      0        -      0        -       479        1    -0.07   -22.79
  21100.0   1592   388/402    5.68    5.58    ~0.23    ~1.29   1579   -22.54     11   -28.20      2   -21.13      0        -      0        -       473        1    -0.11   -22.59
  21200.0   1587   394/402    5.46    5.44    ~0.23    ~1.30   1574   -22.58     11   -27.87      2   -19.38      0        -      0        -       467        1    -0.13   -22.62
  21300.0   1582   386/402    5.59    5.69    ~0.24    ~1.26   1570   -22.71     10   -30.64      2   -24.03      0        -      0        -       442        1    -0.16   -22.78
  21400.0   1579   393/402    5.66    5.76    ~0.23    ~1.27   1567   -23.08     10   -33.09      2   -24.91      0        -      0        -       467        1    -0.16   -23.16
  21500.0   1581   389/402    5.59    5.54    ~0.25    ~1.30   1570   -23.29      9   -37.15      2   -26.03      0        -      0        -       447        1    -0.03   -23.39
  21600.0   1583   387/402    5.61    5.45    ~0.23    ~1.31   1572   -23.78      9   -39.00      2   -26.14      0        -      0        -       446        1    -0.13   -23.89
  21700.0   1586   391/402    5.75    5.61    ~0.24    ~1.31   1575   -23.86      9   -39.44      2   -30.07      0        -      0        -       409        1    -0.11   -23.97
  21800.0   1576   387/402    5.71    5.75    ~0.23    ~1.30   1566   -23.85      8   -42.71      2   -32.54      0        -      0        -       429        1    -0.08   -23.97
  21900.0   1579   393/402    5.51    5.71    ~0.25    ~1.25   1569   -23.78      8   -42.54      2   -41.91      0        -      0        -       432        1    -0.13   -23.92
  22000.0   1584   392/402    5.43    5.72    ~0.23    ~1.31   1574   -24.04      8   -42.26      2   -46.67      0        -      0        -       477        1    -0.12   -24.17
  22100.0   1585   395/402    5.85    5.68    ~0.24    ~1.35   1576   -24.12      8   -45.18      1   -57.58      0        -      0        -       441        1    -0.10   -24.26
  22200.0   1572   389/402    5.70    5.66    ~0.23    ~1.29   1562   -23.97      8   -46.24      2   -47.69      0        -      0        -       421        1    -0.12   -24.13
  22300.0   1593   393/402    5.53    5.55    ~0.24    ~1.33   1583   -24.34      8   -44.79      2   -44.95      0        -      0        -       455        1    -0.17   -24.48
  22400.0   1583   391/402    5.64    5.61    ~0.23    ~1.31   1573   -24.11      8   -44.22      2   -44.47      0        -      0        -       426        1    -0.19   -24.25
  22500.0   1589   391/402    5.73    5.61    ~0.23    ~1.34   1578   -24.26      8   -43.89      2   -31.66      0        -      1   -40.28       415        1    -0.04   -24.39
  22600.0   1571   394/402    5.64    5.50    ~0.23    ~1.28   1562   -24.14      8   -44.12      1   -28.27      0        -      0        -       382        1    -0.17   -24.26
  22700.0   1585   393/402    5.61    5.56    ~0.24    ~1.29   1576   -24.64      8   -44.00      1   -23.12      0        -      0        -       404        1    -0.14   -24.75
  22800.0   1584   391/402    5.59    5.78    ~0.24    ~1.29   1575   -24.64      8   -44.30      1   -24.16      0        -      0        -       431        1    -0.18   -24.76
  22900.0   1575   394/402    5.66    5.75    ~0.23    ~1.30   1566   -24.61      8   -45.06      1   -25.59      0        -      0        -       438        1    -0.04   -24.73
  23000.0   1585   394/402    5.63    5.75    ~0.24    ~1.35   1576   -24.53      8   -45.28      1   -24.02      0        -      0        -       422        1    -0.14   -24.65
  23100.0   1588   390/402    5.61    5.57    ~0.24    ~1.29   1580   -24.78      7   -47.74      1   -23.74      0        -      0        -       459        1    -0.03   -24.90
  23200.0   1558   388/402    5.78    5.68    ~0.24    ~1.31   1550   -24.57      7   -44.37      1   -27.01      0        -      0        -       425        1    -0.08   -24.67
  23300.0   1525   387/402    5.79    5.55    ~0.24    ~1.31   1517   -24.41      7   -41.79      1   -28.71      0        -      0        -       449        1    -0.04   -24.50
  23400.0   1536   383/402    5.45    5.56    ~0.24    ~1.35   1528   -24.58      7   -39.70      1   -38.12      0        -      0        -       420        0        -   -24.66
  23500.0   1543   392/402    5.46    5.79    ~0.24    ~1.31   1535   -24.65      7   -40.89      1   -51.07      0        -      0        -       414        0        -   -24.74
  23600.0   1564   387/402    5.81    5.73    ~0.23    ~1.29   1556   -24.89      7   -38.56      1   -53.71      0        -      0        -       423        0        -   -24.97
  23700.0   1556   387/402    5.76    5.85    ~0.24    ~1.34   1547   -24.83      7   -37.94      1   -50.02      0        -      1   -38.00       429        0        -   -24.92
  23800.0   1568   390/402    5.59    5.47    ~0.23    ~1.25   1559   -24.98      7   -40.39      1   -43.27      0        -      1   -32.31       430        0        -   -25.06
  23900.0   1567   391/402    5.74    5.56    ~0.23    ~1.29   1559   -25.07      6   -42.12      1   -40.18      0        -      1   -29.31       423        0        -   -25.15
  24000.0   1551   391/402    5.75    5.85    ~0.23    ~1.33   1543   -25.35      6   -42.81      1   -37.84      0        -      1   -33.78       383        0        -   -25.43
  24100.0   1535   395/402    5.47    5.75    ~0.25    ~1.35   1526   -24.94      6   -43.52      1   -37.87      0        -      2   -34.10       406        0        -   -25.03
  24200.0   1547   394/402    5.47    5.53    ~0.24    ~1.32   1540   -25.20      6   -43.74      1   -33.40      0        -      0        -       410        0        -   -25.27
  24300.0   1526   392/402    5.71    5.64    ~0.23    ~1.35   1519   -24.68      6   -43.66      1   -30.76      0        -      0        -       427        0        -   -24.76
  24400.0   1531   393/402    5.78    5.74    ~0.25    ~1.32   1524   -24.96      5   -39.16      1   -28.76      0        -      1   -29.55       411        0        -   -25.01
  24500.0   1526   389/402    5.61    5.37    ~0.23    ~1.27   1522   -24.73      4   -33.74      0        -      0        -      0        -       435        0        -   -24.75
  24600.0   1557   387/402    5.61    5.45    ~0.24    ~1.31   1553   -25.26      4   -30.64      0        -      0        -      0        -       428        0        -   -25.27
  24700.0   1553   386/402    5.87    5.67    ~0.24    ~1.32   1550   -25.22      3   -26.72      0        -      0        -      0        -       428        0        -   -25.22
  24800.0   1539   387/402    5.77    5.54    ~0.24    ~1.28   1536   -25.17      3   -29.82      0        -      0        -      0        -       425        0        -   -25.18
  24900.0   1531   392/402    5.59    5.44    ~0.23    ~1.39   1528   -24.82      3   -28.43      0        -      0        -      0        -       449        0        -   -24.83
  25000.0   1553   392/402    5.58    5.62    ~0.23    ~1.36   1550   -25.15      3   -29.58      0        -      0        -      0        -       441        0        -   -25.16
  25100.0   1556   391/402    5.74    5.73    ~0.24    ~1.31   1553   -25.52      3   -30.56      0        -      0        -      0        -       433        0        -   -25.53
  25200.0   1529   389/402    5.77    5.53    ~0.23    ~1.28   1525   -25.29      4   -34.39      0        -      0        -      0        -       399        0        -   -25.31
  25300.0   1521   388/402    5.68    5.64    ~0.24    ~1.36   1516   -24.62      5   -33.32      0        -      0        -      0        -       387        0        -   -24.65
  25400.0   1524   385/402    5.69    5.59    ~0.23    ~1.35   1519   -24.35      5   -32.95      0        -      0        -      0        -       400        0        -   -24.38
  25500.0   1510   388/402    5.83    5.56    ~0.24    ~1.30   1505   -24.40      5   -32.00      0        -      0        -      0        -       403        0        -   -24.42
  25600.0   1483   389/402    5.60    5.61    ~0.25    ~1.32   1478   -23.79      5   -30.46      0        -      0        -      0        -       384        0        -   -23.81
  25700.0   1485   392/402    5.38    5.44    ~0.24    ~1.31   1480   -23.83      5   -30.86      0        -      0        -      0        -       425        0        -   -23.85
  25800.0   1494   392/402    5.37    5.68    ~0.25    ~1.37   1489   -23.50      5   -29.45      0        -      0        -      0        -       367        0        -   -23.52
  25900.0   1505   394/402    5.78    5.73    ~0.23    ~1.34   1500   -23.22      5   -27.53      0        -      0        -      0        -       402        0        -   -23.24
  26000.0   1511   392/402    5.69    5.54    ~0.24    ~1.28   1506   -22.78      5   -28.53      0        -      0        -      0        -       429        0        -   -22.80
  26100.0   1509   393/402    5.57    5.62    ~0.23    ~1.30   1504   -22.76      5   -26.99      0        -      0        -      0        -       425        0        -   -22.78
  26200.0   1525   388/402    5.71    5.75    ~0.23    ~1.25   1520   -22.47      5   -27.53      0        -      0        -      0        -       454        0        -   -22.49
  26300.0   1532   391/402    5.62    5.85    ~0.24    ~1.36   1525   -22.71      6   -31.33      0        -      0        -      1   -20.07       396        0        -   -22.74
  26400.0   1554   392/402    5.42    5.56    ~0.25    ~1.34   1547   -23.00      6   -30.34      0        -      0        -      1   -32.92       391        0        -   -23.04
  26500.0   1576   389/402    5.60    5.30    ~0.22    ~1.34   1569   -23.86      6   -29.54      0        -      0        -      1   -50.48       447        0        -   -23.90
  26600.0   1566   389/402    5.78    5.54    ~0.23    ~1.31   1559   -23.63      6   -30.05      0        -      0        -      1   -32.98       436        0        -   -23.66
  26700.0   1557   391/402    5.86    5.55    ~0.23    ~1.28   1550   -23.43      6   -30.92      0        -      0        -      1   -27.24       457        0        -   -23.47
  26800.0   1566   390/402    5.50    5.58    ~0.24    ~1.30   1559   -23.60      6   -26.47      0        -      0        -      1   -26.69       421        0        -   -23.61
  26900.0   1574   396/402    5.42    5.67    ~0.25    ~1.24   1567   -23.86      6   -25.57      0        -      0        -      1   -24.02       455        0        -   -23.87
  27000.0   1586   390/402    5.78    5.84    ~0.24    ~1.32   1579   -24.03      6   -26.61      0        -      0        -      1   -25.62       412        0        -   -24.05
  27100.0   1588   391/402    5.69    5.79    ~0.23    ~1.29   1581   -24.32      6   -26.99      0        -      0        -      1    -8.87       439        0        -   -24.32
  27200.0   1580   388/402    5.68    5.51    ~0.22    ~1.32   1572   -24.35      7   -29.48      0        -      0        -      1    -7.46       421        0        -   -24.37
  27300.0   1583   395/402    5.81    5.63    ~0.24    ~1.34   1575   -24.35      7   -29.23      0        -      0        -      1    -4.06       384        0        -   -24.35
  27400.0   1584   394/402    5.81    5.74    ~0.23    ~1.35   1576   -24.45      7   -27.00      0        -      0        -      1    -5.36       374        0        -   -24.45
  27500.0   1581   394/402    5.61    5.58    ~0.23    ~1.31   1572   -24.51      8   -27.79      0        -      0        -      1    -6.68       391        0        -   -24.52
  27600.0   1573   393/402    5.43    5.57    ~0.24    ~1.32   1563   -24.61      8   -28.41      0        -      0        -      2   -29.80       387        0        -   -24.63
  27700.0   1569   392/402    5.63    5.72    ~0.23    ~1.29   1560   -24.53      8   -29.21      0        -      0        -      1   -22.84       423        0        -   -24.56
  27800.0   1568   397/402    5.53    5.80    ~0.23    ~1.31   1559   -24.68      8   -29.38      0        -      0        -      1   -17.26       433        0        -   -24.70
  27900.0   1561   396/402    5.46    5.67    ~0.23    ~1.32   1552   -24.36      8   -29.38      0        -      0        -      1   -12.59       435        0        -   -24.38
  28000.0   1558   392/402    5.63    5.59    ~0.24    ~1.28   1550   -24.06      7   -33.88      0        -      0        -      1    -7.57       441        0        -   -24.09
  28100.0   1568   393/402    5.72    5.70    ~0.24    ~1.30   1560   -24.02      7   -35.12      0        -      0        -      1    -9.00       463        0        -   -24.06
  28200.0   1558   392/402    5.61    5.60    ~0.23    ~1.28   1549   -23.89      8   -35.24      0        -      0        -      1   -15.62       434        0        -   -23.94
  28300.0   1566   392/402    5.49    5.55    ~0.23    ~1.28   1557   -23.93      8   -35.43      0        -      0        -      1   -14.41       462        0        -   -23.98
  28400.0   1586   394/402    5.52    5.60    ~0.25    ~1.32   1576   -24.11      9   -33.29      0        -      0        -      1   -13.30       467        0        -   -24.15
  28500.0   1597   393/402    5.64    5.72    ~0.23    ~1.26   1587   -24.23      9   -32.84      0        -      0        -      1    -3.22       500        0        -   -24.27
  28600.0   1576   392/402    5.63    5.74    ~0.23    ~1.27   1565   -23.84     10   -33.38      0        -      0        -      1    -1.51       486        0        -   -23.89
  28700.0   1577   392/402    5.52    5.48    ~0.23    ~1.26   1566   -23.70     10   -32.09      0        -      0        -      1   -18.77       473        0        -   -23.75
  28800.0   1590   396/402    5.39    5.55    ~0.25    ~1.26   1579   -23.92     10   -30.39      0        -      0        -      1   -18.74       475        0        -   -23.96
  28900.0   1591   393/402    5.97    5.58    ~0.22    ~1.29   1580   -24.09     10   -29.93      0        -      0        -      1   -23.40       464        0        -   -24.13
  29000.0   1602   395/402    5.56    5.67    ~0.25    ~1.25   1591   -24.22     10   -29.53      0        -      0        -      1   -16.85       480        0        -   -24.25
  29100.0   1605   392/402    5.52    5.70    ~0.24    ~1.29   1593   -24.12     11   -31.81      0        -      0        -      1   -13.64       464        0        -   -24.16
  29200.0   1600   390/402    5.69    5.66    ~0.23    ~1.25   1587   -23.95     11   -31.15      0        -      0        -      2   -25.53       427        0        -   -24.00
  29300.0   1602   390/402    5.69    5.52    ~0.24    ~1.27   1588   -23.61     13   -32.08      0        -      0        -      1   -18.73       436        0        -   -23.68
  29400.0   1590   390/402    5.60    5.49    ~0.25    ~1.30   1575   -23.35     13   -32.00      0        -      0        -      2   -27.59       409        0        -   -23.43
  29500.0   1591   393/402    5.64    5.57    ~0.22    ~1.30   1576   -23.34     13   -32.08      0        -      0        -      2   -37.39       387        0        -   -23.43
  29600.0   1604   393/402    5.53    5.74    ~0.23    ~1.30   1589   -23.38     14   -32.52      0        -      0        -      1   -32.61       435        0        -   -23.47
  29700.0   1620   388/402    5.55    5.50    ~0.23    ~1.29   1603   -23.55     15   -32.75      0        -      0        -      2   -35.16       445        0        -   -23.65
  29800.0   1625   387/402    5.41    5.71    ~0.24    ~1.28   1608   -23.66     15   -33.27      0        -      0        -      2   -34.41       467        0        -   -23.76
  29900.0   1633   390/402    5.59    5.64    ~0.23    ~1.20   1616   -23.81     15   -31.11      0        -      0        -      2   -31.30       523        0        -   -23.89
  30000.0   1641   396/402    5.73    5.68    ~0.23    ~1.27   1624   -24.00     15   -34.95      0        -      0        -      2   -26.14       506        0        -   -24.10

300 of 300 samples printed
