arm r38-s2 | run 2026-09-14-232617-30637fb0 | tank r=11.3 m (400 m2), 60 m deep, 4 ring(s)
columns of 1 m: 402 | lineage.jsonl: 12488 births, 95 clades

        t      n      cols    x sd    z sd     nn h    nn 3d   leaf   leaf y   stom   stom y   mixo   mixo y    jnt    jnt y  plain  plain y  clade 1m  jointed  joint y  rigid y
    100.0     40    37/402    5.03    5.30     1.25     4.05     25   -22.03     10   -22.84      0        -      4   -10.46      1   -21.57         0       23   -22.10   -19.66
    200.0     45    44/402    5.56    4.84     1.41     3.11     39   -14.32      4   -19.53      0        -      2    -1.25      0        -         0       27   -15.58   -12.13
    300.0     60    52/402    5.94    4.36     0.95     2.23     57    -9.64      0        -      0        -      3    -1.39      0        -         0       30   -12.23    -6.22
    400.0     81    72/402    5.78    4.94     0.97     1.65     78    -8.76      0        -      0        -      3    -1.09      0        -         8       33   -12.39    -5.78
    500.0    105    89/402    5.29    5.20     0.82     1.71    102    -7.38      0        -      0        -      3    -1.43      0        -        17       36   -10.47    -5.50
    600.0    138   115/402    6.42    5.02     0.80     1.49    135    -7.83      0        -      0        -      3    -1.65      0        -        33       41   -11.33    -6.16
    700.0    177   130/402    5.87    5.57     0.58     1.39    173    -8.33      0        -      0        -      4    -2.06      0        -        36       49   -11.55    -6.90
    800.0    212   154/402    5.97    5.52     0.56     1.41    208    -7.69      0        -      0        -      4    -1.60      0        -        47       54   -10.76    -6.49
    900.0    259   163/402    6.21    5.41     0.50     1.34    254    -8.44      0        -      0        -      4    -1.70      1    -7.26        68       66   -12.30    -6.97
   1000.0    297   195/402    5.90    5.71     0.45     1.43    293    -8.87      0        -      0        -      4    -1.96      0        -        62       76   -12.79    -7.40
   1100.0    345   219/402    5.27    5.81     0.49     1.32    340    -9.02      0        -      0        -      5    -3.44      0        -        86       87   -12.24    -7.82
   1200.0    396   231/402    5.13    5.56     0.42     1.35    392    -9.40      0        -      0        -      4    -6.79      0        -        99       90   -11.47    -8.76
   1300.0    438   256/402    5.85    5.94     0.41     1.34    434   -10.09      0        -      0        -      4    -6.12      0        -        84       93   -12.46    -9.41
   1400.0    475   258/402    5.51    5.51     0.39     1.33    471   -10.88      0        -      0        -      4    -6.86      0        -       102       98   -13.89   -10.05
   1500.0    512   281/402    5.37    5.12     0.40     1.37    508   -12.30      0        -      0        -      4    -5.36      0        -        85       97   -15.73   -11.43
   1600.0    553   281/402    5.70    6.14     0.39     1.33    550   -13.30      0        -      0        -      3    -3.93      0        -       110      100   -16.93   -12.44
   1700.0    586   279/402    5.92    5.18     0.35     1.33    583   -13.94      0        -      0        -      3    -2.60      0        -        93       96   -16.58   -13.35
   1800.0    620   292/402    5.31    5.12     0.33     1.34    616   -14.21      1    -1.79      0        -      3    -2.79      0        -        95       96   -16.51   -13.70
   1900.0    653   293/402    5.51    5.25     0.34     1.39    648   -14.95      1    -0.74      0        -      3    -4.12      1   -35.42        80       97   -16.69   -14.59
   2000.0    684   298/402    6.24    5.67     0.33     1.41    680   -16.16      1    -0.77      0        -      3    -5.05      0        -        90       98   -17.78   -15.81
   2100.0    715   317/402    5.50    5.40     0.34     1.36    711   -17.34      1    -1.24      0        -      3    -6.83      0        -        79      102   -19.70   -16.87
   2200.0    748   319/402    5.13    5.05     0.32     1.42    744   -19.23      1    -0.88      0        -      3   -11.18      0        -        76       98   -20.55   -18.96
   2300.0    765   332/402    5.61    5.61     0.35     1.36    761   -19.38      1    -2.78      0        -      3   -11.47      0        -        74       96   -20.30   -19.19
   2400.0    789   339/402    5.84    5.48     0.34     1.43    785   -19.60      1    -0.34      0        -      3    -6.24      0        -        81       90   -19.09   -19.58
   2500.0    808   340/402    5.54    5.54     0.33     1.47    803   -19.37      2    -0.48      0        -      3    -3.26      0        -        88       88   -18.71   -19.33
   2600.0    839   341/402    5.45    5.70     0.31     1.54    834   -19.16      2    -0.38      0        -      3    -7.51      0        -        83       91   -19.23   -19.06
   2700.0    872   345/402    5.61    5.78     0.30     1.47    867   -19.19      2    -0.36      0        -      3    -8.91      0        -        70       90   -19.42   -19.07
   2800.0    893   357/402    5.68    5.82     0.31     1.49    888   -19.99      2    -0.67      0        -      3   -11.36      0        -        87       90   -20.90   -19.81
   2900.0    914   348/402    5.47    5.66     0.32     1.42    910   -19.63      2    -0.84      0        -      2   -11.14      0        -       109       90   -21.13   -19.39
   3000.0    951   362/402    5.44    5.69     0.30     1.43    947   -19.42      2    -0.77      0        -      2   -20.14      0        -       104       88   -20.38   -19.28
   3100.0    968   360/402    5.63    5.81     0.31     1.38    964   -19.14      2    -0.81      0        -      2   -19.70      0        -       118       89   -21.37   -18.87
   3200.0   1004   370/402    5.67    5.75     0.29     1.41   1001   -19.39      2    -1.44      0        -      1   -22.33      0        -       119       91   -22.37   -19.06
   3300.0   1046   363/402    5.38    5.32     0.28     1.35   1043   -19.72      2    -1.17      0        -      1   -20.85      0        -       123       90   -22.49   -19.43
   3400.0   1078   358/402    5.46    5.22     0.28     1.37   1074   -19.94      3   -13.11      0        -      1   -26.58      0        -       117       84   -21.11   -19.83
   3500.0   1105   365/402    5.87    5.35     0.26     1.33   1101   -20.15      3   -13.79      0        -      1   -22.52      0        -       130       86   -21.42   -20.02
   3600.0   1126   358/402    5.74    5.25     0.27     1.33   1122   -19.92      3   -15.82      0        -      1   -22.18      0        -       162       84   -20.56   -19.86
   3700.0   1151   378/402    5.56    5.33     0.27     1.37   1146   -19.86      4   -13.77      0        -      1   -18.37      0        -       132       81   -19.96   -19.83
   3800.0   1172   374/402    5.58    5.53     0.28     1.31   1167   -19.85      4   -15.18      0        -      1   -20.75      0        -       136       81   -20.12   -19.81
   3900.0   1194   369/402    5.89    5.47     0.25     1.28   1189   -20.26      4   -16.72      0        -      1   -20.20      0        -       142       78   -19.74   -20.28
   4000.0   1212   380/402    5.65    5.28    ~0.25    ~1.28   1206   -20.29      5   -19.43      0        -      1   -21.41      0        -       130       73   -18.84   -20.38
   4100.0   1258   374/402    5.60    5.28    ~0.26    ~1.26   1252   -20.83      5   -17.60      0        -      1   -23.90      0        -       159       73   -19.41   -20.91
   4200.0   1278   380/402    5.82    5.47    ~0.27    ~1.28   1271   -20.63      6   -21.12      0        -      1   -33.97      0        -       161       72   -19.37   -20.72
   4300.0   1299   377/402    5.85    5.66    ~0.25    ~1.37   1291   -20.44      6   -23.23      0        -      1   -27.71      1   -19.56       165       67   -18.70   -20.56
   4400.0   1325   385/402    5.56    5.62    ~0.27    ~1.27   1316   -20.30      7   -24.66      0        -      1   -27.03      1   -17.98       170       66   -18.28   -20.44
   4500.0   1358   381/402    5.39    5.38    ~0.27    ~1.24   1349   -20.61      7   -21.41      0        -      1   -23.08      1   -13.54       189       64   -18.82   -20.70
   4600.0   1387   386/402    5.85    5.54    ~0.24    ~1.24   1378   -20.61      7   -20.97      0        -      1   -26.37      1   -15.38       190       61   -18.45   -20.71
   4700.0   1417   385/402    5.87    5.46    ~0.24    ~1.20   1405   -21.34     11   -21.92      0        -      0        -      1   -19.89       182       65   -20.55   -21.38
   4800.0   1439   388/402    5.47    5.61    ~0.24    ~1.28   1425   -21.41     13   -24.28      0        -      0        -      1   -17.36       192       65   -21.65   -21.42
   4900.0   1461   387/402    5.52    5.71    ~0.23    ~1.23   1445   -21.24     15   -25.28      0        -      0        -      1   -14.66       213       64   -21.14   -21.28
   5000.0   1487   392/402    5.67    5.70    ~0.25    ~1.22   1470   -21.14     16   -25.97      0        -      0        -      1   -19.57       211       64   -20.37   -21.23
   5100.0   1497   391/402    5.65    5.52    ~0.25    ~1.23   1480   -21.17     16   -24.34      0        -      0        -      1   -19.91       203       65   -20.51   -21.24
   5200.0   1520   389/402    5.56    5.43    ~0.23    ~1.22   1503   -21.52     16   -23.12      0        -      0        -      1   -26.95       208       63   -19.34   -21.63
   5300.0   1531   390/402    5.59    5.64    ~0.23    ~1.21   1514   -21.74     16   -21.17      0        -      0        -      1   -23.83       177       60   -19.16   -21.85
   5400.0   1541   388/402    5.58    5.66    ~0.25    ~1.23   1524   -22.11     16   -20.69      0        -      0        -      1   -30.24       215       58   -18.52   -22.24
   5500.0   1552   392/402    5.38    5.72    ~0.25    ~1.27   1534   -22.16     17   -20.96      0        -      0        -      1   -27.26       198       57   -17.99   -22.31
   5600.0   1556   390/402    5.43    5.60    ~0.23    ~1.22   1538   -22.14     17   -23.79      0        -      0        -      1   -22.05       216       58   -19.09   -22.28
   5700.0   1559   387/402    5.64    5.64    ~0.24    ~1.20   1538   -22.23     20   -26.25      0        -      0        -      1   -23.98       219       60   -20.00   -22.38
   5800.0   1570   392/402    5.63    5.77    ~0.23    ~1.26   1548   -22.73     21   -28.67      0        -      0        -      1   -32.90       205       58   -18.82   -22.97
   5900.0   1563   391/402    5.64    5.62    ~0.23    ~1.26   1539   -22.81     23   -30.59      0        -      0        -      1   -34.11       205       55   -18.34   -23.10
   6000.0   1575   392/402    5.41    5.53    ~0.24    ~1.25   1549   -23.24     25   -31.82      0        -      0        -      1   -31.25       211       55   -18.37   -23.56
   6100.0   1578   393/402    5.61    5.39    ~0.23    ~1.30   1552   -23.53     25   -32.44      0        -      0        -      1   -29.03       186       55   -19.26   -23.83
   6200.0   1568   391/402    5.87    5.60    ~0.24    ~1.29   1541   -23.66     26   -31.62      0        -      0        -      1   -24.33       194       55   -19.95   -23.93
   6300.0   1570   392/402    5.79    5.61    ~0.24    ~1.28   1543   -23.42     26   -31.44      0        -      0        -      1   -22.61       202       55   -19.79   -23.69
   6400.0   1580   392/402    5.49    5.38    ~0.23    ~1.26   1551   -23.69     28   -32.63      0        -      0        -      1   -21.23       203       54   -21.92   -23.91
   6500.0   1577   389/402    5.64    5.44    ~0.22    ~1.28   1547   -23.61     29   -32.52      0        -      0        -      1   -27.36       203       52   -21.44   -23.86
   6600.0   1566   390/402    5.65    5.52    ~0.24    ~1.30   1534   -23.45     31   -31.67      0        -      0        -      1   -19.39       194       52   -22.19   -23.66
   6700.0   1571   394/402    5.54    5.49    ~0.24    ~1.28   1532   -23.34     38   -36.24      0        -      0        -      1   -16.38       195       57   -25.89   -23.57
   6800.0   1573   394/402    5.68    5.36    ~0.24    ~1.29   1525   -23.47     47   -38.34      0        -      0        -      1   -19.31       210       60   -28.37   -23.73
   6900.0   1570   383/402    5.71    5.54    ~0.22    ~1.32   1515   -23.50     54   -39.30      0        -      0        -      1   -24.38       183       58   -29.82   -23.82
   7000.0   1577   393/402    5.58    5.56    ~0.23    ~1.30   1518   -23.70     58   -40.10      0        -      0        -      1   -28.97       213       62   -31.99   -23.99
   7100.0   1568   387/402    5.46    5.41    ~0.25    ~1.26   1504   -23.87     63   -40.38      0        -      0        -      1   -39.00       201       64   -34.81   -24.11
   7200.0   1563   393/402    5.44    5.67    ~0.24    ~1.30   1493   -23.86     69   -41.52      0        -      0        -      1   -36.10       225       59   -32.95   -24.32
   7300.0   1564   394/402    5.68    5.70    ~0.24    ~1.31   1486   -23.62     77   -43.22      0        -      0        -      1   -38.47       190       62   -34.87   -24.17
   7400.0   1572   392/402    5.51    5.75    ~0.24    ~1.32   1483   -23.59     88   -44.86      0        -      0        -      1   -40.74       178       64   -36.35   -24.30
   7500.0   1569   394/402    5.42    5.64    ~0.23    ~1.33   1468   -23.46    100   -45.93      0        -      0        -      1   -37.39       175       68   -37.19   -24.34
   7600.0   1570   389/402    5.54    5.73    ~0.23    ~1.35   1458   -23.31    111   -46.59      0        -      0        -      1   -36.22       203       73   -38.08   -24.33
   7700.0   1574   389/402    5.65    5.78    ~0.23    ~1.33   1446   -23.77    127   -46.09      0        -      0        -      1   -42.62       198       71   -37.55   -25.02
   7800.0   1573   393/402    5.52    5.64    ~0.25    ~1.29   1429   -23.33    143   -46.60      0        -      0        -      1   -45.03       211       77   -39.48   -24.74
   7900.0   1586   392/402    5.59    5.49    ~0.22    ~1.31   1426   -23.62    159   -46.25      0        -      0        -      1   -40.08       191       78   -39.47   -25.20
   8000.0   1571   389/402    5.71    5.72    ~0.23    ~1.33   1400   -23.23    171   -46.60      0        -      0        -      0        -       185       79   -39.75   -25.03
   8100.0   1575   389/402    5.72    5.65    ~0.23    ~1.34   1384   -23.38    191   -46.97      0        -      0        -      0        -       186       80   -40.68   -25.47
   8200.0   1570   388/402    5.55    5.46    ~0.24    ~1.37   1358   -23.13    212   -46.97      0        -      0        -      0        -       170       78   -41.55   -25.56
   8300.0   1591   390/402    5.53    5.52    ~0.24    ~1.26   1368   -24.02    223   -45.41      0        -      0        -      0        -       225       78   -41.24   -26.28
   8400.0   1593   388/402    5.72    5.64    ~0.23    ~1.36   1359   -23.93    234   -45.80      0        -      0        -      0        -       191       78   -41.61   -26.40
   8500.0   1591   391/402    5.67    5.70    ~0.23    ~1.30   1348   -23.80    243   -45.34      0        -      0        -      0        -       189       75   -40.88   -26.41
   8600.0   1588   386/402    5.57    5.66    ~0.24    ~1.34   1330   -23.48    258   -45.46      0        -      0        -      0        -       207       75   -40.68   -26.38
   8700.0   1594   389/402    5.64    5.60    ~0.23    ~1.32   1317   -23.55    277   -45.24      0        -      0        -      0        -       205       75   -40.53   -26.66
   8800.0   1603   391/402    5.62    5.62    ~0.24    ~1.36   1309   -23.33    294   -45.69      0        -      0        -      0        -       180       76   -41.83   -26.71
   8900.0   1598   392/402    5.60    5.63    ~0.23    ~1.35   1293   -23.29    305   -45.02      0        -      0        -      0        -       184       75   -41.46   -26.75
   9000.0   1594   390/402    5.51    5.50    ~0.24    ~1.33   1278   -23.22    316   -44.80      0        -      0        -      0        -       189       73   -41.23   -26.84
   9100.0   1598   395/402    5.82    5.50    ~0.25    ~1.33   1266   -23.19    332   -44.55      0        -      0        -      0        -       186       73   -41.13   -26.98
   9200.0   1597   387/402    5.73    5.75    ~0.23    ~1.39   1247   -22.93    350   -45.42      0        -      0        -      0        -       168       73   -41.46   -27.21
   9300.0   1600   391/402    5.55    5.63    ~0.23    ~1.37   1228   -22.64    372   -45.08      0        -      0        -      0        -       211       73   -40.72   -27.24
   9400.0   1603   390/402    5.60    5.55    ~0.24    ~1.34   1214   -23.29    389   -44.09      0        -      0        -      0        -       165       72   -39.44   -27.81
   9500.0   1611   390/402    5.76    5.55    ~0.24    ~1.31   1209   -23.36    401   -43.83      0        -      0        -      1   -51.73       179       71   -39.35   -27.97
   9600.0   1611   390/402    5.71    5.58    ~0.24    ~1.37   1204   -23.81    407   -42.11      0        -      0        -      0        -       172       69   -38.29   -27.99
   9700.0   1608   392/402    5.67    5.69    ~0.24    ~1.35   1191   -23.53    417   -41.80      0        -      0        -      0        -       173       69   -38.08   -27.82
   9800.0   1611   389/402    5.79    5.51    ~0.23    ~1.35   1182   -23.47    429   -41.31      0        -      0        -      0        -       154       65   -36.88   -27.85
   9900.0   1611   390/402    5.76    5.54    ~0.24    ~1.41   1164   -23.15    447   -41.45      0        -      0        -      0        -       167       63   -36.78   -27.88
  10000.0   1612   394/402    5.70    5.47    ~0.23    ~1.34   1156   -22.97    456   -41.51      0        -      0        -      0        -       171       62   -35.35   -27.93
  10100.0   1612   393/402    5.58    5.60    ~0.23    ~1.31   1141   -22.72    471   -41.14      0        -      0        -      0        -       178       61   -34.02   -27.87
  10200.0   1618   392/402    5.65    5.50    ~0.24    ~1.32   1133   -22.58    485   -40.83      0        -      0        -      0        -       177       60   -33.77   -27.83
  10300.0   1622   393/402    5.61    5.65    ~0.23    ~1.35   1129   -22.69    493   -40.42      0        -      0        -      0        -       156       59   -33.75   -27.86
  10400.0   1619   391/402    5.60    5.64    ~0.23    ~1.35   1116   -22.68    503   -40.04      0        -      0        -      0        -       127       56   -33.44   -27.88
  10500.0   1623   395/402    5.69    5.57    ~0.23    ~1.38   1110   -22.60    513   -39.99      0        -      0        -      0        -       146       56   -33.97   -27.89
  10600.0   1622   393/402    5.69    5.56    ~0.22    ~1.36   1107   -22.65    515   -39.76      0        -      0        -      0        -       168       55   -33.79   -27.88
  10700.0   1617   395/402    5.63    5.64    ~0.23    ~1.35   1091   -22.97    526   -39.66      0        -      0        -      0        -       166       53   -34.46   -28.20
  10800.0   1609   393/402    5.60    5.59    ~0.23    ~1.35   1076   -22.80    533   -39.00      0        -      0        -      0        -       153       51   -34.77   -27.95
  10900.0   1606   390/402    5.75    5.58    ~0.23    ~1.39   1063   -22.81    543   -38.54      0        -      0        -      0        -       151       50   -34.13   -27.94
  11000.0   1613   396/402    5.60    5.62    ~0.23    ~1.41   1056   -22.49    557   -38.67      0        -      0        -      0        -       135       49   -32.66   -27.94
  11100.0   1612   393/402    5.60    5.64    ~0.23    ~1.32   1049   -22.24    563   -38.22      0        -      0        -      0        -       135       47   -31.05   -27.73
  11200.0   1610   393/402    5.67    5.56    ~0.23    ~1.37   1041   -22.23    569   -38.00      0        -      0        -      0        -       127       47   -31.52   -27.69
  11300.0   1605   390/402    5.61    5.54    ~0.23    ~1.31   1034   -22.69    571   -37.53      0        -      0        -      0        -       154       44   -31.66   -27.86
  11400.0   1610   393/402    5.57    5.61    ~0.24    ~1.33   1035   -23.00    575   -37.20      0        -      0        -      0        -       158       41   -30.92   -28.00
  11500.0   1597   389/402    5.65    5.69    ~0.23    ~1.33   1019   -22.89    578   -36.78      0        -      0        -      0        -       160       39   -30.08   -27.86
  11600.0   1608   393/402    5.71    5.59    ~0.23    ~1.35   1017   -22.88    591   -36.96      0        -      0        -      0        -       159       39   -29.64   -28.02
  11700.0   1615   394/402    5.71    5.43    ~0.23    ~1.37   1019   -23.06    596   -36.56      0        -      0        -      0        -       159       39   -29.31   -28.01
  11800.0   1616   391/402    5.69    5.40    ~0.22    ~1.35   1017   -23.30    599   -35.82      0        -      0        -      0        -       190       39   -29.52   -27.90
  11900.0   1606   394/402    5.59    5.60    ~0.25    ~1.37   1009   -23.48    597   -34.41      0        -      0        -      0        -       178       39   -28.36   -27.52
  12000.0   1594   392/402    5.60    5.37    ~0.25    ~1.33   1002   -23.37    592   -34.03      0        -      0        -      0        -       188       38   -27.22   -27.34
  12100.0   1591   389/402    5.56    5.49    ~0.22    ~1.34   1003   -23.48    588   -34.18      0        -      0        -      0        -       153       37   -25.34   -27.49
  12200.0   1596   383/402    5.63    5.72    ~0.23    ~1.33   1015   -23.72    581   -33.94      0        -      0        -      0        -       174       37   -25.66   -27.49
  12300.0   1583   391/402    5.66    5.60    ~0.24    ~1.39   1012   -23.64    571   -33.64      0        -      0        -      0        -       164       36   -26.00   -27.27
  12400.0   1566   387/402    5.60    5.45    ~0.23    ~1.34   1002   -23.37    563   -33.29      0        -      0        -      1   -51.51       145       35   -23.49   -27.03
  12500.0   1562   389/402    5.45    5.47    ~0.23    ~1.32   1002   -23.57    560   -32.91      0        -      0        -      0        -       131       37   -23.70   -27.00
  12600.0   1553   396/402    5.62    5.62    ~0.25    ~1.37    997   -23.36    556   -32.34      0        -      0        -      0        -       167       38   -25.70   -26.60
  12700.0   1547   392/402    5.66    5.65    ~0.24    ~1.31   1008   -23.54    539   -31.72      0        -      0        -      0        -       162       32   -21.73   -26.49
  12800.0   1547   385/402    5.52    5.53    ~0.24    ~1.32   1026   -23.91    521   -31.16      0        -      0        -      0        -       164       30   -18.48   -26.51
  12900.0   1530   389/402    5.58    5.51    ~0.24    ~1.35   1035   -23.81    495   -30.53      0        -      0        -      0        -       119       28   -16.90   -26.16
  13000.0   1528   391/402    5.61    5.54    ~0.24    ~1.35   1045   -23.85    483   -29.97      0        -      0        -      0        -       156       30   -20.10   -25.90
  13100.0   1527   391/402    5.59    5.45    ~0.24    ~1.31   1065   -24.13    462   -28.88      0        -      0        -      0        -       163       31   -21.12   -25.66
  13200.0   1530   388/402    5.57    5.39    ~0.23    ~1.29   1082   -24.66    448   -28.40      0        -      0        -      0        -       157       27   -22.64   -25.81
  13300.0   1522   390/402    5.70    5.67    ~0.25    ~1.29   1099   -24.64    423   -28.04      0        -      0        -      0        -       180       23   -20.32   -25.66
  13400.0   1534   392/402    5.66    5.75    ~0.24    ~1.26   1129   -25.14    405   -28.01      0        -      0        -      0        -       187       17   -17.72   -25.99
  13500.0   1535   391/402    5.68    5.62    ~0.24    ~1.26   1153   -25.18    382   -27.35      0        -      0        -      0        -       207       14   -17.02   -25.80
  13600.0   1546   383/402    5.44    5.65    ~0.24    ~1.26   1182   -25.23    364   -26.68      0        -      0        -      0        -       209       14   -18.47   -25.64
  13700.0   1548   394/402    5.72    5.66    ~0.23    ~1.30   1201   -25.36    347   -26.00      0        -      0        -      0        -       211       13   -16.44   -25.58
  13800.0   1524   387/402    5.58    5.56    ~0.23    ~1.26   1192   -24.99    331   -25.74      0        -      0        -      1   -35.86       178       13   -17.37   -25.23
  13900.0   1529   388/402    5.38    5.53    ~0.23    ~1.32   1206   -24.96    323   -25.80      0        -      0        -      0        -       214       13   -17.75   -25.20
  14000.0   1551   393/402    5.64    5.56    ~0.24    ~1.24   1236   -24.91    315   -25.82      0        -      0        -      0        -       223       13   -18.40   -25.15
  14100.0   1551   389/402    5.37    5.73    ~0.23    ~1.26   1255   -24.71    296   -25.54      0        -      0        -      0        -       215       12   -18.69   -24.91
  14200.0   1560   386/402    5.39    5.53    ~0.24    ~1.29   1283   -24.44    277   -25.06      0        -      0        -      0        -       217       10   -18.98   -24.58
  14300.0   1570   392/402    5.51    5.46    ~0.25    ~1.26   1308   -24.32    262   -24.95      0        -      0        -      0        -       232       11   -21.07   -24.45
  14400.0   1560   392/402    5.63    5.52    ~0.24    ~1.28   1320   -24.18    240   -25.24      0        -      0        -      0        -       212       11   -23.03   -24.35
  14500.0   1582   398/402    5.58    5.57    ~0.23    ~1.28   1348   -23.96    234   -25.25      0        -      0        -      0        -       203       10   -23.10   -24.15
  14600.0   1578   395/402    5.69    5.57    ~0.24    ~1.28   1367   -23.72    211   -25.60      0        -      0        -      0        -       207       10   -24.52   -23.97
  14700.0   1576   393/402    5.66    5.58    ~0.24    ~1.19   1383   -23.37    193   -25.60      0        -      0        -      0        -       227        8   -23.52   -23.65
  14800.0   1578   392/402    5.60    5.50    ~0.24    ~1.24   1401   -23.34    177   -24.85      0        -      0        -      0        -       234        8   -23.46   -23.51
  14900.0   1578   389/402    5.59    5.56    ~0.23    ~1.26   1411   -22.83    167   -24.50      0        -      0        -      0        -       232        7   -18.49   -23.03
  15000.0   1569   391/402    5.66    5.62    ~0.24    ~1.26   1423   -22.75    146   -24.53      0        -      0        -      0        -       224        8   -27.80   -22.89
  15100.0   1570   393/402    5.46    5.51    ~0.24    ~1.25   1440   -22.58    130   -24.56      0        -      0        -      0        -       238        5   -24.89   -22.74
  15200.0   1577   389/402    5.51    5.62    ~0.24    ~1.24   1461   -22.73    116   -24.36      0        -      0        -      0        -       232        5   -25.20   -22.84
  15300.0   1579   393/402    5.72    5.60    ~0.23    ~1.19   1474   -23.05    105   -24.52      0        -      0        -      0        -       258        4   -16.86   -23.16
  15400.0   1583   386/402    5.57    5.69    ~0.23    ~1.25   1487   -22.99     96   -23.21      0        -      0        -      0        -       261        4   -23.20   -23.00
  15500.0   1571   395/402    5.36    5.43    ~0.24    ~1.25   1482   -22.89     89   -23.12      0        -      0        -      0        -       262        4   -19.90   -22.91
  15600.0   1563   391/402    5.67    5.56    ~0.24    ~1.26   1489   -22.97     74   -21.91      0        -      0        -      0        -       255        4   -17.48   -22.93
  15700.0   1560   385/402    5.84    5.52    ~0.23    ~1.27   1493   -23.73     67   -23.30      0        -      0        -      0        -       248        4   -20.01   -23.72
  15800.0   1565   385/402    5.47    5.41    ~0.25    ~1.31   1504   -23.83     61   -23.00      0        -      0        -      0        -       230        4   -18.19   -23.81
  15900.0   1577   390/402    5.52    5.27    ~0.24    ~1.30   1519   -24.17     58   -23.11      0        -      0        -      0        -       231        4   -18.02   -24.14
  16000.0   1566   395/402    5.49    5.50    ~0.23    ~1.28   1510   -24.02     56   -22.95      0        -      0        -      0        -       232        4   -17.85   -24.00
  16100.0   1566   390/402    5.75    5.47    ~0.24    ~1.24   1516   -23.97     50   -22.61      0        -      0        -      0        -       249        4   -17.90   -23.94
  16200.0   1553   394/402    5.47    5.44    ~0.23    ~1.29   1508   -24.17     45   -25.16      0        -      0        -      0        -       241        4   -21.98   -24.20
  16300.0   1559   387/402    5.43    5.47    ~0.23    ~1.27   1517   -24.42     42   -26.92      0        -      0        -      0        -       233        4   -22.86   -24.50
  16400.0   1563   387/402    5.56    5.55    ~0.22    ~1.29   1525   -24.38     38   -28.19      0        -      0        -      0        -       227        4   -24.94   -24.48
  16500.0   1563   388/402    5.53    5.74    ~0.22    ~1.27   1527   -24.36     36   -27.37      0        -      0        -      0        -       252        7   -31.24   -24.40
  16600.0   1576   387/402    5.52    5.45    ~0.23    ~1.31   1543   -24.56     33   -28.25      0        -      0        -      0        -       252        5   -25.11   -24.63
  16700.0   1567   386/402    5.52    5.55    ~0.25    ~1.34   1536   -24.99     31   -27.11      0        -      0        -      0        -       204        5   -24.33   -25.03
  16800.0   1565   389/402    5.71    5.70    ~0.24    ~1.33   1535   -25.40     30   -28.79      0        -      0        -      0        -       208        3   -18.25   -25.48
  16900.0   1554   387/402    5.65    5.50    ~0.23    ~1.38   1526   -25.24     28   -27.25      0        -      0        -      0        -       231        3   -19.05   -25.29
  17000.0   1564   391/402    5.55    5.49    ~0.24    ~1.35   1540   -25.70     24   -26.37      0        -      0        -      0        -       239        2    -4.77   -25.74
  17100.0   1569   394/402    5.79    5.57    ~0.24    ~1.30   1549   -25.69     20   -27.07      0        -      0        -      0        -       245        2    -6.25   -25.73
  17200.0   1557   391/402    5.65    5.56    ~0.24    ~1.33   1538   -25.66     19   -25.90      0        -      0        -      0        -       277        2    -5.99   -25.69
  17300.0   1539   390/402    5.56    5.53    ~0.24    ~1.34   1523   -25.49     16   -26.11      0        -      0        -      0        -       295        2    -5.28   -25.53
  17400.0   1552   388/402    5.55    5.53    ~0.24    ~1.36   1538   -25.71     14   -29.53      0        -      0        -      0        -       275        2    -4.76   -25.77
  17500.0   1548   392/402    5.67    5.67    ~0.24    ~1.32   1534   -25.62     14   -23.75      0        -      0        -      0        -       252        2    -5.23   -25.63
  17600.0   1541   390/402    5.76    5.59    ~0.23    ~1.33   1529   -25.66     12   -20.82      0        -      0        -      0        -       236        2    -5.03   -25.65
  17700.0   1542   386/402    5.47    5.53    ~0.24    ~1.36   1531   -25.59     11   -19.35      0        -      0        -      0        -       247        2    -3.28   -25.57
  17800.0   1550   389/402    5.51    5.47    ~0.24    ~1.29   1540   -25.87     10   -20.05      0        -      0        -      0        -       294        2    -3.36   -25.86
  17900.0   1532   389/402    5.72    5.66    ~0.24    ~1.31   1522   -25.43     10   -22.44      0        -      0        -      0        -       236        2    -3.85   -25.44
  18000.0   1537   391/402    5.55    5.85    ~0.23    ~1.39   1527   -25.43     10   -23.31      0        -      0        -      0        -       252        2    -3.38   -25.45
  18100.0   1552   388/402    5.33    5.50    ~0.21    ~1.32   1540   -25.55     10   -21.00      0        -      0        -      2   -37.55       267        2    -4.56   -25.57
  18200.0   1565   388/402    5.47    5.33    ~0.22    ~1.37   1557   -25.65      8   -22.34      0        -      0        -      0        -       241        2    -5.21   -25.66
  18300.0   1547   388/402    5.68    5.55    ~0.22    ~1.32   1539   -25.39      8   -22.57      0        -      0        -      0        -       241        2    -6.26   -25.40
  18400.0   1529   393/402    5.60    5.74    ~0.23    ~1.33   1521   -25.07      8   -22.07      0        -      0        -      0        -       239        2   -11.53   -25.07
  18500.0   1536   388/402    5.36    5.64    ~0.25    ~1.36   1529   -24.82      7   -18.49      0        -      0        -      0        -       240        2   -13.85   -24.81
  18600.0   1562   391/402    5.40    5.74    ~0.23    ~1.31   1555   -24.80      7   -18.91      0        -      0        -      0        -       289        2   -15.77   -24.78
  18700.0   1564   387/402    5.80    5.80    ~0.23    ~1.32   1557   -25.36      7   -18.79      0        -      0        -      0        -       257        2   -11.09   -25.35
  18800.0   1552   391/402    5.56    5.52    ~0.24    ~1.37   1546   -24.99      6   -19.88      0        -      0        -      0        -       261        2   -11.68   -24.98
  18900.0   1561   387/402    5.31    5.48    ~0.23    ~1.29   1555   -25.79      6   -20.66      0        -      0        -      0        -       245        2   -11.81   -25.79
  19000.0   1565   389/402    5.75    5.73    ~0.23    ~1.31   1560   -25.77      5   -16.32      0        -      0        -      0        -       269        2   -11.07   -25.75
  19100.0   1547   390/402    5.68    5.75    ~0.23    ~1.32   1541   -25.81      5   -15.73      0        -      0        -      1   -36.83       287        2   -10.93   -25.81
  19200.0   1530   390/402    5.63    5.46    ~0.23    ~1.30   1525   -25.53      4   -16.12      0        -      0        -      1   -34.69       279        2   -10.47   -25.53
  19300.0   1554   392/402    5.64    5.68    ~0.23    ~1.30   1549   -25.44      4   -17.51      0        -      0        -      1   -33.40       285        2   -10.61   -25.44
  19400.0   1577   390/402    5.57    5.80    ~0.23    ~1.33   1573   -26.02      3   -19.51      0        -      0        -      1   -38.52       279        2   -11.08   -26.04
  19500.0   1565   391/402    5.49    5.72    ~0.23    ~1.29   1561   -25.82      3   -20.81      0        -      0        -      1   -23.18       265        2   -10.30   -25.83
  19600.0   1539   393/402    5.52    5.44    ~0.24    ~1.28   1535   -25.34      3   -17.58      0        -      0        -      1   -23.86       269        2   -11.89   -25.35
  19700.0   1546   389/402    5.68    5.51    ~0.25    ~1.34   1543   -25.33      2   -23.09      0        -      0        -      1   -23.21       298        2   -14.10   -25.34
  19800.0   1532   388/402    5.80    5.66    ~0.23    ~1.30   1530   -25.33      1   -34.43      0        -      0        -      1   -24.05       296        2   -11.23   -25.35
  19900.0   1524   389/402    5.63    5.76    ~0.24    ~1.32   1522   -25.09      1   -36.93      0        -      0        -      1   -26.00       265        2   -11.55   -25.12
  20000.0   1532   382/402    5.35    5.63    ~0.23    ~1.34   1530   -25.30      1   -35.70      0        -      0        -      1   -46.12       307        2   -11.93   -25.34
  20100.0   1534   386/402    5.62    5.70    ~0.24    ~1.32   1532   -24.95      1   -35.81      0        -      0        -      1   -48.36       324        2   -10.53   -25.00
  20200.0   1538   384/402    5.76    5.72    ~0.23    ~1.35   1537   -24.92      1   -32.93      0        -      0        -      0        -       287        2    -9.68   -24.95
  20300.0   1535   394/402    5.58    5.48    ~0.23    ~1.32   1534   -24.70      1   -28.66      0        -      0        -      0        -       302        2   -11.22   -24.72
  20400.0   1549   391/402    5.45    5.50    ~0.23    ~1.33   1548   -24.89      1   -23.87      0        -      0        -      0        -       296        2   -10.42   -24.91
  20500.0   1546   389/402    5.72    5.66    ~0.23    ~1.34   1545   -24.60      1   -23.59      0        -      0        -      0        -       299        2    -9.98   -24.62
  20600.0   1549   388/402    5.65    5.77    ~0.24    ~1.30   1548   -24.85      1   -28.29      0        -      0        -      0        -       290        2   -11.18   -24.87
  20700.0   1549   381/402    5.47    5.20    ~0.24    ~1.35   1548   -24.89      1   -25.50      0        -      0        -      0        -       274        2   -13.71   -24.91
  20800.0   1567   387/402    5.67    5.63    ~0.22    ~1.34   1566   -25.21      1   -27.07      0        -      0        -      0        -       291        2   -18.68   -25.22
  20900.0   1572   391/402    5.57    5.84    ~0.23    ~1.30   1571   -25.16      1   -24.71      0        -      0        -      0        -       284        2   -21.69   -25.16
  21000.0   1572   393/402    5.50    5.62    ~0.23    ~1.31   1571   -24.86      1   -28.09      0        -      0        -      0        -       277        2   -21.24   -24.87
  21100.0   1574   388/402    5.35    5.51    ~0.22    ~1.28   1573   -25.21      1   -25.44      0        -      0        -      0        -       265        3   -32.33   -25.19
  21200.0   1587   393/402    5.68    5.49    ~0.23    ~1.30   1586   -25.30      1   -35.11      0        -      0        -      0        -       284        3   -36.91   -25.29
  21300.0   1599   393/402    5.71    5.57    ~0.23    ~1.39   1597   -25.85      1   -39.23      0        -      0        -      1   -32.45       318        2   -32.16   -25.86
  21400.0   1611   388/402    5.80    5.64    ~0.23    ~1.28   1610   -25.73      1   -38.74      0        -      0        -      0        -       311        2   -32.42   -25.73
  21500.0   1606   394/402    5.70    5.51    ~0.24    ~1.30   1604   -25.25      1   -37.21      0        -      0        -      1   -31.85       285        2   -32.06   -25.26
  21600.0   1610   393/402    5.64    5.57    ~0.24    ~1.26   1609   -25.44      1   -37.73      0        -      0        -      0        -       325        2   -31.09   -25.44
  21700.0   1604   396/402    5.66    5.70    ~0.24    ~1.31   1603   -25.73      1   -42.36      0        -      0        -      0        -       331        2   -28.00   -25.74
  21800.0   1581   392/402    5.62    5.54    ~0.24    ~1.27   1580   -25.57      1   -42.89      0        -      0        -      0        -       318        2   -29.07   -25.58
  21900.0   1583   389/402    5.61    5.43    ~0.23    ~1.31   1582   -25.61      1   -39.20      0        -      0        -      0        -       344        1   -17.80   -25.62
  22000.0   1582   392/402    5.72    5.61    ~0.22    ~1.32   1581   -25.61      1   -40.52      0        -      0        -      0        -       281        1   -15.01   -25.63
  22100.0   1584   394/402    5.69    5.59    ~0.23    ~1.34   1583   -25.51      1   -42.44      0        -      0        -      0        -       302        1   -19.58   -25.53
  22200.0   1580   391/402    5.67    5.52    ~0.24    ~1.31   1579   -25.38      1   -41.83      0        -      0        -      0        -       343        1   -20.91   -25.40
  22300.0   1574   392/402    5.64    5.53    ~0.24    ~1.30   1573   -25.00      1   -38.08      0        -      0        -      0        -       339        1   -14.63   -25.02
  22400.0   1579   394/402    5.67    5.65    ~0.23    ~1.29   1578   -25.12      1   -38.39      0        -      0        -      0        -       327        1   -12.67   -25.14
  22500.0   1577   391/402    5.72    5.56    ~0.24    ~1.31   1576   -25.10      1   -38.78      0        -      0        -      0        -       322        1   -18.66   -25.12
  22600.0   1569   384/402    5.45    5.58    ~0.24    ~1.28   1568   -24.86      1   -36.93      0        -      0        -      0        -       314        1   -21.14   -24.87
  22700.0   1564   391/402    5.47    5.80    ~0.24    ~1.27   1563   -24.65      1   -36.06      0        -      0        -      0        -       325        1   -21.32   -24.66
  22800.0   1564   388/402    5.64    5.92    ~0.23    ~1.25   1564   -24.67      0        -      0        -      0        -      0        -       316        1   -10.77   -24.68
  22900.0   1568   386/402    5.55    5.77    ~0.23    ~1.28   1568   -24.94      0        -      0        -      0        -      0        -       340        1    -6.74   -24.96
  23000.0   1559   388/402    5.41    5.48    ~0.23    ~1.26   1559   -25.05      0        -      0        -      0        -      0        -       351        1   -23.71   -25.05
  23100.0   1563   393/402    5.71    5.48    ~0.24    ~1.29   1563   -24.94      0        -      0        -      0        -      0        -       333        1   -36.07   -24.94
  23200.0   1571   388/402    5.57    5.62    ~0.22    ~1.30   1571   -24.71      0        -      0        -      0        -      0        -       344        1   -37.18   -24.70
  23300.0   1576   394/402    5.45    5.56    ~0.23    ~1.29   1576   -24.28      0        -      0        -      0        -      0        -       344        1   -37.40   -24.27
  23400.0   1582   390/402    5.66    5.39    ~0.23    ~1.32   1582   -24.27      0        -      0        -      0        -      0        -       321        1   -42.72   -24.26
  23500.0   1599   386/402    5.79    5.68    ~0.23    ~1.26   1598   -24.41      0        -      0        -      0        -      1   -31.64       371        1   -43.53   -24.40
  23600.0   1599   389/402    5.78    5.72    ~0.22    ~1.26   1599   -24.74      0        -      0        -      0        -      0        -       333        1   -45.02   -24.73
  23700.0   1599   390/402    5.51    5.66    ~0.24    ~1.25   1599   -24.56      0        -      0        -      0        -      0        -       353        1   -44.58   -24.54
  23800.0   1602   391/402    5.63    5.63    ~0.22    ~1.24   1602   -24.41      0        -      0        -      0        -      0        -       345        1   -44.65   -24.40
  23900.0   1605   387/402    5.70    5.68    ~0.23    ~1.21   1604   -24.33      1   -38.14      0        -      0        -      0        -       366        1   -42.65   -24.32
  24000.0   1594   389/402    5.65    5.47    ~0.24    ~1.23   1593   -23.95      1   -26.71      0        -      0        -      0        -       300        1   -42.08   -23.94
  24100.0   1601   391/402    5.47    5.61    ~0.24    ~1.30   1600   -23.93      1   -27.25      0        -      0        -      0        -       319        0        -   -23.94
  24200.0   1614   393/402    5.59    5.51    ~0.23    ~1.27   1613   -23.66      1   -25.74      0        -      0        -      0        -       325        0        -   -23.66
  24300.0   1620   391/402    5.56    5.48    ~0.23    ~1.27   1619   -23.47      1   -24.63      0        -      0        -      0        -       355        0        -   -23.47
  24400.0   1628   396/402    5.70    5.70    ~0.24    ~1.28   1627   -23.47      1   -28.91      0        -      0        -      0        -       330        0        -   -23.47
  24500.0   1627   388/402    5.61    5.65    ~0.23    ~1.27   1626   -23.43      1   -27.92      0        -      0        -      0        -       357        0        -   -23.43
  24600.0   1632   391/402    5.60    5.46    ~0.22    ~1.25   1631   -23.47      1   -23.28      0        -      0        -      0        -       341        0        -   -23.47
  24700.0   1637   390/402    5.68    5.58    ~0.23    ~1.29   1636   -23.30      1   -14.52      0        -      0        -      0        -       309        0        -   -23.30
  24800.0   1634   394/402    5.73    5.71    ~0.23    ~1.26   1633   -23.54      1   -13.89      0        -      0        -      0        -       343        0        -   -23.54
  24900.0   1625   385/402    5.52    5.60    ~0.23    ~1.30   1624   -23.67      1   -10.22      0        -      0        -      0        -       355        0        -   -23.66
  25000.0   1631   397/402    5.58    5.55    ~0.23    ~1.23   1630   -23.79      1   -10.24      0        -      0        -      0        -       346        0        -   -23.78
  25100.0   1639   396/402    5.55    5.63    ~0.22    ~1.21   1638   -23.62      1   -10.62      0        -      0        -      0        -       346        0        -   -23.61
  25200.0   1643   395/402    5.78    5.61    ~0.24    ~1.27   1642   -23.47      1   -10.30      0        -      0        -      0        -       336        0        -   -23.46
  25300.0   1643   397/402    5.60    5.59    ~0.23    ~1.26   1641   -23.00      1    -8.67      0        -      0        -      1   -45.29       336        0        -   -23.01
  25400.0   1626   398/402    5.47    5.53    ~0.24    ~1.25   1625   -23.11      1    -9.19      0        -      0        -      0        -       306        0        -   -23.10
  25500.0   1622   393/402    5.68    5.76    ~0.22    ~1.27   1621   -23.28      1    -8.61      0        -      0        -      0        -       323        0        -   -23.27
  25600.0   1614   388/402    5.60    5.71    ~0.22    ~1.33   1613   -23.29      1    -9.79      0        -      0        -      0        -       300        0        -   -23.28
  25700.0   1617   385/402    5.42    5.46    ~0.23    ~1.26   1615   -23.38      1   -10.10      0        -      0        -      1   -39.21       326        0        -   -23.38
  25800.0   1617   392/402    5.51    5.64    ~0.25    ~1.25   1616   -23.49      1    -9.98      0        -      0        -      0        -       331        0        -   -23.49
  25900.0   1616   389/402    5.70    5.72    ~0.24    ~1.25   1615   -23.87      1   -12.29      0        -      0        -      0        -       312        0        -   -23.87
  26000.0   1607   392/402    5.68    5.57    ~0.24    ~1.28   1606   -23.95      1   -11.26      0        -      0        -      0        -       330        0        -   -23.94
  26100.0   1622   392/402    5.44    5.46    ~0.24    ~1.35   1621   -24.43      1   -10.19      0        -      0        -      0        -       339        0        -   -24.43
  26200.0   1606   394/402    5.71    5.61    ~0.24    ~1.29   1605   -24.39      1   -12.12      0        -      0        -      0        -       307        0        -   -24.38
  26300.0   1608   393/402    5.80    5.71    ~0.22    ~1.32   1607   -24.76      1   -14.59      0        -      0        -      0        -       331        0        -   -24.76
  26400.0   1591   391/402    5.56    5.65    ~0.23    ~1.31   1590   -24.39      1   -21.00      0        -      0        -      0        -       322        0        -   -24.39
  26500.0   1592   390/402    5.50    5.61    ~0.23    ~1.32   1591   -24.53      1   -25.24      0        -      0        -      0        -       305        0        -   -24.53
  26600.0   1590   395/402    5.56    5.72    ~0.23    ~1.27   1589   -24.70      1   -28.54      0        -      0        -      0        -       324        0        -   -24.70
  26700.0   1575   391/402    5.61    5.77    ~0.24    ~1.28   1573   -24.97      2   -39.47      0        -      0        -      0        -       308        0        -   -24.99
  26800.0   1578   388/402    5.54    5.43    ~0.24    ~1.33   1576   -25.05      2   -37.32      0        -      0        -      0        -       306        0        -   -25.06
  26900.0   1583   385/402    5.64    5.47    ~0.22    ~1.31   1581   -25.42      2   -35.13      0        -      0        -      0        -       285        0        -   -25.43
  27000.0   1582   389/402    5.75    5.74    ~0.21    ~1.31   1580   -25.55      2   -34.58      0        -      0        -      0        -       291        0        -   -25.56
  27100.0   1557   390/402    5.67    5.67    ~0.22    ~1.34   1553   -25.27      4   -41.02      0        -      0        -      0        -       306        0        -   -25.31
  27200.0   1566   389/402    5.32    5.48    ~0.23    ~1.33   1561   -26.03      5   -40.00      0        -      0        -      0        -       297        0        -   -26.07
  27300.0   1557   390/402    5.51    5.52    ~0.24    ~1.31   1552   -26.19      5   -37.82      0        -      0        -      0        -       320        0        -   -26.23
  27400.0   1569   392/402    5.73    5.62    ~0.25    ~1.35   1564   -26.46      5   -36.88      0        -      0        -      0        -       282        0        -   -26.49
  27500.0   1548   394/402    5.58    5.60    ~0.25    ~1.35   1541   -26.21      7   -38.51      0        -      0        -      0        -       302        0        -   -26.27
  27600.0   1531   388/402    5.52    5.48    ~0.25    ~1.34   1524   -25.87      7   -36.46      0        -      0        -      0        -       307        0        -   -25.92
  27700.0   1528   394/402    5.52    5.54    ~0.25    ~1.31   1516   -25.47     12   -36.91      0        -      0        -      0        -       313        0        -   -25.56
  27800.0   1529   388/402    5.76    5.68    ~0.24    ~1.28   1516   -25.26     13   -35.92      0        -      0        -      0        -       304        0        -   -25.35
  27900.0   1522   389/402    5.58    5.55    ~0.25    ~1.29   1508   -24.84     14   -37.82      0        -      0        -      0        -       315        0        -   -24.96
  28000.0   1563   388/402    5.34    5.59    ~0.24    ~1.34   1541   -25.57     22   -39.41      0        -      0        -      0        -       290        0        -   -25.77
  28100.0   1565   388/402    5.58    5.72    ~0.23    ~1.32   1541   -25.21     24   -40.49      0        -      0        -      0        -       311        0        -   -25.44
  28200.0   1568   390/402    5.70    5.74    ~0.24    ~1.33   1537   -25.25     31   -42.78      0        -      0        -      0        -       318        0        -   -25.60
  28300.0   1590   393/402    5.65    5.54    ~0.23    ~1.37   1551   -25.32     39   -42.78      0        -      0        -      0        -       293        0        -   -25.75
  28400.0   1572   390/402    5.57    5.50    ~0.23    ~1.33   1528   -25.29     44   -42.84      0        -      0        -      0        -       301        0        -   -25.78
  28500.0   1568   392/402    5.79    5.67    ~0.24    ~1.35   1508   -25.50     60   -40.90      0        -      0        -      0        -       292        0        -   -26.09
  28600.0   1555   392/402    5.61    5.59    ~0.23    ~1.34   1484   -25.60     71   -40.11      0        -      0        -      0        -       265        0        -   -26.27
  28700.0   1558   387/402    5.38    5.42    ~0.23    ~1.31   1467   -25.79     91   -41.97      0        -      0        -      0        -       277        0        -   -26.74
  28800.0   1569   391/402    5.41    5.49    ~0.24    ~1.30   1463   -25.64    106   -43.13      0        -      0        -      0        -       312        0        -   -26.82
  28900.0   1580   391/402    5.37    5.82    ~0.24    ~1.31   1460   -25.63    120   -42.13      0        -      0        -      0        -       302        0        -   -26.88
  29000.0   1559   392/402    5.46    5.85    ~0.24    ~1.35   1420   -25.17    139   -42.48      0        -      0        -      0        -       276        0        -   -26.71
  29100.0   1572   396/402    5.46    5.65    ~0.24    ~1.28   1415   -24.89    157   -42.03      0        -      0        -      0        -       320        0        -   -26.60
  29200.0   1584   389/402    5.48    5.66    ~0.23    ~1.28   1417   -24.69    167   -42.72      0        -      0        -      0        -       307        0        -   -26.59
  29300.0   1588   391/402    5.63    5.70    ~0.23    ~1.33   1405   -24.59    183   -42.97      0        -      0        -      0        -       298        0        -   -26.71
  29400.0   1586   388/402    5.47    5.70    ~0.23    ~1.33   1384   -24.29    202   -43.28      0        -      0        -      0        -       287        0        -   -26.71
  29500.0   1580   388/402    5.31    5.72    ~0.23    ~1.38   1361   -24.14    219   -43.00      0        -      0        -      0        -       288        0        -   -26.75
  29600.0   1585   388/402    5.50    5.74    ~0.22    ~1.36   1345   -24.04    240   -43.14      0        -      0        -      0        -       274        0        -   -26.93
  29700.0   1577   391/402    5.46    5.71    ~0.24    ~1.35   1319   -24.48    258   -42.90      0        -      0        -      0        -       273        0        -   -27.50
  29800.0   1590   391/402    5.57    5.54    ~0.23    ~1.33   1308   -24.45    282   -42.95      0        -      0        -      0        -       293        0        -   -27.73
  29900.0   1597   390/402    5.61    5.76    ~0.23    ~1.35   1304   -24.25    293   -43.16      0        -      0        -      0        -       291        0        -   -27.72
  30000.0   1602   390/402    5.69    5.53    ~0.24    ~1.33   1299   -24.32    303   -42.89      0        -      0        -      0        -       289        0        -   -27.83

300 of 300 samples printed
