== r38-s1  (**Ended:** budget reached.)
  t	alive	cols	cols abs	x sd	p0	p1	p2	p3	absorpt	inherit	jnt inh	mean m/s	diverged	wraps	crowded	stillb	births	mat blk	mat short	audit	mat resid	det cv	mat cv	det deep	corpses
  1000	322	208/402	2/402	5.31	83	80	100	59	2	0	60	0.072	0	0	0	0	319	26429	0	0.0000%	0	1.221	0.388	0.4315	98
  2000	748	323/402	5/402	5.41	247	181	161	159	5	3	71	0.0875	0	0	0	0	768	82515	0	0.0000%	0	1.061	0.188	0.5476	121
  3000	1061	344/402	9/402	5.66	244	279	267	271	9	5	71	0.0681	0	0	0	1	1176	103903	0	0.0000%	0	0.59	0.094	1.2052	216
  4000	1332	382/402	16/402	5.83	256	352	381	343	17	13	59	0.0904	0	0	0	13	1632	104086	0	0.0000%	0	0.407	0.122	2.0806	307
  5000	1606	395/402	29/402	5.62	400	440	384	382	31	26	47	0.0686	0	0	0	30	2106	118065	0	0.0000%	0	0.253	0.098	2.8677	492
  6000	1686	398/402	53/402	5.73	408	434	444	400	56	51	36	0.0544	0	0	0	76	2340	124565	0	0.0000%	0	0.171	0.037	3.3845	545
  7000	1699	393/402	83/402	5.73	440	401	430	428	91	85	26	0.0921	0	0	0	127	2525	130039	0	0.0000%	0	0.103	0.063	4.1287	538
  8000	1693	390/402	123/402	5.52	440	431	429	393	146	140	22	0.0793	0	0	0	185	2778	126905	0	0.0000%	0	0.071	0.035	4.4475	599
  9000	1701	389/402	192/402	5.80	410	413	439	439	269	263	16	0.0748	0	0	0	236	3061	123344	0	0.0000%	0	0.084	0.018	4.1498	724
  10000	1704	392/402	243/402	5.67	419	426	425	434	407	401	14	0.0716	0	0	0	302	3333	121838	0	0.0000%	0	0.107	0.091	3.4557	815
  11000	1715	397/402	295/402	5.64	432	427	426	430	522	516	10	0.0798	0	0	0	366	3568	115407	0	0.0000%	0	0.14	0.083	2.742	771
  12000	1720	394/402	308/402	5.56	442	430	434	414	606	601	9	0.0894	0	0	0	430	3763	109173	0	0.0000%	0	0.157	0.038	1.9293	681
  13000	1698	398/402	330/402	5.54	414	446	432	406	691	686	6	0.0682	0	0	0	467	4011	93199	0	0.0000%	0	0.153	0.014	1.5672	679
  14000	1659	389/402	317/402	5.62	403	431	435	390	706	701	3	0.078	0	0	0	509	4328	74774	0	0.0000%	0	0.151	0.124	1.11	817
  15000	1635	396/402	315/402	5.53	425	444	369	397	619	616	1	0.0956	0	0	0	550	4678	48511	0	0.0000%	0	0.148	0.17	0.8714	999
  16000	1640	387/402	283/402	5.50	431	429	402	378	499	498	1	0.0788	0	0	0	575	5006	31938	0	0.0000%	0	0.122	0.104	0.7762	1049
  17000	1530	384/402	208/402	5.86	332	380	416	402	300	300	1	0.0703	0	0	0	607	5308	33938	0	0.0000%	0	0.097	0.279	0.803	1100
  18000	1556	390/402	85/402	5.44	386	415	377	378	97	97	1	0.086	0	0	0	631	5684	42948	0	0.0000%	0	0.133	0.278	0.8412	1081
  19000	1640	390/402	17/402	5.58	459	444	402	335	17	16	1	0.0785	0	0	0	668	5974	66315	0	0.0000%	0	0.174	0.188	0.9603	963
  20000	1667	390/402	6/402	5.73	393	424	442	408	6	5	1	0.0756	0	0	0	717	6153	92073	0	0.0000%	0	0.181	0.151	1.173	704
  21000	1658	394/402	5/402	5.49	473	408	396	381	5	4	1	0.0836	0	0	0	751	6317	104154	0	0.0000%	0	0.162	0.188	1.3789	524
  22000	1681	394/402	3/402	5.47	452	417	444	368	3	2	1	0.0813	0	0	0	779	6546	87462	0	0.0000%	0	0.101	0.127	1.5209	527
  23000	1666	391/402	2/402	5.70	376	446	419	425	2	1	0	0.088	0	0	0	833	6801	94550	0	0.0000%	0	0.073	0.188	1.9092	644
  24000	1672	390/402	1/402	5.58	402	454	403	413	1	0	0	0.0671	0	0	0	886	7100	94759	0	0.0000%	0	0.074	0.131	2.1799	761
  25000	1684	391/402	2/402	5.59	419	413	416	436	2	0	0	0.0812	0	0	0	946	7375	96159	0	0.0000%	0	0.092	0.076	2.2215	821
  26000	1697	394/402	1/402	5.49	452	406	420	419	1	0	0	0.0967	0	0	0	996	7642	89989	0	0.0000%	0	0.114	0.081	2.4171	805
  27000	1690	390/402	1/402	5.49	457	442	415	376	1	0	0	0.0731	0	0	0	1051	7928	88681	0	0.0000%	0	0.11	0.097	2.4958	807
  28000	1625	392/402	2/402	5.66	356	418	448	403	2	0	0	0.077	0	0	0	1091	8276	80296	0	0.0000%	0	0.109	0.249	3.0416	951
  29000	1645	391/402	4/402	5.81	392	403	398	452	4	0	0	0.0815	0	0	0	1124	8573	83751	0	0.0000%	0	0.118	0.19	3.2279	977
  30000	1597	397/402	6/402	5.58	440	383	360	414	6	2	0	0.0869	0	0	0	1146	8838	83206	0	0.0000%	0	0.138	0.264	3.0498	994
== r38-s2  (**Ended:** budget reached.)
  t	alive	cols	cols abs	x sd	p0	p1	p2	p3	absorpt	inherit	jnt inh	mean m/s	diverged	wraps	crowded	stillb	births	mat blk	mat short	audit	mat resid	det cv	mat cv	det deep	corpses
  1000	297	195/402	0/402	5.90	46	82	89	80	0	0	67	0.0614	0	0	0	0	293	29926	0	0.0000%	0	1.311	0.373	0.2345	91
  2000	684	299/402	1/402	6.24	91	172	230	191	1	0	88	0.0863	0	0	0	0	718	66707	0	0.0000%	0	0.808	0.204	0.4089	129
  3000	951	362/402	2/402	5.44	237	248	247	219	2	1	81	0.0688	0	0	0	2	1191	71669	0	0.0000%	0	0.48	0.184	1.1067	335
  4000	1212	379/402	5/402	5.65	348	296	315	253	5	3	68	0.0956	0	0	0	4	1714	92310	0	0.0000%	0	0.326	0.229	2.0748	510
  5000	1487	393/402	15/402	5.67	353	356	392	386	16	13	61	0.0962	0	0	0	7	2231	103794	0	0.0000%	0	0.231	0.124	2.6136	723
  6000	1576	393/402	23/402	5.41	455	384	370	367	25	22	53	0.0796	0	0	0	17	2536	115031	0	0.0000%	0	0.15	0.092	3.7766	748
  7000	1577	393/402	48/402	5.58	400	411	387	379	58	54	60	0.0787	0	0	0	31	2886	111895	0	0.0000%	0	0.093	0.1	4.785	830
  8000	1571	388/402	143/402	5.71	330	414	450	377	171	166	78	0.079	0	0	0	51	3305	114718	0	0.0000%	0	0.119	0.06	4.4557	1012
  9000	1594	390/402	213/402	5.51	452	387	391	364	316	311	72	0.0788	0	0	0	73	3647	132122	0	0.0000%	0	0.248	0.069	3.7654	1105
  10000	1612	394/402	278/402	5.70	414	399	436	363	456	452	61	0.0575	0	0	0	96	3954	129928	0	0.0000%	0	0.375	0.036	1.6251	1045
  11000	1613	397/402	299/402	5.60	432	404	366	411	557	553	48	0.0743	0	0	0	121	4242	118861	0	0.0000%	0	0.469	0.031	1.0542	894
  12000	1595	392/402	303/402	5.60	418	441	396	340	592	590	37	0.0888	0	0	0	133	4572	110267	0	0.0000%	0	0.437	0.089	0.8004	931
  13000	1529	392/402	268/402	5.61	376	426	388	339	483	479	28	0.0906	0	0	0	142	5062	95294	0	0.0000%	0	0.305	0.217	0.6484	1190
  14000	1551	394/402	218/402	5.64	373	431	366	381	315	311	13	0.0756	0	0	0	158	5659	81750	0	0.0000%	0	0.136	0.168	0.7098	1479
  15000	1569	391/402	122/402	5.66	392	381	412	384	146	141	8	0.1127	0	0	0	172	6093	81208	0	0.0000%	0	0.147	0.096	0.8149	1547
  16000	1566	394/402	50/402	5.49	434	395	394	343	56	53	4	0.0827	0	0	0	183	6497	87383	0	0.0000%	0	0.173	0.112	0.9104	1403
  17000	1564	391/402	22/402	5.55	430	426	354	354	24	22	2	0.0779	0	0	0	194	6972	88507	0	0.0000%	0	0.164	0.088	1.1644	1299
  18000	1537	390/402	10/402	5.55	352	374	412	399	10	8	2	0.0695	0	0	0	210	7455	89524	0	0.0000%	0	0.152	0.286	1.4336	1397
  19000	1565	389/402	5/402	5.75	319	411	450	385	5	4	2	0.082	0	0	0	219	7898	82989	0	0.0000%	0	0.126	0.198	1.8259	1400
  20000	1532	382/402	1/402	5.35	426	411	361	334	1	1	2	0.0825	0	0	0	228	8256	93520	0	0.0000%	0	0.103	0.31	1.9608	1309
  21000	1572	393/402	1/402	5.50	401	412	399	360	1	1	2	0.0769	0	0	0	234	8588	79121	0	0.0000%	0	0.087	0.239	2.5569	1095
  22000	1583	391/402	1/402	5.72	372	436	380	395	1	1	1	0.0744	0	0	0	250	8943	91639	0	0.0000%	0	0.077	0.155	2.7638	1029
  23000	1559	387/402	0/402	5.41	438	432	355	334	0	0	1	0.1115	0	0	0	257	9352	106824	0	0.0000%	0	0.08	0.199	2.8333	1065
  24000	1594	388/402	1/402	5.65	392	444	404	354	1	0	1	0.0913	0	0	0	272	9746	110975	0	0.0000%	0	0.099	0.117	3.3551	1130
  25000	1631	398/402	1/402	5.58	434	404	396	397	1	0	0	0.0826	0	0	0	279	10030	124544	0	0.0000%	0	0.113	0.062	3.6013	1038
  26000	1607	393/402	1/402	5.68	385	420	431	371	1	0	0	0.0987	0	0	0	285	10347	125742	0	0.0000%	0	0.107	0.114	4.3923	945
  27000	1582	390/402	2/402	5.75	339	405	417	421	2	0	0	0.0707	0	0	0	295	10866	115026	0	0.0000%	0	0.095	0.086	4.7404	1126
  28000	1563	388/402	22/402	5.34	452	379	389	343	22	19	0	0.0622	0	0	0	306	11512	108348	0	0.0000%	0	0.093	0.192	4.2739	1544
  29000	1559	392/402	112/402	5.46	373	393	405	388	139	136	0	0.073	0	0	0	308	12009	98227	0	0.0000%	0	0.094	0.082	4.2588	1707
  30000	1602	392/402	211/402	5.69	403	389	417	393	303	300	0	0.0744	0	0	0	317	12393	108004	0	0.0000%	0	0.123	0.039	3.2763	1500
== r38-s3  (**Ended:** budget reached.)
  t	alive	cols	cols abs	x sd	p0	p1	p2	p3	absorpt	inherit	jnt inh	mean m/s	diverged	wraps	crowded	stillb	births	mat blk	mat short	audit	mat resid	det cv	mat cv	det deep	corpses
  1000	286	205/402	0/402	5.71	94	53	68	71	0	0	149	0.0728	0	0	0	0	363	25399	0	0.0000%	0	1.089	0.39	0.2569	155
  2000	648	307/402	0/402	6.14	89	165	194	200	0	0	219	0.0537	0	0	0	0	877	73187	0	0.0000%	0	0.824	0.252	0.9908	307
  3000	905	361/402	0/402	5.18	315	222	186	182	0	0	205	0.0613	0	0	0	1	1450	96535	0	0.0000%	0	0.58	0.149	2.864	623
  4000	1112	363/402	0/402	5.65	281	333	250	248	0	0	200	0.0695	0	0	0	5	2068	113528	0	0.0000%	0	0.445	0.257	2.4938	943
  5000	1339	376/402	0/402	5.85	256	333	393	357	0	0	174	0.0719	0	0	0	10	2731	129621	0	0.0000%	0	0.34	0.178	3.9969	1191
  6000	1410	389/402	0/402	5.52	353	355	369	333	0	0	149	0.0807	0	0	0	17	3354	133322	0	0.0000%	0	0.282	0.241	4.7987	1439
  7000	1460	389/402	0/402	5.77	319	335	415	391	0	0	136	0.0783	0	0	0	21	4000	135036	0	0.0000%	0	0.176	0.152	6.4372	1612
  8000	1491	396/402	0/402	5.58	379	368	387	357	0	0	98	0.084	0	0	0	28	4775	134241	0	0.0000%	0	0.093	0.112	7.7835	1907
  9000	1454	381/402	10/402	5.50	372	365	374	343	10	8	89	0.083	0	0	0	36	5567	136354	0	0.0000%	0	0.075	0.198	7.6702	2188
  10000	1546	384/402	35/402	5.71	356	392	401	397	35	31	81	0.0745	0	0	0	48	6018	148364	0	0.0000%	0	0.096	0.069	7.1394	1941
  11000	1593	391/402	36/402	5.50	415	434	411	333	37	33	72	0.073	0	0	0	57	6351	156770	0	0.0000%	0	0.099	0.083	5.8356	1479
  12000	1570	394/402	35/402	5.60	372	390	418	390	37	33	64	0.0938	0	0	0	67	6726	154861	0	0.0000%	0	0.096	0.079	6.372	1069
  13000	1561	387/402	36/402	5.81	317	400	435	409	37	33	52	0.0768	0	0	0	78	7344	143098	0	0.0000%	0	0.077	0.076	6.3362	1313
  14000	1488	391/402	62/402	5.78	384	369	365	370	67	61	49	0.0705	0	0	0	86	8246	124510	0	0.0000%	0	0.106	0.159	5.2115	2000
  15000	1463	383/402	100/402	5.64	383	375	369	336	118	111	44	0.0667	0	0	0	98	8972	119454	0	0.0000%	0	0.163	0.094	3.3056	2355
  16000	1485	391/402	141/402	5.66	334	353	405	393	186	179	39	0.0807	0	0	0	106	9560	104145	0	0.0000%	0	0.247	0.058	2.1341	2291
  17000	1452	397/402	184/402	5.58	371	362	360	359	274	267	33	0.0709	0	0	0	111	10045	99122	0	0.0000%	0	0.397	0.056	0.9177	1835
  18000	1446	392/402	195/402	5.64	363	384	363	336	258	252	31	0.0608	0	0	0	115	10637	98081	0	0.0000%	0	0.377	0.152	0.6518	1674
  19000	1475	388/402	96/402	5.67	377	351	407	340	104	100	9	0.1007	0	0	0	119	11317	90418	0	0.0000%	0	0.243	0.299	0.703	1768
  20000	1557	397/402	26/402	5.71	370	376	432	379	28	25	5	0.0908	0	0	0	125	11778	106218	0	0.0000%	0	0.234	0.086	0.8638	1635
  21000	1602	387/402	13/402	5.82	355	399	409	439	13	10	1	0.0727	0	0	0	134	12079	124920	0	0.0000%	0	0.227	0.055	1.0806	1315
  22000	1584	392/402	10/402	5.43	435	364	378	407	10	6	1	0.084	0	0	0	144	12520	123838	0	0.0000%	0	0.194	0.051	1.5665	1109
  23000	1585	392/402	9/402	5.63	393	391	367	434	9	5	1	0.0804	0	0	0	150	13001	116590	0	0.0000%	0	0.153	0.145	1.6293	1204
  24000	1551	391/402	7/402	5.75	319	380	426	426	7	4	0	0.0834	0	0	0	164	13566	99935	0	0.0000%	0	0.121	0.219	2.1494	1536
  25000	1553	392/402	3/402	5.58	402	404	373	374	3	0	0	0.0554	0	0	0	172	14075	90431	0	0.0000%	0	0.095	0.205	2.3718	1579
  26000	1511	392/402	4/402	5.69	426	309	391	385	5	0	0	0.0814	0	0	0	175	14481	95954	0	0.0000%	0	0.087	0.324	2.6751	1551
  27000	1586	390/402	6/402	5.78	337	392	392	465	6	1	0	0.0883	0	0	0	179	14867	95526	0	0.0000%	0	0.086	0.148	3.3513	1258
  28000	1560	394/402	7/402	5.63	394	405	398	363	7	2	0	0.0759	0	0	0	189	15230	108201	0	0.0000%	0	0.083	0.247	3.1683	1150
  29000	1602	397/402	9/402	5.56	436	375	379	412	10	5	0	0.0759	0	0	0	205	15649	115215	0	0.0000%	0	0.092	0.111	3.5398	1069
  30000	1641	396/402	15/402	5.73	372	397	465	407	15	11	0	0.1048	0	0	0	214	16011	122140	0	0.0000%	0	0.117	0.074	4.2889	1082
== r38-s4  (**Ended:** budget reached.)
  t	alive	cols	cols abs	x sd	p0	p1	p2	p3	absorpt	inherit	jnt inh	mean m/s	diverged	wraps	crowded	stillb	births	mat blk	mat short	audit	mat resid	det cv	mat cv	det deep	corpses
  1000	587	292/402	1/402	5.54	123	169	161	134	1	0	169	0.0461	0	0	0	0	589	65765	0	0.0000%	0	1.536	0.406	0.1334	63
  2000	972	347/402	1/402	5.06	322	235	218	197	1	0	191	0.0814	0	0	0	1	1003	121079	0	0.0000%	0	1.122	0.175	0.41	92
  3000	1209	373/402	1/402	5.90	246	258	360	345	1	0	179	0.0583	0	0	0	8	1328	138274	0	0.0000%	0	0.679	0.061	0.7336	180
  4000	1431	380/402	0/402	5.57	374	348	345	364	0	0	175	0.0727	0	0	0	19	1714	140867	0	0.0000%	0	0.42	0.122	1.8042	283
  5000	1610	388/402	0/402	5.43	437	380	399	394	0	0	166	0.0924	0	0	0	51	2165	150505	0	0.0000%	0	0.298	0.102	3.0687	528
  6000	1674	385/402	0/402	5.88	350	402	447	475	0	0	151	0.0746	0	0	0	98	2500	152894	0	0.0000%	0	0.174	0.049	4.0028	712
  7000	1673	391/402	0/402	5.60	458	422	374	419	0	0	136	0.0779	1	0	0	161	2819	143220	0	0.0000%	0	0.086	0.037	5.6666	873
  8000	1655	396/402	2/402	5.57	447	418	395	395	2	0	119	0.0821	2	0	0	230	3176	123278	0	0.0000%	0	0.066	0.108	6.1505	978
  9000	1577	389/402	7/402	5.67	374	406	396	401	7	5	102	0.0847	2	0	0	286	3711	104782	0	0.0000%	0	0.073	0.134	7.1185	1313
  10000	1553	389/402	41/402	5.66	391	380	403	379	46	43	80	0.072	2	0	0	331	4259	96512	0	0.0000%	0	0.093	0.228	6.8271	1566
  11000	1625	392/402	161/402	5.69	407	393	388	437	205	202	66	0.0684	2	0	0	396	4608	105635	0	0.0000%	0	0.087	0.047	5.0801	1469
  12000	1641	391/402	235/402	5.61	422	440	372	407	361	358	55	0.0809	2	0	0	462	4857	113626	0	0.0000%	0	0.098	0.018	5.2599	1100
  13000	1671	394/402	283/402	5.70	384	446	439	402	498	495	41	0.0797	2	0	0	504	5080	135123	0	0.0000%	0	0.118	0.05	3.5162	712
  14000	1699	394/402	310/402	5.60	395	454	456	394	600	597	35	0.0605	2	0	0	572	5256	137948	0	0.0000%	0	0.129	0.023	2.4588	575
  15000	1716	391/402	325/402	5.64	419	450	434	413	672	670	33	0.0868	2	0	0	638	5417	132801	0	0.0000%	0	0.17	0.024	1.3964	488
  16000	1717	393/402	329/402	5.58	450	411	429	427	699	698	26	0.0792	2	0	0	681	5631	111324	0	0.0000%	0	0.171	0.023	0.8387	505
  17000	1685	399/402	321/402	5.71	392	410	446	437	663	662	22	0.0762	2	0	0	728	5903	94087	0	0.0000%	0	0.134	0.132	0.7341	658
  18000	1553	393/402	277/402	5.64	415	397	391	350	499	498	19	0.0776	2	0	0	765	6449	68007	0	0.0000%	0	0.13	0.131	0.5717	1188
  19000	1447	385/402	151/402	5.66	370	363	376	338	207	207	11	0.0763	2	0	0	785	6981	49657	0	0.0000%	0	0.125	0.358	0.6037	1617
  20000	1578	381/402	72/402	5.97	302	357	450	469	81	81	6	0.088	2	0	0	807	7416	60483	0	0.0000%	0	0.221	0.245	0.7081	1618
  21000	1627	391/402	38/402	5.46	436	412	418	361	39	39	6	0.0714	2	0	0	852	7675	79398	0	0.0000%	0	0.222	0.146	0.8106	1148
  22000	1642	395/402	23/402	5.66	380	426	439	397	23	23	5	0.0664	2	0	0	900	7911	85606	0	0.0000%	0	0.154	0.125	0.9651	729
  23000	1687	394/402	13/402	5.62	432	434	409	412	13	13	4	0.0997	2	0	0	970	8144	93097	0	0.0000%	0	0.112	0.055	1.1895	615
  24000	1687	394/402	8/402	5.59	449	404	405	429	8	8	4	0.0828	2	0	0	1033	8386	107463	0	0.0000%	0	0.098	0.082	1.3601	645
  25000	1691	401/402	4/402	5.80	381	406	462	442	4	4	2	0.072	2	0	0	1089	8625	109385	0	0.0000%	0	0.085	0.052	1.7095	662
  26000	1699	397/402	2/402	5.58	487	420	379	413	2	2	2	0.1004	2	0	0	1151	8892	108592	0	0.0000%	0	0.089	0.054	1.8511	733
  27000	1664	394/402	2/402	5.57	452	412	400	400	2	2	2	0.0797	2	0	0	1201	9236	94994	0	0.0000%	0	0.101	0.047	2.1152	870
  28000	1618	393/402	2/402	5.84	337	387	462	432	2	2	2	0.079	2	0	0	1244	9642	72846	0	0.0000%	0	0.096	0.216	2.5428	1088
  29000	1604	395/402	2/402	5.58	431	397	411	365	2	2	1	0.0661	2	0	0	1261	9928	80230	0	0.0000%	0	0.093	0.285	2.4033	1127
  30000	1642	392/402	2/402	5.43	464	420	382	376	2	2	1	0.0754	2	0	0	1294	10217	74372	0	0.0000%	0	0.098	0.195	2.5167	999
== r38-s5  (**Ended:** budget reached.)
  t	alive	cols	cols abs	x sd	p0	p1	p2	p3	absorpt	inherit	jnt inh	mean m/s	diverged	wraps	crowded	stillb	births	mat blk	mat short	audit	mat resid	det cv	mat cv	det deep	corpses
  1000	234	170/402	1/402	5.37	73	72	47	42	1	0	131	0.0708	0	0	0	0	271	24941	0	0.0000%	0	0.966	0.413	0.3188	107
  2000	429	256/402	2/402	5.54	109	108	103	109	2	1	129	0.0686	0	0	0	0	669	39374	0	0.0000%	0	0.677	0.267	0.672	310
  3000	744	327/402	7/402	5.96	137	187	224	196	7	6	137	0.0548	0	0	0	2	1223	67333	0	0.0000%	0	0.574	0.264	1.4343	549
  4000	1131	377/402	24/402	5.63	280	286	279	286	25	22	152	0.0724	0	0	0	3	1818	104760	0	0.0000%	0	0.5	0.266	2.431	684
  5000	1425	376/402	45/402	5.80	262	335	400	428	46	43	115	0.0669	0	0	0	12	2399	152322	0	0.0000%	0	0.335	0.158	3.089	783
  6000	1572	390/402	84/402	5.64	370	395	412	395	94	91	87	0.086	0	0	0	33	2796	154520	0	0.0000%	0	0.21	0.077	4.1405	793
  7000	1657	391/402	142/402	5.63	430	408	382	437	185	182	74	0.077	0	0	0	59	3128	161457	0	0.0000%	0	0.146	0.027	4.0777	815
  8000	1705	391/402	181/402	5.79	382	397	472	454	249	246	63	0.0758	1	0	0	102	3345	171815	0	0.0000%	0	0.103	0.018	4.1631	685
  9000	1732	391/402	209/402	5.70	480	391	424	437	304	301	60	0.0654	2	0	0	145	3493	172048	0	0.0000%	0	0.082	0.01	3.9245	553
  10000	1729	396/402	225/402	5.80	373	421	439	496	353	350	52	0.0808	3	0	0	197	3672	168420	0	0.0000%	0	0.071	0.012	3.8043	482
  11000	1726	396/402	247/402	5.80	341	435	461	489	409	406	49	0.0805	3	0	0	244	3876	159551	0	0.0000%	0	0.063	0.022	3.5011	516
  12000	1707	395/402	261/402	5.63	399	406	483	419	477	474	42	0.0612	4	0	0	304	4165	144543	0	0.0000%	0	0.055	0.027	2.9075	696
  13000	1703	393/402	293/402	5.71	401	391	453	458	558	557	37	0.0732	4	0	0	343	4479	124911	0	0.0000%	0	0.06	0.053	2.3589	833
  14000	1680	398/402	318/402	5.57	444	406	432	398	644	643	35	0.0801	4	0	0	393	4801	106603	0	0.0000%	0	0.071	0.077	1.9804	968
  15000	1663	394/402	332/402	5.69	433	399	434	397	674	673	28	0.0714	4	0	0	437	5138	84517	0	0.0000%	0	0.086	0.055	1.5199	1015
  16000	1619	395/402	309/402	5.78	373	430	396	420	598	597	25	0.0785	4	0	0	476	5542	69856	0	0.0000%	0	0.099	0.211	1.1641	1142
  17000	1628	390/402	280/402	5.70	388	401	416	423	511	510	20	0.0833	4	0	0	503	5926	57233	0	0.0000%	0	0.085	0.162	1.0294	1173
  18000	1656	392/402	262/402	5.74	399	425	416	416	420	420	16	0.0876	4	0	0	524	6300	53314	0	0.0000%	0	0.083	0.11	1.002	1160
  19000	1623	388/402	210/402	5.63	352	401	423	447	321	320	10	0.0721	4	0	0	552	6543	60113	0	0.0000%	0	0.09	0.164	1.0132	991
  20000	1553	390/402	33/402	5.62	396	366	371	420	33	32	14	0.068	4	0	0	574	6994	58398	0	0.0000%	0	0.105	0.255	1.0607	1139
  21000	1630	390/402	9/402	5.42	458	406	395	371	9	8	12	0.082	4	0	0	611	7289	73716	0	0.0000%	0	0.119	0.211	1.179	1014
  22000	1619	394/402	5/402	5.75	347	408	447	417	5	4	10	0.0751	4	0	0	639	7537	105132	0	0.0000%	0	0.121	0.213	1.6196	996
  23000	1621	392/402	0/402	5.83	412	408	414	387	0	0	9	0.0712	6	0	0	669	7776	97121	0	0.0000%	0	0.114	0.221	1.6491	711
  24000	1633	391/402	0/402	5.69	383	373	414	463	0	0	14	0.0908	7	0	0	689	8042	107282	0	0.0000%	0	0.088	0.219	1.8438	749
  25000	1653	387/402	2/402	5.95	371	411	424	447	2	1	13	0.0872	7	0	0	720	8339	90792	0	0.0000%	0	0.076	0.179	2.256	765
  26000	1668	391/402	2/402	5.57	423	417	418	410	2	1	11	0.0764	7	0	0	752	8627	99662	0	0.0000%	0	0.071	0.085	2.2548	803
  27000	1663	397/402	2/402	5.59	405	434	404	420	2	1	12	0.0754	7	0	0	788	8935	102676	0	0.0000%	0	0.092	0.122	2.366	861
  28000	1693	398/402	3/402	5.50	462	454	374	403	3	1	12	0.0745	8	0	0	838	9182	96694	0	0.0000%	0	0.119	0.076	2.5948	801
  29000	1668	396/402	4/402	5.72	428	402	388	450	4	1	12	0.0818	8	0	0	869	9471	95717	0	0.0000%	0	0.119	0.061	2.9581	840
  30000	1633	391/402	7/402	5.77	341	408	439	445	7	4	15	0.0661	8	0	0	904	9850	87724	0	0.0000%	0	0.114	0.208	3.4284	939
